       0.1000000000000000   6.1018888166590011E+02   4.9168670211927007E-05
       0.2000000000000000   4.8046633492759258E+02   1.1206980734621176E-04
       0.3000000000000000   4.1147754803838080E+02   1.9308493240771280E-04
       0.4000000000000000   3.6487999201213984E+02   2.9022990858915999E-04
       0.5000000000000000   3.2813373198196240E+02   4.0659615221639331E-04
       0.6000000000000000   2.9799341318731263E+02   5.4276772077015015E-04
       0.7000000000000000   2.7276924425775030E+02   6.9906214985780398E-04
       0.7999999999999999   2.5137221524526691E+02   8.7548343605458787E-04
       0.8999999999999999   2.3308382171935943E+02   1.0715113506981489E-03
       0.9999999999999999   2.1726118711785833E+02   1.2871957825881743E-03
       2.0000000000000000   1.3149035357271893E+02   4.4141744510148972E-03
       3.0000000000000000   9.7008034046246806E+01   9.0429042579660834E-03
       4.0000000000000000   7.8416823814212378E+01   1.4917468815258779E-02
       5.0000000000000000   6.6680745226825550E+01   2.1879641439664404E-02
       6.0000000000000000   5.8520497475951636E+01   2.9827392566170296E-02
       7.0000000000000000   5.2469478419565689E+01   3.8689290975584108E-02
       8.0000000000000000   4.7769772647068507E+01   4.8417124206892870E-02
       9.0000000000000000   4.3990200724249917E+01   5.8978979133507803E-02
      10.0000000000000000   4.0866359505676854E+01   7.0356392337102780E-02
      11.0000000000000000   3.8227414077595100E+01   8.2540916255839883E-02
      12.0000000000000000   3.5957617262860666E+01   9.5532192537506971E-02
      13.0000000000000000   3.3975840025548834E+01   1.0933749521626318E-01
      14.0000000000000000   3.2223006363155889E+01   1.2397178610895201E-01
      15.0000000000000000   3.0655333671318459E+01   1.3945662796227484E-01
      16.0000000000000000   2.9239689979968212E+01   1.5581926375933103E-01
      17.0000000000000000   2.7950315377612682E+01   1.7309398777577251E-01
      18.0000000000000000   2.6767033916276581E+01   1.9132107089645942E-01
      19.0000000000000000   2.5673730904044159E+01   2.1054735906388938E-01
      20.0000000000000000   2.4657373454849314E+01   2.3082682769778318E-01
      21.0000000000000000   2.3707306704309957E+01   2.5222079210769627E-01
      22.0000000000000000   2.2814767480705125E+01   2.7479798984117737E-01
      23.0000000000000000   2.1972447706497139E+01   2.9863555790449353E-01
      24.0000000000000000   2.1174199784847964E+01   3.2382004124144981E-01
      25.0000000000000000   2.0414837591542064E+01   3.5044766432512153E-01
      26.0000000000000000   1.9689951083615977E+01   3.7862541611307043E-01
      27.0000000000000000   1.8995773076933531E+01   4.0847201614915241E-01
      28.0000000000000000   1.8329075935110382E+01   4.4011891944677972E-01
      29.0000000000000000   1.7687082887706687E+01   4.7371151660726202E-01
      30.0000000000000000   1.7067409476784178E+01   5.0941016737016154E-01
      31.0000000000000000   1.6468007309217427E+01   5.4739137391372106E-01
      32.0000000000000000   1.5887131075175152E+01   5.8784858291547026E-01
      33.0000000000000000   1.5323301885989133E+01   6.3099308248321706E-01
      34.0000000000000000   1.4775290407540599E+01   6.7705413052230257E-01
      35.0000000000000000   1.4242100614392823E+01   7.2627854842391393E-01
      36.0000000000000000   1.3722961415610248E+01   7.7892923556691329E-01
      37.0000000000000000   1.3217322702818477E+01   8.3528219393068237E-01
      38.0000000000000000   1.2724855278873969E+01   8.9562150796367479E-01
      39.0000000000000000   1.2245452726231450E+01   9.6023164940422256E-01
      40.0000000000000000   1.1779233841546180E+01   1.0293864327581832E+00
      41.0000000000000000   1.1326541026690370E+01   1.1033341445989984E+00
      41.9990000000000023   1.0888364301693802E+01   1.1821970725475381E+00
      42.0000000000000000   1.0887932965663319E+01   1.1822785651251724E+00
      42.0009999999999977   1.0887501644459926E+01   1.1823600628438566E+00
      43.0000000000000000   1.0464165788824157E+01   1.2663563680855960E+00
      44.0000000000000000   1.0056159157941511E+01   1.3556122117422134E+00
      44.9990000000000023   9.6653258895309477E+00   1.4498773281490061E+00
      45.0000000000000000   9.6649434179087130E+00   1.4499741832420425E+00
      45.0009999999999977   9.6645609641516117E+00   1.4500710432446486E+00
      46.0000000000000000   9.2915891367404839E+00   1.5492331044868666E+00
      47.0000000000000000   8.9371217481216441E+00   1.6530300697108269E+00
      48.0000000000000000   8.6024307097034516E+00   1.7608559776506956E+00
      49.0000000000000000   8.2881852079985343E+00   1.8720651912718862E+00
      50.0000000000000000   7.9947692428372186E+00   1.9859027850065543E+00
      51.0000000000000000   7.7222456507214474E+00   2.1015420250392518E+00
      52.0000000000000000   7.4703528960508088E+00   2.2181267281016277E+00
      53.0000000000000000   7.2385316317044248E+00   2.3348126497492832E+00
      54.0000000000000000   7.0259731887832189E+00   2.4508030189467456E+00
      55.0000000000000000   6.8316798656269864E+00   2.5653752376007763E+00
      56.0000000000000000   6.6545275778169755E+00   2.6778978132947580E+00
      57.0000000000000000   6.4933237530967700E+00   2.7878381004392954E+00
      58.0000000000000000   6.3468556481097478E+00   2.8947629803783590E+00
      59.0000000000000000   6.2139284289063985E+00   2.9983338874515804E+00
      60.0000000000000000   6.0933926622339554E+00   3.0982984143307837E+00
      61.0000000000000000   5.9841619684058553E+00   3.1944805023376874E+00
      62.0000000000000000   5.8852238069147598E+00   3.2867696280023986E+00
      63.0000000000000000   5.7956442000704982E+00   3.3751104293173917E+00
      64.0000000000000000   5.7145683877552074E+00   3.4594930214968160E+00
      65.0000000000000000   5.6412186803122024E+00   3.5399443081324482E+00
      66.0000000000000000   5.5748905244265190E+00   3.6165203880706209E+00
      67.0000000000000000   5.5149475468554652E+00   3.6893000524704833E+00
      67.9989999999999952   5.4608675219398508E+00   3.7583120382235302E+00
      68.0000000000000000   5.4608161170011371E+00   3.7583793044299365E+00
      68.0010000000000048   5.4607647173531939E+00   3.7584465670438640E+00
      69.0000000000000000   5.4119797960343572E+00   3.8238668015192085E+00
      70.0000000000000000   5.3679739174946830E+00   3.8858801088930095E+00
      71.0000000000000000   5.3283804407785764E+00   3.9445426511387636E+00
      72.0000000000000000   5.2928231677623572E+00   3.9999812566288795E+00
      73.0000000000000000   5.2609633545371528E+00   4.0523241994371331E+00
      74.0000000000000000   5.2324957289222320E+00   4.1016996547567066E+00
      75.0000000000000000   5.2071448911193068E+00   4.1482345061303070E+00
      76.0000000000000000   5.1846621475595231E+00   4.1920533789929184E+00
      77.0000000000000000   5.1648225700748798E+00   4.2332780093017792E+00
      78.0000000000000000   5.1474224925511791E+00   4.2720266891886576E+00
      79.0000000000000000   5.1322772314369889E+00   4.3084139155717258E+00
      80.0000000000000000   5.1192190744355672E+00   4.3425501472216892E+00
      81.0000000000000000   5.1080954971930215E+00   4.3745416568763993E+00
      82.0000000000000000   5.0987675824948839E+00   4.4044904585438864E+00
      83.0000000000000000   5.0911086191269206E+00   4.4324942937612661E+00
      84.0000000000000000   5.0850028579838975E+00   4.4586466637036475E+00
      85.0000000000000000   5.0803444092975285E+00   4.4830368963622513E+00
      86.0000000000000000   5.0770362623584750E+00   4.5057502402277425E+00
      87.0000000000000000   5.0749894121728065E+00   4.5268679791220041E+00
      88.0000000000000000   5.0741220915643392E+00   4.5464675527748861E+00
      89.0000000000000000   5.0743590681799340E+00   4.5646227033180393E+00
      90.0000000000000000   5.0756310354207104E+00   4.5814036111903498E+00
      91.0000000000000000   5.0778740596823893E+00   4.5968770424361747E+00
      92.0000000000000000   5.0810290873881447E+00   4.6111064952513905E+00
      93.0000000000000000   5.0850415034851437E+00   4.6241523457222629E+00
      94.0000000000000000   5.0898607354393306E+00   4.6360719914413977E+00
      95.0000000000000000   5.0954398975530824E+00   4.6469199920047384E+00
      96.0000000000000000   5.1017354710691034E+00   4.6567482056521614E+00
      97.0000000000000000   5.1087070160653756E+00   4.6656059215212666E+00
      98.0000000000000000   5.1163169114656517E+00   4.6735399871628891E+00
      99.0000000000000000   5.1245301210767327E+00   4.6805949310110631E+00
     100.0000000000000000   5.1333139803931767E+00   4.6868130798694949E+00
     103.9989999999999952   5.1735643825717466E+00   4.7040904244253809E+00
     104.0010000000000048   5.1735863886829065E+00   4.7040962673464293E+00
     110.0000000000000000   5.2467117269952670E+00   4.7109181958492838E+00
     120.0000000000000000   5.3932595740411609E+00   4.6852587786599518E+00
     130.0000000000000000   5.5606756871723535E+00   4.6291501875039147E+00
     140.0000000000000000   5.7417736214356205E+00   4.5546451520100026E+00
     150.0000000000000000   5.9242664537515370E+00   4.4897913738841932E+00
     153.9989999999999952   6.0077894663208831E+00   4.4436869222928239E+00
     154.0010000000000048   6.0078394348274218E+00   4.4436467231173626E+00
     160.0000000000000000   6.1253278816894836E+00   4.3932579985399798E+00
     167.9989999999999952   6.2853881539426855E+00   4.3224389290238774E+00
     168.0010000000000048   6.2854373890829232E+00   4.3224021077469112E+00
     169.9989999999999952   6.3273116980125605E+00   4.3012947099673537E+00
     170.0000000000000000   6.3273362697971125E+00   4.3012765458160152E+00
     170.0010000000000048   6.3273608400929255E+00   4.3012583840122476E+00
     180.0000000000000000   6.5299558593435734E+00   4.2137749137711813E+00
     190.0000000000000000   6.7392775212829052E+00   4.1173163682275309E+00
     200.0000000000000000   6.9480593642700930E+00   4.0266586663686335E+00
     210.0000000000000000   7.1562577477235880E+00   3.9413122848933151E+00
     220.0000000000000000   7.3638493657955344E+00   3.8608314875093548E+00
     230.0000000000000000   7.5708244337965773E+00   3.7848130973205327E+00
     231.9989999999999952   7.6172984109552546E+00   3.7597581845978376E+00
     232.0010000000000048   7.6173448807872415E+00   3.7597332961080370E+00
     233.9989999999999952   7.6585430906832919E+00   3.7453303102502700E+00
     234.0010000000000048   7.6585894848755407E+00   3.7453056912636371E+00
     236.9989999999999952   7.7178317685403730E+00   3.7290297605466209E+00
     237.0010000000000048   7.7178780392898920E+00   3.7290054983536240E+00
     240.0000000000000000   7.7821562719177813E+00   3.7029625832040169E+00
     250.0000000000000000   7.9924635538771058E+00   3.6258591217694023E+00
     260.0000000000000000   8.2017857164791810E+00   3.5530853283232107E+00
     270.0000000000000000   8.4101618919944858E+00   3.4842713659527305E+00
     280.0000000000000000   8.6220095401165349E+00   3.4108200383004736E+00
     290.0000000000000000   8.8284562514834999E+00   3.3493200839935784E+00
     300.0000000000000000   9.0382105758795213E+00   3.2832496767410806E+00
     310.0000000000000000   9.2428884609502884E+00   3.2279186442527097E+00
     320.0000000000000000   9.4507155677313488E+00   3.1681165584967292E+00
     330.0000000000000000   9.6575934329454665E+00   3.1112242671811097E+00
     340.0000000000000000   9.8635591346670246E+00   3.0570252026026923E+00
     350.0000000000000000   1.0068647796351007E+01   3.0053240843837070E+00
     360.0000000000000000   1.0272892664263553E+01   2.9559443667903298E+00
     370.0000000000000000   1.0479868015857711E+01   2.9027446025447010E+00
     380.0000000000000000   1.0682438963531222E+01   2.8577249062465109E+00
     390.0000000000000000   1.0884256852544324E+01   2.8145790956709167E+00
     398.9990000000000236   1.1067597133869045E+01   2.7734151566780949E+00
     399.0009999999999764   1.1067639304910552E+01   2.7734037414721713E+00
     400.0000000000000000   1.1088699747785650E+01   2.7677145048471719E+00
     410.0000000000000000   1.1289014417979752E+01   2.7281217034747565E+00
     415.9990000000000236   1.1411469549529521E+01   2.7009262167002768E+00
     416.0009999999999764   1.1411511421477183E+01   2.7009155156222042E+00
     420.0000000000000000   1.1491893704020569E+01   2.6848864406770803E+00
     430.0000000000000000   1.1694011244604898E+01   2.6433667467939181E+00
     440.0000000000000000   1.1892218282836078E+01   2.6083809166980676E+00
     450.0000000000000000   1.2092914929772475E+01   2.5698701731787370E+00
     460.0000000000000000   1.2292915616974899E+01   2.5327936177918358E+00
     470.0000000000000000   1.2492239939801896E+01   2.4970703809456500E+00
     480.0000000000000000   1.2690907479056779E+01   2.4626244342174983E+00
     490.0000000000000000   1.2885979022466422E+01   2.4337472827887083E+00
     500.0000000000000000   1.3083422863622014E+01   2.4015539703905495E+00
     510.0000000000000000   1.3280262511113671E+01   2.3704472635724732E+00
     510.9989999999999668   1.3300467665181760E+01   2.3665660682566529E+00
     511.0009999999999195   1.3300508109791831E+01   2.3665583121057820E+00
     520.0000000000000000   1.3476514149186444E+01   2.3403708645624750E+00
     530.0000000000000000   1.3675013057392761E+01   2.3072725487808934E+00
     540.0000000000000000   1.3870099987458570E+01   2.2791852797119883E+00
     550.0000000000000000   1.4064643255873042E+01   2.2519788926504227E+00
     560.0000000000000000   1.4258656398418234E+01   2.2256111283174360E+00
     570.0000000000000000   1.4452152479035115E+01   2.2000423476008955E+00
     580.0000000000000000   1.4647826402213850E+01   2.1716085376328951E+00
     590.0000000000000000   1.4840293434107913E+01   2.1475941857610059E+00
     600.0000000000000000   1.5032279165833398E+01   2.1242726537253969E+00
     610.0000000000000000   1.5223793974033038E+01   2.1016143519147072E+00
     620.0000000000000000   1.5417426310511933E+01   2.0762174535066928E+00
     630.0000000000000000   1.5608004231234098E+01   2.0548514931963227E+00
     640.0000000000000000   1.5800673678489023E+01   2.0308164068888637E+00
     650.0000000000000000   1.5990352133648610E+01   2.0106368971680868E+00
     660.0000000000000000   1.6182104488504990E+01   1.9878435467517992E+00
     670.0000000000000000   1.6370917498323632E+01   1.9687573955842239E+00
     680.0000000000000000   1.6561790047473469E+01   1.9471056180295028E+00
     690.0000000000000000   1.6749773121621640E+01   1.9290251277724546E+00
     700.0000000000000000   1.6939797660114181E+01   1.9084290782660109E+00
     710.0000000000000000   1.7126985173391162E+01   1.8912743430838415E+00
     720.0000000000000000   1.7316191284532756E+01   1.8716571995038280E+00
     730.0000000000000000   1.7502616385192304E+01   1.8553553405882000E+00
     740.0000000000000000   1.7691031099147491E+01   1.8366488151253768E+00
     750.0000000000000000   1.7879065485500380E+01   1.8183829028003067E+00
     760.0000000000000000   1.8064375214375140E+01   1.8032747610876854E+00
     770.0000000000000000   1.8251660846803990E+01   1.7858221601298603E+00
     780.0000000000000000   1.8438579060603139E+01   1.7687721547881381E+00
     790.0000000000000000   1.8622837740709112E+01   1.7547267672943787E+00
     800.0000000000000000   1.8809046680437636E+01   1.7384055704986958E+00
     810.0000000000000000   1.8994906370242884E+01   1.7224469564842626E+00
     820.0000000000000000   1.9180413793035250E+01   1.7068481409649015E+00
     830.0000000000000000   1.9363349818401655E+01   1.6940590907390534E+00
     840.0000000000000000   1.9548201924575960E+01   1.6790859774802871E+00
     850.0000000000000000   1.9732724197130381E+01   1.6644325397874185E+00
     860.0000000000000000   1.9916916855128314E+01   1.6500936004995490E+00
     870.0000000000000000   2.0100785167646453E+01   1.6360587198368692E+00
     880.0000000000000000   2.0284340015750036E+01   1.6223117792810315E+00
     890.0000000000000000   2.0465452392832368E+01   1.6111102303016034E+00
     900.0000000000000000   2.0648415105133591E+01   1.5978727889597455E+00
     910.0000000000000000   2.0831074751318877E+01   1.5849016226691546E+00
     920.0000000000000000   2.1013435178787592E+01   1.5721891814495619E+00
     930.0000000000000000   2.1195501237383269E+01   1.5597270539212265E+00
     940.0000000000000000   2.1377278816860020E+01   1.5475059779627827E+00
     950.0000000000000000   2.1558774164488412E+01   1.5355166028173242E+00
     960.0000000000000000   2.1739992505733746E+01   1.5237508697615865E+00
     970.0000000000000000   2.1920937618322775E+01   1.5122023694548166E+00
     980.0000000000000000   2.2101612469123992E+01   1.5008656521101595E+00
     990.0000000000000000   2.2282019923676458E+01   1.4897355011556817E+00
    1000.0000000000000000   2.2462163030879708E+01   1.4788066479603581E+00
    1100.0000000000000000   2.4249761386896555E+01   1.3794814829543005E+00
    1200.0000000000000000   2.6016173429385937E+01   1.2936006744268860E+00
    1300.0000000000000000   2.7763696012115787E+01   1.2182800181100393E+00
    1400.0000000000000000   2.9494240646348299E+01   1.1514014813809190E+00
    1500.0000000000000000   3.1207604345110351E+01   1.0927715141683885E+00
    1600.0000000000000000   3.2906884697325360E+01   1.0397252615745474E+00
    1700.0000000000000000   3.4590108477981850E+01   9.9355580890089579E-01
    1800.0000000000000000   3.6263145615687733E+01   9.4996747239343748E-01
    1843.9990000000000236   3.6994077680982514E+01   9.3296401197879864E-01
    1844.0009999999999764   3.6994110995053894E+01   9.3296315774458027E-01
    1900.0000000000000000   3.7922153658353317E+01   9.1163088944981574E-01
    2000.0000000000000000   3.9570872472100334E+01   8.7599050477716012E-01
    2100.0000000000000000   4.1208765440116672E+01   8.4343414354101176E-01
    2200.0000000000000000   4.2838064222891568E+01   8.1262281579823381E-01
    2300.0000000000000000   4.4455901102819773E+01   7.8530460299207350E-01
    2400.0000000000000000   4.6066230117561574E+01   7.5918197089125861E-01
    2475.9989999999997963   4.7284030400370817E+01   7.4073038056912344E-01
    2476.0010000000002037   4.7284062331192551E+01   7.4072992921593905E-01
    2500.0000000000000000   4.7667607175388696E+01   7.3512395127879748E-01
    2526.9989999999997963   4.8098498252989806E+01   7.2894124753074885E-01
    2527.0010000000002037   4.8098530208650239E+01   7.2894075941055780E-01
    2600.0000000000000000   4.9260815118457124E+01   7.1274294602819133E-01
    2631.9989999999997963   4.9769346140810029E+01   7.0570294199191130E-01
    2632.0010000000002037   4.9769378229185214E+01   7.0570234243455499E-01
    2700.0000000000000000   5.0846254609870797E+01   6.9186145671473809E-01
    2800.0000000000000000   5.2423794422537462E+01   6.7254955133812377E-01
    2871.9989999999997963   5.3556355268714086E+01   6.5882277941777989E-01
    2872.0010000000002037   5.3556386743391798E+01   6.5882237332572269E-01
    2900.0000000000000000   5.3995596104507861E+01   6.5377713076965471E-01
    3000.0000000000000000   5.5559458165746477E+01   6.3670057640503930E-01
    3100.0000000000000000   5.7118442382525053E+01   6.1986277876828033E-01
    3200.0000000000000000   5.8669862656398571E+01   6.0452481188746798E-01
    3300.0000000000000000   6.0216292164948776E+01   5.8961488236477655E-01
    3400.0000000000000000   6.1756674803680397E+01   5.7559694045203180E-01
    3500.0000000000000000   6.3290840942977766E+01   5.6255775058492108E-01
    3600.0000000000000000   6.4819818361146233E+01   5.5010200237598272E-01
    3700.0000000000000000   6.6344476041427612E+01   5.3793489630532410E-01
    3800.0000000000000000   6.7863903653520083E+01   5.2635848062659263E-01
    3900.0000000000000000   6.9377440666646024E+01   5.1575041026367263E-01
    4000.0000000000000000   7.0887027943194028E+01   5.0534700462600979E-01
    4100.0000000000000000   7.2392852094262466E+01   4.9509767153401441E-01
    4200.0000000000000000   7.3893355544605768E+01   4.8556893152201419E-01
    4300.0000000000000000   7.5388977436321738E+01   4.7670606969182061E-01
    4400.0000000000000000   7.6883431779839086E+01   4.6712811186137576E-01
    4500.0000000000000000   7.8370182961804318E+01   4.5918770701844430E-01
    4600.0000000000000000   7.9855205482309486E+01   4.5085369884081272E-01
    4700.0000000000000000   8.1333922497293401E+01   4.4355598431106785E-01
    4800.0000000000000000   8.2811529123783075E+01   4.3576061179907588E-01
    4900.0000000000000000   8.4285632554926835E+01   4.2820042952441967E-01
    5000.0000000000000000   8.5755685468743877E+01   4.2105348252971558E-01
    5100.0000000000000000   8.7221846353921151E+01   4.1428309656711937E-01
    5200.0000000000000000   8.8684197950002286E+01   4.0787681859150732E-01
    5300.0000000000000000   9.0142937716860772E+01   4.0178378976072449E-01
    5400.0000000000000000   9.1597603473094622E+01   3.9613946007505330E-01
    5500.0000000000000000   9.3052832328896315E+01   3.8962038352134459E-01
    5600.0000000000000000   9.4503165233159791E+01   3.8380961021448523E-01
    5700.0000000000000000   9.5947981604524955E+01   3.7882964313980266E-01
    5800.0000000000000000   9.7394322908481229E+01   3.7281828465736416E-01
    5900.0000000000000000   9.8832534083549561E+01   3.6841753843573383E-01
    6000.0000000000000000   1.0027363462193553E+02   3.6266946521661469E-01
    6100.0000000000000000   1.0171066094051865E+02   3.5738097333825863E-01
    6200.0000000000000000   1.0313893928919144E+02   3.5376801654834045E-01
    6300.0000000000000000   1.0457155319854836E+02   3.4852974773240453E-01
    6400.0000000000000000   1.0599968947310275E+02   3.4394521407138506E-01
    6500.0000000000000000   1.0742493584619706E+02   3.3942577131063517E-01
    6600.0000000000000000   1.0884889690142381E+02   3.3488696459410994E-01
    6700.0000000000000000   1.1026868532342046E+02   3.3076654725353699E-01
    6800.0000000000000000   1.1168666393425319E+02   3.2666428439418277E-01
    6900.0000000000000000   1.1310125325891802E+02   3.2292394077351622E-01
    7000.0000000000000000   1.1451339091320939E+02   3.1925795374310112E-01
    7100.0000000000000000   1.1592379180405099E+02   3.1560530279708471E-01
    7200.0000000000000000   1.1733043430581631E+02   3.1235871711335134E-01
    7300.0000000000000000   1.1873482560897111E+02   3.0915494593505943E-01
    7400.0000000000000000   1.2014415689471100E+02   3.0455490110062972E-01
    7500.0000000000000000   1.2154343019003036E+02   3.0164998847563912E-01
    7600.0000000000000000   1.2294201005640386E+02   2.9871989575790669E-01
    7700.0000000000000000   1.2434289174234340E+02   2.9469765437066858E-01
    7800.0000000000000000   1.2573630158050328E+02   2.9199075197743724E-01
    7900.0000000000000000   1.2712793932307606E+02   2.8944291836958436E-01
    8000.0000000000000000   1.2852187009264702E+02   2.8588021701633465E-01
    8100.0000000000000000   1.2990826491265619E+02   2.8351723107694532E-01
    8200.0000000000000000   1.3129939646613244E+02   2.8007673913900044E-01
    8300.0000000000000000   1.3268340713691072E+02   2.7764630684141473E-01
    8400.0000000000000000   1.3406905505252564E+02   2.7442636457322833E-01
    8500.0000000000000000   1.3545273281133632E+02   2.7134069068139710E-01
    8600.0000000000000000   1.3682862517411917E+02   2.6969016402057089E-01
    8700.0000000000000000   1.3821050703249659E+02   2.6658542737153551E-01
    8800.0000000000000000   1.3958963211238859E+02   2.6347686990416685E-01
    8900.0000000000000000   1.4095707911725339E+02   2.6238526320088806E-01
    9000.0000000000000000   1.4233439907607701E+02   2.5910796021584770E-01
    9100.0000000000000000   1.4370577760408290E+02   2.5681392777005618E-01
    9200.0000000000000000   1.4507882221615691E+02   2.5398040600228711E-01
    9300.0000000000000000   1.4644547150562599E+02   2.5210546220169516E-01
    9400.0000000000000000   1.4780805367296057E+02   2.5060409431786335E-01
    9500.0000000000000000   1.4917563622700857E+02   2.4787045630097654E-01
    9600.0000000000000000   1.5054017852888003E+02   2.4551153582558491E-01
    9700.0000000000000000   1.5190199238274027E+02   2.4333546249500462E-01
    9800.0000000000000000   1.5326110224973488E+02   2.4141616463228543E-01
    9900.0000000000000000   1.5461949218311668E+02   2.3940156533223725E-01
   10000.0000000000000000   1.5597687010159865E+02   2.3735267888570971E-01
   11000.0000000000000000   1.6947467755632010E+02   2.1848740075653422E-01
   12000.0000000000000000   1.8283240248532701E+02   2.0347142256742770E-01
   13000.0000000000000000   1.9607210204124266E+02   1.9034715317592593E-01
   14000.0000000000000000   2.0920805250141780E+02   1.7837689030810513E-01
   15000.0000000000000000   2.2223810507320161E+02   1.6838257383568297E-01
   16000.0000000000000000   2.3518358842708548E+02   1.5959004343258518E-01
   17000.0000000000000000   2.4803704698779640E+02   1.5155506856326340E-01
   18000.0000000000000000   2.6081195171292069E+02   1.4514843343121520E-01
   19000.0000000000000000   2.7352577678733616E+02   1.3755494471173291E-01
   20000.0000000000000000   2.8616475879349576E+02   1.3180560333674582E-01
   20005.9989999999997963   2.8624194535574316E+02   1.3160761549862884E-01
   20006.0010000000002037   2.8624197102458021E+02   1.3160756128184919E-01
   21000.0000000000000000   2.9872819328682459E+02   1.2744800161027708E-01
   22000.0000000000000000   3.1124948649428580E+02   1.2131458171763915E-01
   23000.0000000000000000   3.2369096642161043E+02   1.1655870645745732E-01
   24000.0000000000000000   3.3609743187490494E+02   1.1262833011187291E-01
   25000.0000000000000000   3.4843930929119631E+02   1.0956645498602716E-01
   26000.0000000000000000   3.6073927762210508E+02   1.0598549998221278E-01
   27000.0000000000000000   3.7299398957931663E+02   1.0174731598570755E-01
   28000.0000000000000000   3.8517536895384092E+02   9.9094800920525000E-02
   29000.0000000000000000   3.9734714069596771E+02   9.6643886413173133E-02
   30000.0000000000000000   4.0946607690071716E+02   9.2789224396624223E-02
   31000.0000000000000000   4.2156688204265697E+02   9.0307551835100322E-02
   32000.0000000000000000   4.3358861077558538E+02   8.7917145008799033E-02
   33000.0000000000000000   4.4555943066520666E+02   8.6793504140811509E-02
   34000.0000000000000000   4.5752405513148375E+02   8.4616373340436313E-02
   35000.0000000000000000   4.6947917543691221E+02   8.1209264548142798E-02
   36000.0000000000000000   4.8137502340834880E+02   8.0286948658677915E-02
   37000.0000000000000000   4.9327047239526144E+02   7.8734539012435795E-02
   38000.0000000000000000   5.0512824827180765E+02   7.5512524964872846E-02
   39000.0000000000000000   5.1689122903704947E+02   7.3905572857943219E-02
   40000.0000000000000000   5.2872993363715614E+02   7.2087690775662280E-02
   41000.0000000000000000   5.4043883615630796E+02   7.0380860490890207E-02
   42000.0000000000000000   5.5219003665741218E+02   6.9826984828629618E-02
   43000.0000000000000000   5.6383808046592867E+02   6.7728752101261960E-02
   44000.0000000000000000   5.7556389370489148E+02   6.6130074576994546E-02
   45000.0000000000000000   5.8721677993164872E+02   6.5277221022783924E-02
   46000.0000000000000000   5.9878520043638525E+02   6.3931358480060430E-02
   47000.0000000000000000   6.1035274062121607E+02   6.3537381843746882E-02
   48000.0000000000000000   6.2197155091540151E+02   6.1813332463317300E-02
   49000.0000000000000000   6.3352728126383181E+02   6.1319725184958603E-02
   50000.0000000000000000   6.4508855088627422E+02   5.9398421438692534E-02
