       0.1000000000000000   1.0000000000000000E+30   0.0000000000000000E+00
       0.2000000000000000   1.0000000000000000E+30   0.0000000000000000E+00
       0.3000000000000000   1.0000000000000000E+30   0.0000000000000000E+00
       0.4000000000000000   1.0000000000000000E+30   0.0000000000000000E+00
       0.5000000000000000   1.0000000000000000E+30   0.0000000000000000E+00
       0.6000000000000000   1.0000000000000000E+30   0.0000000000000000E+00
       0.7000000000000000   1.0000000000000000E+30   0.0000000000000000E+00
       0.7999999999999999   1.0000000000000000E+30   0.0000000000000000E+00
       0.8999999999999999   1.0000000000000000E+30   0.0000000000000000E+00
       0.9999999999999999   1.0000000000000000E+30   0.0000000000000000E+00
       2.0000000000000000   1.0000000000000000E+30   0.0000000000000000E+00
       3.0000000000000000   1.0000000000000000E+30   0.0000000000000000E+00
       4.0000000000000000   1.0000000000000000E+30   0.0000000000000000E+00
       5.0000000000000000   1.0000000000000000E+30   0.0000000000000000E+00
       6.0000000000000000   1.0000000000000000E+30   0.0000000000000000E+00
       7.0000000000000000   1.0000000000000000E+30   0.0000000000000000E+00
       8.0000000000000000   1.0000000000000000E+30   0.0000000000000000E+00
       9.0000000000000000   1.0000000000000000E+30   0.0000000000000000E+00
      10.0000000000000000   1.0000000000000000E+30   0.0000000000000000E+00
      11.0000000000000000   1.0000000000000000E+30   0.0000000000000000E+00
      12.0000000000000000   1.0000000000000000E+30   0.0000000000000000E+00
      13.0000000000000000   1.0000000000000000E+30   0.0000000000000000E+00
      14.0000000000000000   1.0000000000000000E+30   0.0000000000000000E+00
      15.0000000000000000   1.0000000000000000E+30   0.0000000000000000E+00
      16.0000000000000000   1.0000000000000000E+30   0.0000000000000000E+00
      17.0000000000000000   1.0000000000000000E+30   0.0000000000000000E+00
      18.0000000000000000   1.0000000000000000E+30   0.0000000000000000E+00
      19.0000000000000000   1.0000000000000000E+30   0.0000000000000000E+00
      20.0000000000000000   1.0000000000000000E+30   0.0000000000000000E+00
      21.0000000000000000   1.0000000000000000E+30   0.0000000000000000E+00
      22.0000000000000000   1.0000000000000000E+30   0.0000000000000000E+00
      23.0000000000000000   1.0000000000000000E+30   0.0000000000000000E+00
      24.0000000000000000   1.0000000000000000E+30   0.0000000000000000E+00
      25.0000000000000000   1.0000000000000000E+30   0.0000000000000000E+00
      26.0000000000000000   1.0000000000000000E+30   0.0000000000000000E+00
      27.0000000000000000   1.0000000000000000E+30   0.0000000000000000E+00
      28.0000000000000000   1.0000000000000000E+30   0.0000000000000000E+00
      29.0000000000000000   1.0000000000000000E+30   0.0000000000000000E+00
      30.0000000000000000   1.0000000000000000E+30   0.0000000000000000E+00
      31.0000000000000000   1.0000000000000000E+30   0.0000000000000000E+00
      32.0000000000000000   1.0000000000000000E+30   0.0000000000000000E+00
      33.0000000000000000   1.0000000000000000E+30   0.0000000000000000E+00
      34.0000000000000000   1.0000000000000000E+30   0.0000000000000000E+00
      35.0000000000000000   1.0000000000000000E+30   0.0000000000000000E+00
      36.0000000000000000   1.0000000000000000E+30   0.0000000000000000E+00
      37.0000000000000000   1.0000000000000000E+30   0.0000000000000000E+00
      38.0000000000000000   1.0000000000000000E+30   0.0000000000000000E+00
      39.0000000000000000   1.0000000000000000E+30   0.0000000000000000E+00
      40.0000000000000000   1.0000000000000000E+30   0.0000000000000000E+00
      41.0000000000000000   1.0000000000000000E+30   0.0000000000000000E+00
      41.9990000000000023   1.0000000000000000E+30   0.0000000000000000E+00
      42.0000000000000000   1.0000000000000000E+30   0.0000000000000000E+00
      42.0009999999999977   1.0000000000000000E+30   0.0000000000000000E+00
      43.0000000000000000   1.0000000000000000E+30   0.0000000000000000E+00
      44.0000000000000000   1.0000000000000000E+30   0.0000000000000000E+00
      44.9990000000000023   1.0000000000000000E+30   0.0000000000000000E+00
      45.0000000000000000   1.0000000000000000E+30   0.0000000000000000E+00
      45.0009999999999977   1.0000000000000000E+30   0.0000000000000000E+00
      46.0000000000000000   1.0000000000000000E+30   0.0000000000000000E+00
      47.0000000000000000   1.0000000000000000E+30   0.0000000000000000E+00
      48.0000000000000000   1.0000000000000000E+30   0.0000000000000000E+00
      49.0000000000000000   1.0000000000000000E+30   0.0000000000000000E+00
      50.0000000000000000   1.0000000000000000E+30   0.0000000000000000E+00
      51.0000000000000000   1.0000000000000000E+30   0.0000000000000000E+00
      52.0000000000000000   1.0000000000000000E+30   0.0000000000000000E+00
      53.0000000000000000   1.0000000000000000E+30   0.0000000000000000E+00
      54.0000000000000000   1.0000000000000000E+30   0.0000000000000000E+00
      55.0000000000000000   1.0000000000000000E+30   0.0000000000000000E+00
      56.0000000000000000   1.0000000000000000E+30   0.0000000000000000E+00
      57.0000000000000000   1.0000000000000000E+30   0.0000000000000000E+00
      58.0000000000000000   1.0000000000000000E+30   0.0000000000000000E+00
      59.0000000000000000   1.0000000000000000E+30   0.0000000000000000E+00
      60.0000000000000000   1.0000000000000000E+30   0.0000000000000000E+00
      61.0000000000000000   1.0000000000000000E+30   0.0000000000000000E+00
      62.0000000000000000   1.0000000000000000E+30   0.0000000000000000E+00
      63.0000000000000000   1.0000000000000000E+30   0.0000000000000000E+00
      64.0000000000000000   1.0000000000000000E+30   0.0000000000000000E+00
      65.0000000000000000   1.0000000000000000E+30   0.0000000000000000E+00
      66.0000000000000000   1.0000000000000000E+30   0.0000000000000000E+00
      67.0000000000000000   1.0000000000000000E+30   0.0000000000000000E+00
      67.9989999999999952   1.0000000000000000E+30   0.0000000000000000E+00
      68.0000000000000000   1.0000000000000000E+30   0.0000000000000000E+00
      68.0010000000000048   1.0000000000000000E+30   0.0000000000000000E+00
      69.0000000000000000   1.0000000000000000E+30   0.0000000000000000E+00
      70.0000000000000000   1.0000000000000000E+30   0.0000000000000000E+00
      71.0000000000000000   1.0000000000000000E+30   0.0000000000000000E+00
      72.0000000000000000   1.0000000000000000E+30   0.0000000000000000E+00
      73.0000000000000000   1.0000000000000000E+30   0.0000000000000000E+00
      74.0000000000000000   1.0000000000000000E+30   0.0000000000000000E+00
      75.0000000000000000   1.0000000000000000E+30   0.0000000000000000E+00
      76.0000000000000000   1.0000000000000000E+30   0.0000000000000000E+00
      77.0000000000000000   1.0000000000000000E+30   0.0000000000000000E+00
      78.0000000000000000   1.0000000000000000E+30   0.0000000000000000E+00
      79.0000000000000000   1.0000000000000000E+30   0.0000000000000000E+00
      80.0000000000000000   1.0000000000000000E+30   0.0000000000000000E+00
      81.0000000000000000   1.0000000000000000E+30   0.0000000000000000E+00
      82.0000000000000000   1.0000000000000000E+30   0.0000000000000000E+00
      83.0000000000000000   1.0000000000000000E+30   0.0000000000000000E+00
      84.0000000000000000   1.0000000000000000E+30   0.0000000000000000E+00
      85.0000000000000000   1.0000000000000000E+30   0.0000000000000000E+00
      86.0000000000000000   1.0000000000000000E+30   0.0000000000000000E+00
      87.0000000000000000   1.0000000000000000E+30   0.0000000000000000E+00
      88.0000000000000000   1.0000000000000000E+30   0.0000000000000000E+00
      89.0000000000000000   1.0000000000000000E+30   0.0000000000000000E+00
      90.0000000000000000   1.0000000000000000E+30   0.0000000000000000E+00
      91.0000000000000000   1.0000000000000000E+30   0.0000000000000000E+00
      92.0000000000000000   1.0000000000000000E+30   0.0000000000000000E+00
      93.0000000000000000   1.0000000000000000E+30   0.0000000000000000E+00
      94.0000000000000000   1.0000000000000000E+30   0.0000000000000000E+00
      95.0000000000000000   1.0000000000000000E+30   0.0000000000000000E+00
      96.0000000000000000   1.0000000000000000E+30   0.0000000000000000E+00
      97.0000000000000000   1.0000000000000000E+30   0.0000000000000000E+00
      98.0000000000000000   1.0000000000000000E+30   0.0000000000000000E+00
      99.0000000000000000   1.0000000000000000E+30   0.0000000000000000E+00
     100.0000000000000000   1.0000000000000000E+30   0.0000000000000000E+00
     103.9989999999999952   1.0000000000000000E+30   0.0000000000000000E+00
     104.0010000000000048   1.0000000000000000E+30   0.0000000000000000E+00
     110.0000000000000000   1.0000000000000000E+30   0.0000000000000000E+00
     120.0000000000000000   1.0000000000000000E+30   0.0000000000000000E+00
     130.0000000000000000   1.0000000000000000E+30   0.0000000000000000E+00
     140.0000000000000000   1.0000000000000000E+30   0.0000000000000000E+00
     150.0000000000000000   1.0000000000000000E+30   0.0000000000000000E+00
     153.9989999999999952   1.0000000000000000E+30   0.0000000000000000E+00
     154.0010000000000048   1.0000000000000000E+30   0.0000000000000000E+00
     160.0000000000000000   1.0000000000000000E+30   0.0000000000000000E+00
     167.9989999999999952   1.0000000000000000E+30   0.0000000000000000E+00
     168.0010000000000048   1.0000000000000000E+30   0.0000000000000000E+00
     169.9989999999999952   1.0000000000000000E+30   0.0000000000000000E+00
     170.0000000000000000   1.0000000000000000E+30   0.0000000000000000E+00
     170.0010000000000048   1.0000000000000000E+30   0.0000000000000000E+00
     180.0000000000000000   1.0000000000000000E+30   0.0000000000000000E+00
     190.0000000000000000   1.0000000000000000E+30   0.0000000000000000E+00
     200.0000000000000000   1.0000000000000000E+30   0.0000000000000000E+00
     210.0000000000000000   1.0000000000000000E+30   0.0000000000000000E+00
     220.0000000000000000   1.0000000000000000E+30   0.0000000000000000E+00
     230.0000000000000000   1.0000000000000000E+30   0.0000000000000000E+00
     231.9989999999999952   1.0000000000000000E+30   0.0000000000000000E+00
     232.0010000000000048   1.0000000000000000E+30   0.0000000000000000E+00
     233.9989999999999952   1.0000000000000000E+30   0.0000000000000000E+00
     234.0010000000000048   1.0000000000000000E+30   0.0000000000000000E+00
     236.9989999999999952   1.0000000000000000E+30   0.0000000000000000E+00
     237.0010000000000048   1.0000000000000000E+30   0.0000000000000000E+00
     240.0000000000000000   1.0000000000000000E+30   0.0000000000000000E+00
     250.0000000000000000   1.0000000000000000E+30   0.0000000000000000E+00
     260.0000000000000000   1.0000000000000000E+30   0.0000000000000000E+00
     270.0000000000000000   1.0000000000000000E+30   0.0000000000000000E+00
     280.0000000000000000   1.0000000000000000E+30   0.0000000000000000E+00
     290.0000000000000000   1.0000000000000000E+30   0.0000000000000000E+00
     300.0000000000000000   1.0000000000000000E+30   0.0000000000000000E+00
     310.0000000000000000   1.0000000000000000E+30   0.0000000000000000E+00
     320.0000000000000000   1.0000000000000000E+30   0.0000000000000000E+00
     330.0000000000000000   1.0000000000000000E+30   0.0000000000000000E+00
     340.0000000000000000   1.0000000000000000E+30   0.0000000000000000E+00
     350.0000000000000000   1.0000000000000000E+30   0.0000000000000000E+00
     360.0000000000000000   1.0000000000000000E+30   0.0000000000000000E+00
     370.0000000000000000   1.0000000000000000E+30   0.0000000000000000E+00
     380.0000000000000000   1.0000000000000000E+30   0.0000000000000000E+00
     390.0000000000000000   1.0000000000000000E+30   0.0000000000000000E+00
     398.9990000000000236   1.0000000000000000E+30   0.0000000000000000E+00
     399.0009999999999764   1.0000000000000000E+30   0.0000000000000000E+00
     400.0000000000000000   1.0000000000000000E+30   0.0000000000000000E+00
     410.0000000000000000   1.0000000000000000E+30   0.0000000000000000E+00
     415.9990000000000236   1.0000000000000000E+30   0.0000000000000000E+00
     416.0009999999999764   1.0000000000000000E+30   0.0000000000000000E+00
     420.0000000000000000   1.0000000000000000E+30   0.0000000000000000E+00
     430.0000000000000000   1.0000000000000000E+30   0.0000000000000000E+00
     440.0000000000000000   1.0000000000000000E+30   0.0000000000000000E+00
     450.0000000000000000   1.0000000000000000E+30   0.0000000000000000E+00
     460.0000000000000000   1.0000000000000000E+30   0.0000000000000000E+00
     470.0000000000000000   1.0000000000000000E+30   0.0000000000000000E+00
     480.0000000000000000   1.0000000000000000E+30   0.0000000000000000E+00
     490.0000000000000000   1.0000000000000000E+30   0.0000000000000000E+00
     500.0000000000000000   1.0000000000000000E+30   0.0000000000000000E+00
     510.0000000000000000   1.0000000000000000E+30   0.0000000000000000E+00
     510.9989999999999668   1.0000000000000000E+30   0.0000000000000000E+00
     511.0009999999999195   1.0000000000000000E+30   0.0000000000000000E+00
     520.0000000000000000   1.0000000000000000E+30   0.0000000000000000E+00
     530.0000000000000000   1.0000000000000000E+30   0.0000000000000000E+00
     540.0000000000000000   1.0000000000000000E+30   0.0000000000000000E+00
     550.0000000000000000   1.0000000000000000E+30   0.0000000000000000E+00
     560.0000000000000000   1.0000000000000000E+30   0.0000000000000000E+00
     570.0000000000000000   1.0000000000000000E+30   0.0000000000000000E+00
     580.0000000000000000   1.0000000000000000E+30   0.0000000000000000E+00
     590.0000000000000000   1.0000000000000000E+30   0.0000000000000000E+00
     600.0000000000000000   1.0000000000000000E+30   0.0000000000000000E+00
     610.0000000000000000   1.0000000000000000E+30   0.0000000000000000E+00
     620.0000000000000000   1.0000000000000000E+30   0.0000000000000000E+00
     630.0000000000000000   1.0000000000000000E+30   0.0000000000000000E+00
     640.0000000000000000   1.0000000000000000E+30   0.0000000000000000E+00
     650.0000000000000000   1.0000000000000000E+30   0.0000000000000000E+00
     660.0000000000000000   1.0000000000000000E+30   0.0000000000000000E+00
     670.0000000000000000   1.0000000000000000E+30   0.0000000000000000E+00
     680.0000000000000000   1.0000000000000000E+30   0.0000000000000000E+00
     690.0000000000000000   1.0000000000000000E+30   0.0000000000000000E+00
     700.0000000000000000   1.0000000000000000E+30   0.0000000000000000E+00
     710.0000000000000000   1.0000000000000000E+30   0.0000000000000000E+00
     720.0000000000000000   1.0000000000000000E+30   0.0000000000000000E+00
     730.0000000000000000   1.0000000000000000E+30   0.0000000000000000E+00
     740.0000000000000000   1.0000000000000000E+30   0.0000000000000000E+00
     750.0000000000000000   1.0000000000000000E+30   0.0000000000000000E+00
     760.0000000000000000   1.0000000000000000E+30   0.0000000000000000E+00
     770.0000000000000000   1.0000000000000000E+30   0.0000000000000000E+00
     780.0000000000000000   1.0000000000000000E+30   0.0000000000000000E+00
     790.0000000000000000   1.0000000000000000E+30   0.0000000000000000E+00
     800.0000000000000000   1.0000000000000000E+30   0.0000000000000000E+00
     810.0000000000000000   1.0000000000000000E+30   0.0000000000000000E+00
     820.0000000000000000   1.0000000000000000E+30   0.0000000000000000E+00
     830.0000000000000000   1.0000000000000000E+30   0.0000000000000000E+00
     840.0000000000000000   1.0000000000000000E+30   0.0000000000000000E+00
     850.0000000000000000   1.0000000000000000E+30   0.0000000000000000E+00
     860.0000000000000000   1.0000000000000000E+30   0.0000000000000000E+00
     870.0000000000000000   1.0000000000000000E+30   0.0000000000000000E+00
     880.0000000000000000   1.0000000000000000E+30   0.0000000000000000E+00
     890.0000000000000000   1.0000000000000000E+30   0.0000000000000000E+00
     900.0000000000000000   1.0000000000000000E+30   0.0000000000000000E+00
     910.0000000000000000   1.0000000000000000E+30   0.0000000000000000E+00
     920.0000000000000000   1.0000000000000000E+30   0.0000000000000000E+00
     930.0000000000000000   1.0000000000000000E+30   0.0000000000000000E+00
     940.0000000000000000   1.0000000000000000E+30   0.0000000000000000E+00
     950.0000000000000000   1.0000000000000000E+30   0.0000000000000000E+00
     960.0000000000000000   1.0000000000000000E+30   0.0000000000000000E+00
     970.0000000000000000   1.0000000000000000E+30   0.0000000000000000E+00
     980.0000000000000000   1.0000000000000000E+30   0.0000000000000000E+00
     990.0000000000000000   1.0000000000000000E+30   0.0000000000000000E+00
    1000.0000000000000000   1.0000000000000000E+30   0.0000000000000000E+00
    1100.0000000000000000   1.0000000000000000E+30   0.0000000000000000E+00
    1200.0000000000000000   1.0000000000000000E+30   0.0000000000000000E+00
    1300.0000000000000000   1.0000000000000000E+30   0.0000000000000000E+00
    1400.0000000000000000   1.0000000000000000E+30   0.0000000000000000E+00
    1500.0000000000000000   1.0000000000000000E+30   0.0000000000000000E+00
    1600.0000000000000000   1.0000000000000000E+30   0.0000000000000000E+00
    1700.0000000000000000   1.0000000000000000E+30   0.0000000000000000E+00
    1800.0000000000000000   1.0000000000000000E+30   0.0000000000000000E+00
    1843.9990000000000236   1.0000000000000000E+30   0.0000000000000000E+00
    1844.0009999999999764   1.0000000000000000E+30   0.0000000000000000E+00
    1900.0000000000000000   1.0000000000000000E+30   0.0000000000000000E+00
    2000.0000000000000000   1.0000000000000000E+30   0.0000000000000000E+00
    2100.0000000000000000   1.0000000000000000E+30   0.0000000000000000E+00
    2200.0000000000000000   1.0000000000000000E+30   0.0000000000000000E+00
    2300.0000000000000000   1.0000000000000000E+30   0.0000000000000000E+00
    2400.0000000000000000   1.0000000000000000E+30   0.0000000000000000E+00
    2475.9989999999997963   1.0000000000000000E+30   0.0000000000000000E+00
    2476.0010000000002037   1.0000000000000000E+30   0.0000000000000000E+00
    2500.0000000000000000   1.0000000000000000E+30   0.0000000000000000E+00
    2526.9989999999997963   1.0000000000000000E+30   0.0000000000000000E+00
    2527.0010000000002037   1.0000000000000000E+30   0.0000000000000000E+00
    2600.0000000000000000   1.0000000000000000E+30   0.0000000000000000E+00
    2631.9989999999997963   1.0000000000000000E+30   0.0000000000000000E+00
    2632.0010000000002037   1.0000000000000000E+30   0.0000000000000000E+00
    2700.0000000000000000   1.0000000000000000E+30   0.0000000000000000E+00
    2800.0000000000000000   1.0000000000000000E+30   0.0000000000000000E+00
    2871.9989999999997963   1.0000000000000000E+30   0.0000000000000000E+00
    2872.0010000000002037   1.0000000000000000E+30   0.0000000000000000E+00
    2900.0000000000000000   1.0000000000000000E+30   0.0000000000000000E+00
    3000.0000000000000000   1.0000000000000000E+30   0.0000000000000000E+00
    3100.0000000000000000   1.0000000000000000E+30   0.0000000000000000E+00
    3200.0000000000000000   1.0000000000000000E+30   0.0000000000000000E+00
    3300.0000000000000000   1.0000000000000000E+30   0.0000000000000000E+00
    3400.0000000000000000   1.0000000000000000E+30   0.0000000000000000E+00
    3500.0000000000000000   1.0000000000000000E+30   0.0000000000000000E+00
    3600.0000000000000000   1.0000000000000000E+30   0.0000000000000000E+00
    3700.0000000000000000   1.0000000000000000E+30   0.0000000000000000E+00
    3800.0000000000000000   1.0000000000000000E+30   0.0000000000000000E+00
    3900.0000000000000000   1.0000000000000000E+30   0.0000000000000000E+00
    4000.0000000000000000   1.0000000000000000E+30   0.0000000000000000E+00
    4100.0000000000000000   1.0000000000000000E+30   0.0000000000000000E+00
    4200.0000000000000000   1.0000000000000000E+30   0.0000000000000000E+00
    4300.0000000000000000   1.0000000000000000E+30   0.0000000000000000E+00
    4400.0000000000000000   1.0000000000000000E+30   0.0000000000000000E+00
    4500.0000000000000000   1.0000000000000000E+30   0.0000000000000000E+00
    4600.0000000000000000   1.0000000000000000E+30   0.0000000000000000E+00
    4700.0000000000000000   1.0000000000000000E+30   0.0000000000000000E+00
    4800.0000000000000000   1.0000000000000000E+30   0.0000000000000000E+00
    4900.0000000000000000   1.0000000000000000E+30   0.0000000000000000E+00
    5000.0000000000000000   1.0000000000000000E+30   0.0000000000000000E+00
    5100.0000000000000000   1.0000000000000000E+30   0.0000000000000000E+00
    5200.0000000000000000   1.0000000000000000E+30   0.0000000000000000E+00
    5300.0000000000000000   1.0000000000000000E+30   0.0000000000000000E+00
    5400.0000000000000000   1.0000000000000000E+30   0.0000000000000000E+00
    5500.0000000000000000   1.0000000000000000E+30   0.0000000000000000E+00
    5600.0000000000000000   1.0000000000000000E+30   0.0000000000000000E+00
    5700.0000000000000000   1.0000000000000000E+30   0.0000000000000000E+00
    5800.0000000000000000   1.0000000000000000E+30   0.0000000000000000E+00
    5900.0000000000000000   1.0000000000000000E+30   0.0000000000000000E+00
    6000.0000000000000000   1.0000000000000000E+30   0.0000000000000000E+00
    6100.0000000000000000   1.0000000000000000E+30   0.0000000000000000E+00
    6200.0000000000000000   1.0000000000000000E+30   0.0000000000000000E+00
    6300.0000000000000000   1.0000000000000000E+30   0.0000000000000000E+00
    6400.0000000000000000   1.0000000000000000E+30   0.0000000000000000E+00
    6500.0000000000000000   1.0000000000000000E+30   0.0000000000000000E+00
    6600.0000000000000000   1.0000000000000000E+30   0.0000000000000000E+00
    6700.0000000000000000   1.0000000000000000E+30   0.0000000000000000E+00
    6800.0000000000000000   1.0000000000000000E+30   0.0000000000000000E+00
    6900.0000000000000000   1.0000000000000000E+30   0.0000000000000000E+00
    7000.0000000000000000   1.0000000000000000E+30   0.0000000000000000E+00
    7100.0000000000000000   1.0000000000000000E+30   0.0000000000000000E+00
    7200.0000000000000000   1.0000000000000000E+30   0.0000000000000000E+00
    7300.0000000000000000   1.0000000000000000E+30   0.0000000000000000E+00
    7400.0000000000000000   1.0000000000000000E+30   0.0000000000000000E+00
    7500.0000000000000000   1.0000000000000000E+30   0.0000000000000000E+00
    7600.0000000000000000   1.0000000000000000E+30   0.0000000000000000E+00
    7700.0000000000000000   1.0000000000000000E+30   0.0000000000000000E+00
    7800.0000000000000000   1.0000000000000000E+30   0.0000000000000000E+00
    7900.0000000000000000   1.0000000000000000E+30   0.0000000000000000E+00
    8000.0000000000000000   1.0000000000000000E+30   0.0000000000000000E+00
    8100.0000000000000000   1.0000000000000000E+30   0.0000000000000000E+00
    8200.0000000000000000   1.0000000000000000E+30   0.0000000000000000E+00
    8300.0000000000000000   1.0000000000000000E+30   0.0000000000000000E+00
    8400.0000000000000000   1.0000000000000000E+30   0.0000000000000000E+00
    8500.0000000000000000   1.0000000000000000E+30   0.0000000000000000E+00
    8600.0000000000000000   1.0000000000000000E+30   0.0000000000000000E+00
    8700.0000000000000000   1.0000000000000000E+30   0.0000000000000000E+00
    8800.0000000000000000   1.0000000000000000E+30   0.0000000000000000E+00
    8900.0000000000000000   1.0000000000000000E+30   0.0000000000000000E+00
    9000.0000000000000000   1.0000000000000000E+30   0.0000000000000000E+00
    9100.0000000000000000   1.0000000000000000E+30   0.0000000000000000E+00
    9200.0000000000000000   1.0000000000000000E+30   0.0000000000000000E+00
    9300.0000000000000000   1.0000000000000000E+30   0.0000000000000000E+00
    9400.0000000000000000   1.0000000000000000E+30   0.0000000000000000E+00
    9500.0000000000000000   1.0000000000000000E+30   0.0000000000000000E+00
    9600.0000000000000000   1.0000000000000000E+30   0.0000000000000000E+00
    9700.0000000000000000   1.0000000000000000E+30   0.0000000000000000E+00
    9800.0000000000000000   1.0000000000000000E+30   0.0000000000000000E+00
    9900.0000000000000000   1.0000000000000000E+30   0.0000000000000000E+00
   10000.0000000000000000   1.0000000000000000E+30   0.0000000000000000E+00
   11000.0000000000000000   1.0000000000000000E+30   0.0000000000000000E+00
   12000.0000000000000000   1.0000000000000000E+30   0.0000000000000000E+00
   13000.0000000000000000   1.0000000000000000E+30   0.0000000000000000E+00
   14000.0000000000000000   1.0000000000000000E+30   0.0000000000000000E+00
   15000.0000000000000000   1.0000000000000000E+30   0.0000000000000000E+00
   16000.0000000000000000   1.0000000000000000E+30   0.0000000000000000E+00
   17000.0000000000000000   1.0000000000000000E+30   0.0000000000000000E+00
   18000.0000000000000000   1.0000000000000000E+30   0.0000000000000000E+00
   19000.0000000000000000   1.0000000000000000E+30   0.0000000000000000E+00
   20000.0000000000000000   1.0000000000000000E+30   0.0000000000000000E+00
   20005.9989999999997963   1.0000000000000000E+30   0.0000000000000000E+00
   20006.0010000000002037   8.2552949841202384E+16   2.4234143102679242E-13
   21000.0000000000000000   2.7882744814751587E+09   7.2570784361287588E-06
   22000.0000000000000000   9.4967528586862683E+08   2.1543967241740417E-05
   23000.0000000000000000   5.0361230562407315E+08   4.1066996965586945E-05
   24000.0000000000000000   3.2113586478940547E+08   6.5088559996866123E-05
   25000.0000000000000000   2.2695275168717849E+08   9.3067394574235246E-05
   26000.0000000000000000   1.7134861591147181E+08   1.2454885496053871E-04
   27000.0000000000000000   1.3548974461085841E+08   1.5913182069858528E-04
   28000.0000000000000000   1.1086821507949215E+08   1.9645347660165517E-04
   29000.0000000000000000   9.3153932543842554E+07   2.3617291572288008E-04
   30000.0000000000000000   7.9936120219639152E+07   2.7798065503151529E-04
   31000.0000000000000000   6.9784708809951901E+07   3.2157599355148370E-04
   32000.0000000000000000   6.1802767262254663E+07   3.6667328522329158E-04
   33000.0000000000000000   5.5402135480085000E+07   4.1300819263079340E-04
   34000.0000000000000000   5.0185342661371432E+07   4.6031707136694482E-04
   35000.0000000000000000   4.5873790621399827E+07   5.0835307910497703E-04
   36000.0000000000000000   4.2267678294939786E+07   5.5687977824332800E-04
   37000.0000000000000000   3.9220311762880690E+07   6.0567374683760417E-04
   38000.0000000000000000   3.6621928962750569E+07   6.5452382097653280E-04
   39000.0000000000000000   3.4388897160513684E+07   7.0323310335484426E-04
   40000.0000000000000000   3.2456416473648444E+07   7.5162237301117281E-04
   41000.0000000000000000   3.0773766670720346E+07   7.9952453875176133E-04
   42000.0000000000000000   2.9300504635252506E+07   8.4679377767315058E-04
   43000.0000000000000000   2.8004239379316438E+07   8.9329784395458507E-04
   44000.0000000000000000   2.6858645189438716E+07   9.3892224704858885E-04
   45000.0000000000000000   2.5842132355528317E+07   9.8356979672620660E-04
   46000.0000000000000000   2.4936882553877626E+07   1.0271584243640704E-03
   47000.0000000000000000   2.4128087252738565E+07   1.0696198123149932E-03
   48000.0000000000000000   2.3403306655241787E+07   1.1109008875898568E-03
   49000.0000000000000000   2.2752059008975226E+07   1.1509606475788704E-03
   50000.0000000000000000   2.2165445624684948E+07   1.1897699413418561E-03
