       0.1000000000000000   3.9733891504578409E+01   7.3351637791548377E-04
       0.2000000000000000   3.4903867684726215E+01   1.4376541284521944E-03
       0.3000000000000000   3.3256982139801451E+01   2.1408552429422341E-03
       0.4000000000000000   3.2590015191803012E+01   2.8160235722672444E-03
       0.5000000000000000   3.2221308139823904E+01   3.4869969103403370E-03
       0.6000000000000000   3.1995841170678290E+01   4.1550284957615541E-03
       0.7000000000000000   3.1852846169313775E+01   4.8212856482809400E-03
       0.7999999999999999   3.1759066056206958E+01   5.4865807992277209E-03
       0.8999999999999999   3.1699161938493170E+01   6.1498687914363732E-03
       0.9999999999999999   3.1658531083949899E+01   6.8137385941696646E-03
       2.0000000000000000   3.1569989728270468E+01   1.3501422500085172E-02
       3.0000000000000000   3.1427469472632417E+01   2.0450024664674660E-02
       4.0000000000000000   3.1114098801454517E+01   2.7810958912881680E-02
       5.0000000000000000   3.0661347360625488E+01   3.5679984868717568E-02
       6.0000000000000000   3.0108699188129489E+01   4.4124655666732668E-02
       7.0000000000000000   2.9489542284816995E+01   5.3191206769250397E-02
       8.0000000000000000   2.8828038823131170E+01   6.2916392770884844E-02
       9.0000000000000000   2.8142039285205282E+01   7.3330376089291605E-02
      10.0000000000000000   2.7444194671925572E+01   8.4460555060700757E-02
      11.0000000000000000   2.6743754596072137E+01   9.6332105788089067E-02
      12.0000000000000000   2.6047211102172607E+01   1.0896948936983830E-01
      13.0000000000000000   2.5359160478948393E+01   1.2239791580325948E-01
      14.0000000000000000   2.4682483888587818E+01   1.3664543390297521E-01
      15.0000000000000000   2.4019044326113526E+01   1.5174281553800814E-01
      16.0000000000000000   2.3369977270546290E+01   1.6772368414628183E-01
      17.0000000000000000   2.2735736076986733E+01   1.8462665194806666E-01
      18.0000000000000000   2.2116429705239501E+01   2.0249473328799145E-01
      19.0000000000000000   2.1511835456816037E+01   2.2137641635489511E-01
      20.0000000000000000   2.0921533057726670E+01   2.4132649917201721E-01
      21.0000000000000000   2.0344959863154724E+01   2.6240655960422266E-01
      22.0000000000000000   1.9781495821031289E+01   2.8468519214909394E-01
      23.0000000000000000   1.9230467201134939E+01   3.0823913322700491E-01
      24.0000000000000000   1.8691170219316415E+01   3.3315435671732535E-01
      25.0000000000000000   1.8162914464613667E+01   3.5952641419029108E-01
      26.0000000000000000   1.7645028210992482E+01   3.8746156918575153E-01
      27.0000000000000000   1.7136870551301875E+01   4.1707779661448902E-01
      28.0000000000000000   1.6637842941089836E+01   4.4850581132655409E-01
      29.0000000000000000   1.6147391257849371E+01   4.8189028635965470E-01
      30.0000000000000000   1.5665019206256323E+01   5.1739089199849286E-01
      31.0000000000000000   1.5190288730606234E+01   5.5518347888716391E-01
      32.0000000000000000   1.4722833961452894E+01   5.9546087910692092E-01
      33.0000000000000000   1.4262361400508027E+01   6.3843380809684647E-01
      34.0000000000000000   1.3808664133029817E+01   6.8433098912258583E-01
      35.0000000000000000   1.3361630026796494E+01   7.3339874824281182E-01
      36.0000000000000000   1.2921254168761321E+01   7.8589952547425190E-01
      37.0000000000000000   1.2487652053808922E+01   8.4210889788855958E-01
      38.0000000000000000   1.2061074053794211E+01   9.0231055696199614E-01
      39.0000000000000000   1.1641919421991119E+01   9.6678861145040362E-01
      40.0000000000000000   1.1230749590399466E+01   1.0358165401243353E+00
      41.0000000000000000   1.0828296190189034E+01   1.1096423193338882E+00
      41.9990000000000023   1.0435850195871728E+01   1.1883880649448888E+00
      42.0000000000000000   1.0435462509194750E+01   1.1884694424500577E+00
      42.0009999999999977   1.0435074833190532E+01   1.1885508251006436E+00
      43.0000000000000000   1.0053313021127900E+01   1.2724343172698982E+00
      44.0000000000000000   9.6830473014953764E+00   1.3615813561130519E+00
      44.9990000000000023   9.3263048399384481E+00   1.4557416659658085E+00
      45.0000000000000000   9.3259547668902236E+00   1.4558384180231281E+00
      45.0009999999999977   9.3256047083351099E+00   1.4559351749936980E+00
      46.0000000000000000   8.9833509922882175E+00   1.5549961131470125E+00
      47.0000000000000000   8.6564981208537564E+00   1.6586953391241894E+00
      48.0000000000000000   8.3465182371291853E+00   1.7664268117239741E+00
      49.0000000000000000   8.0543114287867841E+00   1.8775447236264577E+00
      50.0000000000000000   7.7804911749896233E+00   1.9912939905203024E+00
      51.0000000000000000   7.5253469117118055E+00   2.1068477305781297E+00
      52.0000000000000000   7.2888381125442718E+00   2.2233496222123836E+00
      53.0000000000000000   7.0706175599795280E+00   2.3399552916317421E+00
      54.0000000000000000   6.8700766962535598E+00   2.4558678467115138E+00
      55.0000000000000000   6.6864033816718598E+00   2.5703645758920688E+00
      56.0000000000000000   6.5186429063788784E+00   2.6828138802958765E+00
      57.0000000000000000   6.3657551565868005E+00   2.7926830143548540E+00
      58.0000000000000000   6.2266630448427058E+00   2.8995387654713651E+00
      59.0000000000000000   6.1002913012089204E+00   3.0030424796078292E+00
      60.0000000000000000   5.9855950992783562E+00   3.1029416661582179E+00
      61.0000000000000000   5.8815790863241251E+00   3.1990601880092684E+00
      62.0000000000000000   5.7873096214974540E+00   3.2912874476982354E+00
      63.0000000000000000   5.7019209500726973E+00   3.3795680133058186E+00
      64.0000000000000000   5.6246172176301563E+00   3.4638919340348515E+00
      65.0000000000000000   5.5546715774897777E+00   3.5442860510322678E+00
      66.0000000000000000   5.4914233735492957E+00   3.6208064040423706E+00
      67.0000000000000000   5.4342741674806287E+00   3.6935317282461906E+00
      67.9989999999999952   5.3827321382329947E+00   3.7624907598188684E+00
      68.0000000000000000   5.3826831569675120E+00   3.7625579736679278E+00
      68.0010000000000048   5.3826341807682176E+00   3.7626251839257905E+00
      69.0000000000000000   5.3361623621669931E+00   3.8279937475489607E+00
      70.0000000000000000   5.2942718362951755E+00   3.8899565672391936E+00
      71.0000000000000000   5.2566150588871929E+00   3.9485698119362604E+00
      72.0000000000000000   5.2228346107355996E+00   4.0039602668555654E+00
      73.0000000000000000   5.1926081750397524E+00   4.0562561650170119E+00
      74.0000000000000000   5.1656448856172537E+00   4.1055856425350870E+00
      75.0000000000000000   5.1416820086671340E+00   4.1520755457419405E+00
      76.0000000000000000   5.1204820145689451E+00   4.1958504645727288E+00
      77.0000000000000000   5.1018298412452667E+00   4.2370321011649947E+00
      78.0000000000000000   5.0855305631004120E+00   4.2757387153672353E+00
      79.0000000000000000   5.0714072593481534E+00   4.3120847732744112E+00
      80.0000000000000000   5.0592991289544393E+00   4.3461807042115463E+00
      81.0000000000000000   5.0490598152643456E+00   4.3781327527714016E+00
      82.0000000000000000   5.0405559187423901E+00   4.4080429060503130E+00
      83.0000000000000000   5.0336656750485522E+00   4.4360088798203314E+00
      84.0000000000000000   5.0282777799765013E+00   4.4621241506056322E+00
      85.0000000000000000   5.0242903466285416E+00   4.4864780227814807E+00
      86.0000000000000000   5.0216099764646138E+00   4.5091557222082637E+00
      87.0000000000000000   5.0201509311898107E+00   4.5302385110099985E+00
      88.0000000000000000   5.0198344029051514E+00   4.5498038081079351E+00
      89.0000000000000000   5.0205878463133118E+00   4.5679253356578506E+00
      90.0000000000000000   5.0223443982861768E+00   4.5846732549277247E+00
      91.0000000000000000   5.0250423517165697E+00   4.6001143135464746E+00
      92.0000000000000000   5.0286246852701550E+00   4.6143119920148843E+00
      93.0000000000000000   5.0330386419884618E+00   4.6273266494091860E+00
      94.0000000000000000   5.0382353510178692E+00   4.6392156669637634E+00
      95.0000000000000000   5.0441694875809002E+00   4.6500335885368864E+00
      96.0000000000000000   5.0507989669508309E+00   4.6598322572217645E+00
      97.0000000000000000   5.0580846686427341E+00   4.6686609475725520E+00
      98.0000000000000000   5.0659901873039814E+00   4.6765664930975435E+00
      99.0000000000000000   5.0744816086768827E+00   4.6835934086884201E+00
     100.0000000000000000   5.0835273046922200E+00   4.6897840081074822E+00
     103.9989999999999952   5.1246792651561774E+00   4.7069557236182096E+00
     104.0010000000000048   5.1247016693176342E+00   4.7069615154518267E+00
     110.0000000000000000   5.1988232612180818E+00   4.7136374031821955E+00
     120.0000000000000000   5.3463582674181973E+00   4.6877627060614300E+00
     130.0000000000000000   5.5142022895869811E+00   4.6314677071274746E+00
     140.0000000000000000   5.6953650487351668E+00   4.5567995581521172E+00
     150.0000000000000000   5.8776665160070696E+00   4.4918287884940993E+00
     153.9989999999999952   5.9609181815909329E+00   4.4456826854167044E+00
     154.0010000000000048   5.9609678846025904E+00   4.4456424658777616E+00
     160.0000000000000000   6.0781518172044580E+00   4.3951946462587781E+00
     167.9989999999999952   6.2377212944021760E+00   4.3243024914330794E+00
     168.0010000000000048   6.2377702633802787E+00   4.3242656526375871E+00
     169.9989999999999952   6.2794882601480104E+00   4.3031409324537613E+00
     170.0000000000000000   6.2795126988360241E+00   4.3031227597209485E+00
     170.0010000000000048   6.2795371360574279E+00   4.3031045893357929E+00
     180.0000000000000000   6.4814278428722742E+00   4.2155394697040913E+00
     190.0000000000000000   6.6899065590312148E+00   4.1190067871879155E+00
     200.0000000000000000   6.8978206652425920E+00   4.0282814462876608E+00
     210.0000000000000000   7.1051309983999147E+00   3.9428730808049965E+00
     220.0000000000000000   7.3118177487507143E+00   3.8623352533935251E+00
     230.0000000000000000   7.5178739023639984E+00   3.7862641990574510E+00
     231.9989999999999952   7.5640907051841610E+00   3.7611992372521592E+00
     232.0010000000000048   7.5641369178068416E+00   3.7611743387843326E+00
     233.9989999999999952   7.6051505177650283E+00   3.7467614596755232E+00
     234.0010000000000048   7.6051966551423114E+00   3.7467368308600237E+00
     236.9989999999999952   7.6641961411723631E+00   3.7304463305124989E+00
     237.0010000000000048   7.6642421558133291E+00   3.7304220587079762E+00
     240.0000000000000000   7.7282062991275682E+00   3.7043648894651211E+00
     250.0000000000000000   7.9375109369837649E+00   3.6272160778489790E+00
     260.0000000000000000   8.1458280632360438E+00   3.5544000166384113E+00
     270.0000000000000000   8.3531974539867750E+00   3.4855465560148162E+00
     280.0000000000000000   8.5639783468979598E+00   3.4120582282956993E+00
     290.0000000000000000   8.7694186060818851E+00   3.3505235356186742E+00
     300.0000000000000000   8.9781110414905605E+00   3.2844204445728988E+00
     310.0000000000000000   9.1817837326187668E+00   3.2290586006561561E+00
     320.0000000000000000   9.3885542016156105E+00   3.1692274148646469E+00
     330.0000000000000000   9.5943787968280017E+00   3.1123075921398593E+00
     340.0000000000000000   9.7992945611667857E+00   3.0580824376921973E+00
     350.0000000000000000   1.0003336570609079E+01   3.0063565576233704E+00
     360.0000000000000000   1.0206538015088448E+01   2.9569533044659599E+00
     370.0000000000000000   1.0412427666110478E+01   2.9037311394910224E+00
     380.0000000000000000   1.0613962641657645E+01   2.8586900948510121E+00
     390.0000000000000000   1.0814747556179396E+01   2.8155239137865840E+00
     398.9990000000000236   1.0997130992679473E+01   2.7743424233624827E+00
     399.0009999999999764   1.0997172932454841E+01   2.7743310043343334E+00
     400.0000000000000000   1.1018117882181835E+01   2.7686398627699393E+00
     410.0000000000000000   1.1217406466530532E+01   2.7290284501158357E+00
     415.9990000000000236   1.1339214405716355E+01   2.7018221823569233E+00
     416.0009999999999764   1.1339256048362913E+01   2.7018114777308995E+00
     420.0000000000000000   1.1419221575268129E+01   2.6857753690400625E+00
     430.0000000000000000   1.1620279242136711E+01   2.6442385988489390E+00
     440.0000000000000000   1.1817470348906536E+01   2.6092363877315075E+00
     450.0000000000000000   1.2017114850505147E+01   2.5707099156850601E+00
     460.0000000000000000   1.2216067372908412E+01   2.5336182449646771E+00
     470.0000000000000000   1.2414347412256092E+01   2.4978804698168591E+00
     480.0000000000000000   1.2611974442441886E+01   2.4634205284861985E+00
     490.0000000000000000   1.2806045734971747E+01   2.4345298953765888E+00
     500.0000000000000000   1.3002455797242213E+01   2.4023235857547727E+00
     510.0000000000000000   1.3198265159533852E+01   2.3712043398034393E+00
     510.9989999999999668   1.3218360518570821E+01   2.3673219160394936E+00
     511.0009999999999195   1.3218400743411268E+01   2.3673141574335896E+00
     520.0000000000000000   1.3393489915398447E+01   2.3411158352901515E+00
     530.0000000000000000   1.3590930691563166E+01   2.3080058249104258E+00
     540.0000000000000000   1.3784997781073153E+01   2.2799072510067284E+00
     550.0000000000000000   1.3978524357849690E+01   2.2526899291782612E+00
     560.0000000000000000   1.4171523880862425E+01   2.2263115817744907E+00
     570.0000000000000000   1.4364009339075739E+01   2.2007325525248524E+00
     580.0000000000000000   1.4558643003923052E+01   2.1722888125169613E+00
     590.0000000000000000   1.4750105641917788E+01   2.1482648340781210E+00
     600.0000000000000000   1.4941089769635921E+01   2.1249339648713113E+00
     610.0000000000000000   1.5131605708141278E+01   2.1022666020775289E+00
     620.0000000000000000   1.5324210772927861E+01   2.0768609064697605E+00
     630.0000000000000000   1.5513795481677388E+01   2.0554864010804597E+00
     640.0000000000000000   1.5705443847896923E+01   2.0314430108394457E+00
     650.0000000000000000   1.5894134534794274E+01   2.0112554279918333E+00
     660.0000000000000000   1.6084871667977708E+01   1.9884542255076318E+00
     670.0000000000000000   1.6272702162637039E+01   1.9693604341321620E+00
     680.0000000000000000   1.6462565105105885E+01   1.9477012195411239E+00
     690.0000000000000000   1.6649570693214045E+01   1.9296134872061341E+00
     700.0000000000000000   1.6838591047297246E+01   1.9090103828098282E+00
     710.0000000000000000   1.7024805879599374E+01   1.8918487725687771E+00
     720.0000000000000000   1.7213013049488062E+01   1.8722249267896227E+00
     730.0000000000000000   1.7398470052672625E+01   1.8559165319240312E+00
     740.0000000000000000   1.7585890908275701E+01   1.8372036304873036E+00
     750.0000000000000000   1.7772933868841275E+01   1.8189314962072847E+00
     760.0000000000000000   1.7957282355589623E+01   1.8038172808977517E+00
     770.0000000000000000   1.8143581360114265E+01   1.7863587493179816E+00
     780.0000000000000000   1.8329515329281381E+01   1.7693029512070864E+00
     790.0000000000000000   1.8512819183833514E+01   1.7552519039198458E+00
     800.0000000000000000   1.8698048409580259E+01   1.7389251756598065E+00
     810.0000000000000000   1.8882930647947802E+01   1.7229611540805070E+00
     820.0000000000000000   1.9067462946149899E+01   1.7073570506704561E+00
     830.0000000000000000   1.9249452232540484E+01   1.6945628281953471E+00
     840.0000000000000000   1.9433333346765156E+01   1.6795846544776356E+00
     850.0000000000000000   1.9616886773166055E+01   1.6649262644364593E+00
     860.0000000000000000   1.9800112753705825E+01   1.6505824773931639E+00
     870.0000000000000000   1.9983016520458438E+01   1.6365428502032202E+00
     880.0000000000000000   2.0165608851347187E+01   1.6227912611282971E+00
     890.0000000000000000   2.0345785589349820E+01   1.6115851585549501E+00
     900.0000000000000000   2.0527789482762689E+01   1.5983432555910320E+00
     910.0000000000000000   2.0709492286452491E+01   1.5853677168198310E+00
     920.0000000000000000   2.0890897824452658E+01   1.5726509895471845E+00
     930.0000000000000000   2.1072010911041318E+01   1.5601846597899958E+00
     940.0000000000000000   2.1252837387848381E+01   1.5479594629284554E+00
     950.0000000000000000   2.1433383449450165E+01   1.5359660458068587E+00
     960.0000000000000000   2.1613654280069273E+01   1.5241963473978206E+00
     970.0000000000000000   2.1793653632542394E+01   1.5126439561464853E+00
     980.0000000000000000   2.1973384457782167E+01   1.5013034201375237E+00
     990.0000000000000000   2.2152849606084782E+01   1.4901695207520200E+00
    1000.0000000000000000   2.2332052108546645E+01   1.4792369873895663E+00
    1100.0000000000000000   2.4110333397631766E+01   1.3798783906724523E+00
    1200.0000000000000000   2.5867554731780192E+01   1.2939692680091655E+00
    1300.0000000000000000   2.7605999047128137E+01   1.2186243014084268E+00
    1400.0000000000000000   2.9327566135541140E+01   1.1517246488180122E+00
    1500.0000000000000000   3.1032063404764568E+01   1.0930761571918468E+00
    1600.0000000000000000   3.2722560392456778E+01   1.0400135128725232E+00
    1700.0000000000000000   3.4397111626839674E+01   9.9382944569381582E-01
    1800.0000000000000000   3.6061526548937771E+01   9.5022799203966590E-01
    1843.9990000000000236   3.6788703769449846E+01   9.3321917531643728E-01
    1844.0009999999999764   3.6788736911604808E+01   9.3321832084408629E-01
    1900.0000000000000000   3.7712009702037356E+01   9.1187956585006835E-01
    2000.0000000000000000   3.9352263218042935E+01   8.7622843116845239E-01
    2100.0000000000000000   4.0981759719697976E+01   8.4366226545468481E-01
    2200.0000000000000000   4.2602709268969207E+01   8.1284195678608140E-01
    2300.0000000000000000   4.4212278174765487E+01   7.8551548495211543E-01
    2400.0000000000000000   4.5814379496559695E+01   7.5938523030399330E-01
    2475.9989999999997963   4.7025966128910902E+01   7.4092822768366451E-01
    2476.0010000000002037   4.7025997897195666E+01   7.4092777619208583E-01
    2500.0000000000000000   4.7407587037727318E+01   7.3532015230697634E-01
    2526.9989999999997963   4.7836281884026086E+01   7.2913563136833304E-01
    2527.0010000000002037   4.7836313676498612E+01   7.2913514311485850E-01
    2600.0000000000000000   4.8992676985710219E+01   7.1293259118300689E-01
    2631.9989999999997963   4.9498616659452786E+01   7.0589058660682091E-01
    2632.0010000000002037   4.9498648582451175E+01   7.0588998692583105E-01
    2700.0000000000000000   5.0570047364771007E+01   6.9204499561365895E-01
    2800.0000000000000000   5.2139569922552575E+01   6.7272738795156906E-01
    2871.9989999999997963   5.3266373620138026E+01   6.5899673813297277E-01
    2872.0010000000002037   5.3266404934513552E+01   6.5899633193569274E-01
    2900.0000000000000000   5.3703384271887757E+01   6.5394962946022694E-01
    3000.0000000000000000   5.5259314033363118E+01   6.3686806699391407E-01
    3100.0000000000000000   5.6810389191425081E+01   6.2002556081169957E-01
    3200.0000000000000000   5.8353953699874623E+01   6.0468315830724362E-01
    3300.0000000000000000   5.9892554111671082E+01   5.8976904254694251E-01
    3400.0000000000000000   6.1425146643225155E+01   5.7574714290486062E-01
    3500.0000000000000000   6.2951564363014668E+01   5.6270420522971898E-01
    3600.0000000000000000   6.4472824884044371E+01   5.5024490253015768E-01
    3700.0000000000000000   6.5989788715618502E+01   5.3807442040623510E-01
    3800.0000000000000000   6.7501555993341753E+01   5.2649479373597219E-01
    3900.0000000000000000   6.9007473893427857E+01   5.1588366538544161E-01
    4000.0000000000000000   7.0509463267324080E+01   5.0547734386470633E-01
    4100.0000000000000000   7.2007709386067305E+01   4.9522522711651296E-01
    4200.0000000000000000   7.3500671790341258E+01   4.8569382670153222E-01
    4300.0000000000000000   7.4988785485804101E+01   4.7682841955018485E-01
    4400.0000000000000000   7.6475725694480431E+01   4.6724802402304166E-01
    4500.0000000000000000   7.7955026450349891E+01   4.5930528228771772E-01
    4600.0000000000000000   7.9432599532036235E+01   4.5096903177201297E-01
    4700.0000000000000000   8.0903916872905100E+01   4.4366916371996395E-01
    4800.0000000000000000   8.2374119198967264E+01   4.3587172122273848E-01
    4900.0000000000000000   8.3840839367409757E+01   4.2830954763563112E-01
    5000.0000000000000000   8.5303536196131532E+01   4.2116068351124775E-01
    5100.0000000000000000   8.6762366856933596E+01   4.1438845045047185E-01
    5200.0000000000000000   8.8217413555423590E+01   4.0798039156409699E-01
    5300.0000000000000000   8.9668872000012371E+01   4.0188564444500263E-01
    5400.0000000000000000   9.1116285162957865E+01   3.9623965578258646E-01
    5500.0000000000000000   9.2564241869899476E+01   3.8971897648451725E-01
    5600.0000000000000000   9.4007340583384433E+01   3.8390665379815742E-01
    5700.0000000000000000   9.5444967446897522E+01   3.7892518803497893E-01
    5800.0000000000000000   9.6884090551704006E+01   3.7291237905868219E-01
    5900.0000000000000000   9.8315156019043400E+01   3.6851022820437823E-01
    6000.0000000000000000   9.9749068480888710E+01   3.6276079403007216E-01
    6100.0000000000000000   1.0117893733244901E+02   3.5747098282817641E-01
    6200.0000000000000000   1.0260013772939497E+02   3.5385674642760878E-01
    6300.0000000000000000   1.0402561704384590E+02   3.4861723591246163E-01
    6400.0000000000000000   1.0544665415793202E+02   3.4403149677063849E-01
    6500.0000000000000000   1.0686482045834786E+02   3.3951088315479799E-01
    6600.0000000000000000   1.0828170404090994E+02   3.3497093870916694E-01
    6700.0000000000000000   1.0969444779798246E+02   3.3084941535198398E-01
    6800.0000000000000000   1.1110539017291099E+02   3.2674607685511742E-01
    6900.0000000000000000   1.1251296826834299E+02   3.2300468671710164E-01
    7000.0000000000000000   1.1391811013098753E+02   3.1933768109987065E-01
    7100.0000000000000000   1.1532152342335705E+02   3.1568403837251352E-01
    7200.0000000000000000   1.1672120763084905E+02   3.1243648664807983E-01
    7300.0000000000000000   1.1811865447146043E+02   3.0923177416111503E-01
    7400.0000000000000000   1.1952098087331369E+02   3.0463081179396484E-01
    7500.0000000000000000   1.2091334422446268E+02   3.0172500450527040E-01
    7600.0000000000000000   1.2230501230818327E+02   2.9879403913191899E-01
    7700.0000000000000000   1.2369894959179119E+02   2.9477094627932143E-01
    7800.0000000000000000   1.2508548352705300E+02   2.9206321283358921E-01
    7900.0000000000000000   1.2647025508856707E+02   2.8951456784663654E-01
    8000.0000000000000000   1.2785728759745425E+02   2.8595107408387188E-01
    8100.0000000000000000   1.2923685360176512E+02   2.8358731403424353E-01
    8200.0000000000000000   1.3062109934834746E+02   2.8014606564655137E-01
    8300.0000000000000000   1.3199828957228354E+02   2.7771489395060744E-01
    8400.0000000000000000   1.3337709226729851E+02   2.7449422875431623E-01
    8500.0000000000000000   1.3475393731467173E+02   2.7140784784986888E-01
    8600.0000000000000000   1.3612306939883942E+02   2.6975662956203278E-01
    8700.0000000000000000   1.3749812179994763E+02   2.6665121616520610E-01
    8800.0000000000000000   1.3887043833971416E+02   2.6354199634507580E-01
    8900.0000000000000000   1.4023118945758236E+02   2.6244974122086467E-01
    9000.0000000000000000   1.4160170484447403E+02   2.5917180330337769E-01
    9100.0000000000000000   1.4296633268622369E+02   2.5687714898907837E-01
    9200.0000000000000000   1.4433260247858064E+02   2.5404301801000001E-01
    9300.0000000000000000   1.4569253562631678E+02   2.5216747726543259E-01
    9400.0000000000000000   1.4704843648783347E+02   2.5066552433109957E-01
    9500.0000000000000000   1.4840927970295076E+02   2.4793131279851316E-01
    9600.0000000000000000   1.4976710716409707E+02   2.4557182999796975E-01
    9700.0000000000000000   1.5112222754600938E+02   2.4339520520222926E-01
    9800.0000000000000000   1.5247466512460554E+02   2.4147536641680334E-01
    9900.0000000000000000   1.5382638371487070E+02   2.3946023643134454E-01
   10000.0000000000000000   1.5517709430780440E+02   2.3741082924332430E-01
   11000.0000000000000000   1.6860867299706291E+02   2.1854083345039740E-01
   12000.0000000000000000   1.8190104078212562E+02   2.0352087847892225E-01
   13000.0000000000000000   1.9507608348641176E+02   1.9039320893047579E-01
   14000.0000000000000000   2.0814797698917619E+02   1.7842000381653125E-01
   15000.0000000000000000   2.2111463130243681E+02   1.6842311501356136E-01
   16000.0000000000000000   2.3399719132265000E+02   1.5962831554717491E-01
   17000.0000000000000000   2.4678830372750224E+02   1.5159132345092943E-01
   18000.0000000000000000   2.5950132741101305E+02   1.4518288258822851E-01
   19000.0000000000000000   2.7215358221205582E+02   1.3758776753582980E-01
   20000.0000000000000000   2.8473146095639612E+02   1.3183695335729015E-01
   20005.9989999999997963   2.8480826650328436E+02   1.3163895710250603E-01
   20006.0010000000002037   2.8480829204573752E+02   1.3163890288292115E-01
   21000.0000000000000000   2.9723428202707009E+02   1.2747801127031308E-01
   22000.0000000000000000   3.0969513275704969E+02   1.2134336609493701E-01
   23000.0000000000000000   3.2207672968092481E+02   1.1658636619584012E-01
   24000.0000000000000000   3.3442343728165895E+02   1.1265495375633509E-01
   25000.0000000000000000   3.4670598683934372E+02   1.0959212086189382E-01
   26000.0000000000000000   3.5894684170688276E+02   1.0601027772147346E-01
   27000.0000000000000000   3.7114269683662258E+02   1.0177126777737484E-01
   28000.0000000000000000   3.8326576189978283E+02   9.9117982542984179E-02
   29000.0000000000000000   3.9537913878218228E+02   9.6666348092734361E-02
   30000.0000000000000000   4.0744003420069981E+02   9.2811011526349615E-02
   31000.0000000000000000   4.1948281642005679E+02   9.0328705580414725E-02
   32000.0000000000000000   4.3144714713963754E+02   8.7937702820693728E-02
   33000.0000000000000000   4.4336092104613107E+02   8.6813500193110654E-02
   34000.0000000000000000   4.5526841657560851E+02   8.4635838904263155E-02
   35000.0000000000000000   4.6716636305942944E+02   8.1228228314139214E-02
   36000.0000000000000000   4.7900548615585603E+02   8.0305437015514472E-02
   37000.0000000000000000   4.9084408510617072E+02   7.8752576288560833E-02
   38000.0000000000000000   5.0264525596008093E+02   7.5530133639191560E-02
   39000.0000000000000000   5.1435244009536666E+02   7.3922773744113157E-02
   40000.0000000000000000   5.2613448879048417E+02   7.2104503183885060E-02
   41000.0000000000000000   5.3778789292645138E+02   7.0397302370428960E-02
   42000.0000000000000000   5.4948307058202420E+02   6.9843072893751745E-02
   43000.0000000000000000   5.6107599306309021E+02   6.7744501942874596E-02
   44000.0000000000000000   5.7274582067103495E+02   6.6145500761886467E-02
   45000.0000000000000000   5.8434333260484982E+02   6.5292337182093582E-02
   46000.0000000000000000   5.9585710447663052E+02   6.3946177388348818E-02
   47000.0000000000000000   6.0736990806328777E+02   6.3551915489850799E-02
   48000.0000000000000000   6.1893338833033556E+02   6.1827592113991067E-02
   49000.0000000000000000   6.3043431238878895E+02   6.1333721442170024E-02
   50000.0000000000000000   6.4194063292260773E+02   5.9412164291319763E-02
