       0.1000000000000000   1.8915903912324893E+01   1.5393118929002796E-03
       0.2000000000000000   1.6675257568560465E+01   3.0017445825742928E-03
       0.3000000000000000   1.5944817047081084E+01   4.4468283251106753E-03
       0.4000000000000000   1.5679013752973496E+01   5.8194999894056422E-03
       0.5000000000000000   1.5554832697295197E+01   7.1695754485709556E-03
       0.6000000000000000   1.5498666871507981E+01   8.4999820115925565E-03
       0.7000000000000000   1.5481774715962887E+01   9.8133685239524936E-03
       0.7999999999999999   1.5488366513729975E+01   1.1111636503607969E-02
       0.8999999999999999   1.5511103824221063E+01   1.2392935095327507E-02
       0.9999999999999999   1.5543111562167157E+01   1.3662670902339054E-02
       2.0000000000000000   1.6014486153746187E+01   2.5796224027585146E-02
       3.0000000000000000   1.6451116725436041E+01   3.7326250384087406E-02
       4.0000000000000000   1.6787015624798531E+01   4.8618110769916976E-02
       5.0000000000000000   1.7030501484843438E+01   5.9893733528509324E-02
       6.0000000000000000   1.7196535089721632E+01   7.1302983719072108E-02
       7.0000000000000000   1.7299009931680004E+01   8.2948547398688385E-02
       8.0000000000000000   1.7348586525213111E+01   9.4911203544668712E-02
       9.0000000000000000   1.7353821011672995E+01   1.0725728628504223E-01
      10.0000000000000000   1.7321372265275897E+01   1.2004584026071297E-01
      11.0000000000000000   1.7256720392208049E+01   1.3332988940050675E-01
      12.0000000000000000   1.7164289583604425E+01   1.4715931099208709E-01
      13.0000000000000000   1.7047799146947117E+01   1.6158230373041449E-01
      14.0000000000000000   1.6910210152034910E+01   1.7664848181971421E-01
      15.0000000000000000   1.6754041742204617E+01   1.9240826247958159E-01
      16.0000000000000000   1.6581462539805553E+01   2.0891312836180065E-01
      17.0000000000000000   1.6394258609265062E+01   2.2621814919126854E-01
      18.0000000000000000   1.6194004733283187E+01   2.4438115042466330E-01
      19.0000000000000000   1.5982022705180384E+01   2.6346404051585798E-01
      20.0000000000000000   1.5759463590867476E+01   2.8353369182255300E-01
      21.0000000000000000   1.5527315794655625E+01   3.0466250906009307E-01
      22.0000000000000000   1.5286455492801338E+01   3.2692869537544111E-01
      23.0000000000000000   1.5037644020465846E+01   3.5041755232585853E-01
      24.0000000000000000   1.4781540699213901E+01   3.7522264853521903E-01
      25.0000000000000000   1.4518733792029835E+01   4.0144623136965735E-01
      26.0000000000000000   1.4249746389109914E+01   4.2920046210741547E-01
      27.0000000000000000   1.3975047927446644E+01   4.5860849161738132E-01
      28.0000000000000000   1.3695067102948945E+01   4.8980555930415665E-01
      29.0000000000000000   1.3410197400555939E+01   5.2294029680836318E-01
      30.0000000000000000   1.3120813425488786E+01   5.5817580915905618E-01
      31.0000000000000000   1.2827275088195284E+01   5.9569093197121792E-01
      32.0000000000000000   1.2529945226772995E+01   6.3568106474618236E-01
      33.0000000000000000   1.2229194047056799E+01   6.7835913536479364E-01
      34.0000000000000000   1.1925417031646143E+01   7.2395575129024259E-01
      35.0000000000000000   1.1619046582410199E+01   7.7271883456227097E-01
      36.0000000000000000   1.1310568174436540E+01   8.2491216047110749E-01
      37.0000000000000000   1.1000537064331859E+01   8.8081240743159284E-01
      38.0000000000000000   1.0689596481342006E+01   9.4070415651709538E-01
      39.0000000000000000   1.0378495421771207E+01   1.0048722151477483E+00
      40.0000000000000000   1.0068106469332463E+01   1.0735905849611034E+00
      41.0000000000000000   9.7594390919501262E+00   1.1471076107078653E+00
      41.9990000000000023   9.4539513048955275E+00   1.2255459449864106E+00
      42.0000000000000000   9.4536473697390822E+00   1.2256270153349538E+00
      42.0009999999999977   9.4533434387435697E+00   1.2257080908300675E+00
      43.0000000000000000   9.1520271640961557E+00   1.3092853165048499E+00
      44.0000000000000000   8.8559987345736690E+00   1.3981269400096086E+00
      44.9990000000000023   8.5673562146579698E+00   1.4919832410767493E+00
      45.0000000000000000   8.5670713486769845E+00   1.4920796893419359E+00
      45.0009999999999977   8.5667864913443292E+00   1.4921761425213795E+00
      46.0000000000000000   8.2867894578644012E+00   1.5909340779240559E+00
      47.0000000000000000   8.0166620827622452E+00   1.6943308974375200E+00
      48.0000000000000000   7.7580828400882700E+00   1.8017607780603782E+00
      49.0000000000000000   7.5122511684608151E+00   1.9125778731474581E+00
      50.0000000000000000   7.2801066746253262E+00   2.0260271227639373E+00
      51.0000000000000000   7.0622866386350296E+00   2.1412817416908285E+00
      52.0000000000000000   6.8591119657733710E+00   2.2574855743801217E+00
      53.0000000000000000   6.6706006983791992E+00   2.3737944722425448E+00
      54.0000000000000000   6.4965035992526969E+00   2.4894118115877064E+00
      55.0000000000000000   6.3363533615113878E+00   2.6036151745299230E+00
      56.0000000000000000   6.1895190724868749E+00   2.7157732630455991E+00
      57.0000000000000000   6.0552590495048442E+00   2.8253536252468798E+00
      58.0000000000000000   5.9327670947416147E+00   2.9319233231629185E+00
      59.0000000000000000   5.8212107842461709E+00   3.0351439505171287E+00
      60.0000000000000000   5.7197608832799611E+00   3.1347632324755539E+00
      61.0000000000000000   5.6276120442180089E+00   3.2306052147093527E+00
      62.0000000000000000   5.5439971598976845E+00   3.3225594491544705E+00
      63.0000000000000000   5.4681958928108569E+00   3.4105706215348364E+00
      64.0000000000000000   5.3995390506888556E+00   3.4946288695790559E+00
      65.0000000000000000   5.3374099693427555E+00   3.5747610966800143E+00
      66.0000000000000000   5.2812437949028697E+00   3.6510233816987974E+00
      67.0000000000000000   5.2305254083297248E+00   3.7234944789004469E+00
      67.9989999999999952   5.1848299256157953E+00   3.7922033748877437E+00
      68.0000000000000000   5.1847865291722259E+00   3.7922703402692379E+00
      68.0010000000000048   5.1847431372800310E+00   3.7923373020633675E+00
      69.0000000000000000   5.1436023797074695E+00   3.8574595606233135E+00
      70.0000000000000000   5.1065881791585479E+00   3.9191796328253434E+00
      71.0000000000000000   5.0733956471534611E+00   3.9775539017793995E+00
      72.0000000000000000   5.0437096336329077E+00   4.0327091103797175E+00
      73.0000000000000000   5.0172449386994664E+00   4.0847734429188387E+00
      74.0000000000000000   4.9937433620506004E+00   4.1338749817445324E+00
      75.0000000000000000   4.9729709853060102E+00   4.1801405155772207E+00
      76.0000000000000000   4.9547157554123817E+00   4.2236945737214624E+00
      77.0000000000000000   4.9387851902703028E+00   4.2646587957047792E+00
      78.0000000000000000   4.9250044223882510E+00   4.3031513773118411E+00
      79.0000000000000000   4.9132143906678341E+00   4.3392867197186362E+00
      80.0000000000000000   4.9032702328375164E+00   4.3731751869366562E+00
      81.0000000000000000   4.8950398486149904E+00   4.4049229582271696E+00
      82.0000000000000000   4.8884026189589793E+00   4.4346319556501355E+00
      83.0000000000000000   4.8832482613687116E+00   4.4623998304520027E+00
      84.0000000000000000   4.8794758083033862E+00   4.4883199953859672E+00
      85.0000000000000000   4.8769926983705316E+00   4.5124816919346262E+00
      86.0000000000000000   4.8757139629665911E+00   4.5349700840738905E+00
      87.0000000000000000   4.8755614996571186E+00   4.5558663731441635E+00
      88.0000000000000000   4.8764634291210722E+00   4.5752479184502670E+00
      89.0000000000000000   4.8783535061508356E+00   4.5931883837482852E+00
      90.0000000000000000   4.8811706051748942E+00   4.6097578731671680E+00
      91.0000000000000000   4.8848582541450236E+00   4.6250230784677866E+00
      92.0000000000000000   4.8893642162701969E+00   4.6390474255675338E+00
      93.0000000000000000   4.8946401145957426E+00   4.6518912202455622E+00
      94.0000000000000000   4.9006410943563790E+00   4.6636117917202053E+00
      95.0000000000000000   4.9073255188906213E+00   4.6742636331038154E+00
      96.0000000000000000   4.9146546955061448E+00   4.6838985379984921E+00
      97.0000000000000000   4.9225926279985508E+00   4.6925657327032404E+00
      98.0000000000000000   4.9311057926589248E+00   4.7003120036946289E+00
      99.0000000000000000   4.9401629371271953E+00   4.7071818199961006E+00
     100.0000000000000000   4.9497348948604980E+00   4.7132174506949225E+00
     103.9989999999999952   4.9926401074545232E+00   4.7297898885423466E+00
     104.0010000000000048   4.9926632607391062E+00   4.7297953885707509E+00
     110.0000000000000000   5.0685527680577840E+00   4.7356292887181954E+00
     120.0000000000000000   5.2173966245895746E+00   4.7084845547113545E+00
     130.0000000000000000   5.3851808740798868E+00   4.6510614747868324E+00
     140.0000000000000000   5.5653885452357672E+00   4.5753840288906300E+00
     150.0000000000000000   5.7463300188249713E+00   4.5095872919728519E+00
     153.9989999999999952   5.8285253034445823E+00   4.4631376209503379E+00
     154.0010000000000048   5.8285741186459274E+00   4.4630972525083807E+00
     160.0000000000000000   5.9444713637786561E+00   4.4122152966654724E+00
     167.9989999999999952   6.1021103569341415E+00   4.3407806129244815E+00
     168.0010000000000048   6.1021584438913772E+00   4.3407436433360349E+00
     169.9989999999999952   6.1433030716767654E+00   4.3194894180131174E+00
     170.0000000000000000   6.1433270697264240E+00   4.3194711810363406E+00
     170.0010000000000048   6.1433510663716993E+00   4.3194529464077824E+00
     180.0000000000000000   6.3426082439874385E+00   4.2312726299009675E+00
     190.0000000000000000   6.5480868850261711E+00   4.1341744709579951E+00
     200.0000000000000000   6.7529499761932108E+00   4.0429274275107305E+00
     210.0000000000000000   6.9571678326092714E+00   3.9570360648416902E+00
     220.0000000000000000   7.1607279908810719E+00   3.8760496411082239E+00
     230.0000000000000000   7.3636292194918003E+00   3.7995607114872709E+00
     231.9989999999999952   7.4090053876658128E+00   3.7744156144265930E+00
     232.0010000000000048   7.4090507595764503E+00   3.7743906363263644E+00
     233.9989999999999952   7.4494326506414152E+00   3.7598987389990803E+00
     234.0010000000000048   7.4494779487072496E+00   3.7598740316175880E+00
     236.9989999999999952   7.5076287809185711E+00   3.7434669348906602E+00
     237.0010000000000048   7.5076739587243075E+00   3.7434425860784293E+00
     240.0000000000000000   7.5705849772269724E+00   3.7172710825250572E+00
     250.0000000000000000   7.7765115245630145E+00   3.6397567695204343E+00
     260.0000000000000000   7.9814504508184871E+00   3.5665976439412002E+00
     270.0000000000000000   8.1854425481563773E+00   3.4974214751935597E+00
     280.0000000000000000   8.3926767508386355E+00   3.4236289687633650E+00
     290.0000000000000000   8.5947502145392622E+00   3.3618070159776203E+00
     300.0000000000000000   8.7999178196158798E+00   3.2954321573381162E+00
     310.0000000000000000   9.0002349156956498E+00   3.2398127709959117E+00
     320.0000000000000000   9.2035019654590791E+00   3.1797371376408528E+00
     330.0000000000000000   9.4058354159912891E+00   3.1225849507348955E+00
     340.0000000000000000   9.6072719712783350E+00   3.0681386074657002E+00
     350.0000000000000000   9.8078463594952581E+00   3.0162018963376136E+00
     360.0000000000000000   1.0007591420121612E+01   2.9665974316134225E+00
     370.0000000000000000   1.0209900869776003E+01   2.9131830061290964E+00
     380.0000000000000000   1.0408004200513304E+01   2.8679580452828022E+00
     390.0000000000000000   1.0605367600674363E+01   2.8246157402124643E+00
     398.9990000000000236   1.0784591748900938E+01   2.7832820000299718E+00
     399.0009999999999764   1.0784632931187941E+01   2.7832705477953241E+00
     400.0000000000000000   1.0805199587275354E+01   2.7775628538555810E+00
     410.0000000000000000   1.1001089060040712E+01   2.7377894342760163E+00
     415.9990000000000236   1.1120763854086560E+01   2.7104890786395455E+00
     416.0009999999999764   1.1120804745193871E+01   2.7104783430204700E+00
     420.0000000000000000   1.1199392178807479E+01   2.6943807531197970E+00
     430.0000000000000000   1.1396951175461695E+01   2.6526944027794999E+00
     440.0000000000000000   1.1590775573414032E+01   2.6175482756582147E+00
     450.0000000000000000   1.1786945429859273E+01   2.5788832239913160E+00
     460.0000000000000000   1.1982435529027716E+01   2.5416580075597999E+00
     470.0000000000000000   1.2177265037200652E+01   2.5057914410038782E+00
     480.0000000000000000   1.2371453078323487E+01   2.4712072036846910E+00
     490.0000000000000000   1.2562206790397333E+01   2.4421965299388146E+00
     500.0000000000000000   1.2755198526827044E+01   2.4098742120837797E+00
     510.0000000000000000   1.2947600184084646E+01   2.3786427829548251E+00
     510.9989999999999668   1.2967334378301771E+01   2.3747493546975180E+00
     511.0009999999999195   1.2967373880207145E+01   2.3747415740968179E+00
     520.0000000000000000   1.3139427563730457E+01   2.3484457272172015E+00
     530.0000000000000000   1.3333376460288934E+01   2.3152306174926780E+00
     540.0000000000000000   1.3524067395703206E+01   2.2870302279855723E+00
     550.0000000000000000   1.3714227339843195E+01   2.2597142171084705E+00
     560.0000000000000000   1.3903869506927773E+01   2.2332401600883438E+00
     570.0000000000000000   1.4093006647782445E+01   2.2075682627942559E+00
     580.0000000000000000   1.4284201853750810E+01   2.1790343669897698E+00
     590.0000000000000000   1.4472334850658152E+01   2.1549228235562619E+00
     600.0000000000000000   1.4659997724582738E+01   2.1315068659911978E+00
     610.0000000000000000   1.4847200620539599E+01   2.1087567840467130E+00
     620.0000000000000000   1.5036405905371488E+01   2.0832706373083085E+00
     630.0000000000000000   1.5222694478423231E+01   2.0618178534104081E+00
     640.0000000000000000   1.5410961442811461E+01   2.0376982672612378E+00
     650.0000000000000000   1.5596372241846023E+01   2.0174364860830387E+00
     660.0000000000000000   1.5783745346834495E+01   1.9945630024754444E+00
     670.0000000000000000   1.5968311616278134E+01   1.9753987711483560E+00
     680.0000000000000000   1.6154827165482491E+01   1.9536708857853327E+00
     690.0000000000000000   1.6338583505514968E+01   1.9355161836407735E+00
     700.0000000000000000   1.6524272521260386E+01   1.9148477457080522E+00
     710.0000000000000000   1.6707252397858699E+01   1.8976223768146210E+00
     720.0000000000000000   1.6892143746667514E+01   1.8779362889680207E+00
     730.0000000000000000   1.7074379409882759E+01   1.8615671132165910E+00
     740.0000000000000000   1.7258499482313940E+01   1.8427948393884304E+00
     750.0000000000000000   1.7442248821729308E+01   1.8244646910740316E+00
     760.0000000000000000   1.7623396314769554E+01   1.8092937723454832E+00
     770.0000000000000000   1.7806415881143842E+01   1.7917798024730340E+00
     780.0000000000000000   1.7989077435433774E+01   1.7746697878265947E+00
     790.0000000000000000   1.8169199312327670E+01   1.7605657043881300E+00
     800.0000000000000000   1.8351169505232313E+01   1.7441870808698869E+00
     810.0000000000000000   1.8532799375005471E+01   1.7281722672086552E+00
     820.0000000000000000   1.8714086172470932E+01   1.7125184388510635E+00
     830.0000000000000000   1.8892917409395711E+01   1.6996755241027863E+00
     840.0000000000000000   1.9073565206790413E+01   1.6846496578213084E+00
     850.0000000000000000   1.9253891637841605E+01   1.6699445433747240E+00
     860.0000000000000000   1.9433897020295056E+01   1.6555549698714096E+00
     870.0000000000000000   1.9613586476641213E+01   1.6414704652209520E+00
     880.0000000000000000   1.9792970470020293E+01   1.6276748799397347E+00
     890.0000000000000000   1.9970021930365352E+01   1.6164256358073317E+00
     900.0000000000000000   2.0148828370998103E+01   1.6031414204044756E+00
     910.0000000000000000   2.0327339545281013E+01   1.5901243738123505E+00
     920.0000000000000000   2.0505559209299456E+01   1.5773669198081874E+00
     930.0000000000000000   2.0683492071395733E+01   1.5648606218053864E+00
     940.0000000000000000   2.0861143828066151E+01   1.5525961934601853E+00
     950.0000000000000000   2.1038520514316041E+01   1.5405642607296415E+00
     960.0000000000000000   2.1215627190194766E+01   1.5287567424955026E+00
     970.0000000000000000   2.1392467535108135E+01   1.5171672078703942E+00
     980.0000000000000000   2.1569044454284423E+01   1.5057901863289695E+00
     990.0000000000000000   2.1745360754520622E+01   1.4946204413309874E+00
    1000.0000000000000000   2.1921419415394219E+01   1.4836526850114926E+00
    1100.0000000000000000   2.3668524123101445E+01   1.3839727204471783E+00
    1200.0000000000000000   2.5394936325926082E+01   1.2977894025043351E+00
    1300.0000000000000000   2.7102897890688169E+01   1.2222074722573997E+00
    1400.0000000000000000   2.8794274087414514E+01   1.1551007916082090E+00
    1500.0000000000000000   3.0468907542333810E+01   1.0962697251363336E+00
    1600.0000000000000000   3.2129781155778538E+01   1.0430447556894853E+00
    1700.0000000000000000   3.3775039651489330E+01   9.9671533330454443E-01
    1800.0000000000000000   3.5410301726504379E+01   9.5298289581304929E-01
    1843.9990000000000236   3.6124769729257885E+01   9.3592044733092383E-01
    1844.0009999999999764   3.6124802289670640E+01   9.3591959047229101E-01
    1900.0000000000000000   3.7031923272847017E+01   9.1451577033443232E-01
    2000.0000000000000000   3.8643487410716723E+01   8.7875652478323529E-01
    2100.0000000000000000   4.0244497573135789E+01   8.4609144312174833E-01
    2200.0000000000000000   4.1837095650854970E+01   8.1518025741450773E-01
    2300.0000000000000000   4.3418558402589291E+01   7.8776997999813569E-01
    2400.0000000000000000   4.4992668096537656E+01   7.6156217508577695E-01
    2475.9989999999997963   4.6183098353986047E+01   7.4304998792622801E-01
    2476.0010000000002037   4.6183129568579083E+01   7.4304953502225901E-01
    2500.0000000000000000   4.6558057041283988E+01   7.3742510861345778E-01
    2526.9989999999997963   4.6979269260247037E+01   7.3122202598511143E-01
    2527.0010000000002037   4.6979300496784198E+01   7.3122153636977982E-01
    2600.0000000000000000   4.8115480839109942E+01   7.1497052750743251E-01
    2631.9989999999997963   4.8612585224902794E+01   7.0790804108712779E-01
    2632.0010000000002037   4.8612616584597909E+01   7.0790744013991180E-01
    2700.0000000000000000   4.9665329779923454E+01   6.9402036976534021E-01
    2800.0000000000000000   5.1207485997506630E+01   6.7464421565703925E-01
    2871.9989999999997963   5.2314627788966014E+01   6.6087368151480164E-01
    2872.0010000000002037   5.2314658555851999E+01   6.6087327423452702E-01
    2900.0000000000000000   5.2744018672929379E+01   6.5581154172686795E-01
    3000.0000000000000000   5.4272833479669636E+01   6.3867835838679343E-01
    3100.0000000000000000   5.5796857742425296E+01   6.2178723032714844E-01
    3200.0000000000000000   5.7313533621137942E+01   6.0639894417230988E-01
    3300.0000000000000000   5.8825321571244707E+01   5.9144145200248865E-01
    3400.0000000000000000   6.0331218376568259E+01   5.7737847782039831E-01
    3500.0000000000000000   6.1831066394806044E+01   5.6429658423473772E-01
    3600.0000000000000000   6.3325850512557771E+01   5.5180028021846161E-01
    3700.0000000000000000   6.4816403912488028E+01   5.3959460406835458E-01
    3800.0000000000000000   6.6301861284690489E+01   5.2798145799395135E-01
    3900.0000000000000000   6.7781595423611464E+01   5.1733836503954933E-01
    4000.0000000000000000   6.9257462009856681E+01   5.0690152520939247E-01
    4100.0000000000000000   7.0729642177415101E+01   4.9662023794057764E-01
    4200.0000000000000000   7.2196651893438712E+01   4.8706092515292787E-01
    4300.0000000000000000   7.3658912929815060E+01   4.7816878201753177E-01
    4400.0000000000000000   7.5119973321363261E+01   4.6856275216261040E-01
    4500.0000000000000000   7.6573596240165713E+01   4.6059540930529558E-01
    4600.0000000000000000   7.8025487520698277E+01   4.5223552805300982E-01
    4700.0000000000000000   7.9471279828472888E+01   4.4491294188769909E-01
    4800.0000000000000000   8.0915935029702169E+01   4.3709364069357620E-01
    4900.0000000000000000   8.2357170653990536E+01   4.2951041873019030E-01
    5000.0000000000000000   8.3794465973656486E+01   4.2234127117288039E-01
    5100.0000000000000000   8.5227974039393487E+01   4.1554947761542932E-01
    5200.0000000000000000   8.6657775505368306E+01   4.0912254222203037E-01
    5300.0000000000000000   8.8084060494936523E+01   4.0300956642350649E-01
    5400.0000000000000000   8.9506389208938160E+01   3.9734596328527616E-01
    5500.0000000000000000   9.0929190948157711E+01   3.9080825240850475E-01
    5600.0000000000000000   9.2347254498413250E+01   3.8497945185366556E-01
    5700.0000000000000000   9.3759988519491543E+01   3.7998203468712988E-01
    5800.0000000000000000   9.5174118280837050E+01   3.7395377530916990E-01
    5900.0000000000000000   9.6580425205474782E+01   3.6953665122868945E-01
    6000.0000000000000000   9.7989433420277422E+01   3.6377269868416540E-01
    6100.0000000000000000   9.9394494296230476E+01   3.5846880303697809E-01
    6200.0000000000000000   1.0079114550148718E+02   3.5484089646633876E-01
    6300.0000000000000000   1.0219188267993033E+02   3.4958811159061587E-01
    6400.0000000000000000   1.0358829039707445E+02   3.4498947652741990E-01
    6500.0000000000000000   1.0498188590975715E+02   3.4045632907386408E-01
    6600.0000000000000000   1.0637420262005276E+02   3.3590419745976369E-01
    6700.0000000000000000   1.0776248394766014E+02   3.3177081906281652E-01
    6800.0000000000000000   1.0914898739173455E+02   3.2765594392667124E-01
    6900.0000000000000000   1.1053220531038905E+02   3.2390332257757776E-01
    7000.0000000000000000   1.1191303402161692E+02   3.2022537890938757E-01
    7100.0000000000000000   1.1329215715195991E+02   3.1656107967979286E-01
    7200.0000000000000000   1.1466764460541252E+02   3.1330314200342918E-01
    7300.0000000000000000   1.1604093666368237E+02   3.1008830368917384E-01
    7400.0000000000000000   1.1741890271895485E+02   3.0547746572935480E-01
    7500.0000000000000000   1.1878721826361441E+02   3.0256202369401675E-01
    7600.0000000000000000   1.2015482848421334E+02   2.9962165550124292E-01
    7700.0000000000000000   1.2152459511799323E+02   2.9558938327818363E-01
    7800.0000000000000000   1.2288718321482685E+02   2.9287268584615445E-01
    7900.0000000000000000   1.2424803766321699E+02   2.9031528458064104E-01
    8000.0000000000000000   1.2561104216353257E+02   2.8674323493571152E-01
    8100.0000000000000000   1.2696680854949875E+02   2.8437111243244417E-01
    8200.0000000000000000   1.2832706055562974E+02   2.8092168837514880E-01
    8300.0000000000000000   1.2968047199706416E+02   2.7848252145383756E-01
    8400.0000000000000000   1.3103540953375199E+02   2.7525403542390425E-01
    8500.0000000000000000   1.3238842777507946E+02   2.7216000229610160E-01
    8600.0000000000000000   1.3373397207840787E+02   2.7050129486970798E-01
    8700.0000000000000000   1.3508520174807481E+02   2.6738855013546298E-01
    8800.0000000000000000   1.3643376222080508E+02   2.6427215172403917E-01
    8900.0000000000000000   1.3777113139482111E+02   2.6317286591595623E-01
    9000.0000000000000000   1.3911789747559484E+02   2.5988804058809289E-01
    9100.0000000000000000   1.4045895338419672E+02   2.5758663769696072E-01
    9200.0000000000000000   1.4180156715955889E+02   2.5474589271849257E-01
    9300.0000000000000000   1.4313803793885023E+02   2.5286386847023873E-01
    9400.0000000000000000   1.4447059026624919E+02   2.5135555861163761E-01
    9500.0000000000000000   1.4580788721917384E+02   2.4861511297500752E-01
    9600.0000000000000000   1.4714224761228806E+02   2.4624951528068326E-01
    9700.0000000000000000   1.4847396969733234E+02   2.4406689133330722E-01
    9800.0000000000000000   1.4980307720350842E+02   2.4214116580516643E-01
    9900.0000000000000000   1.5113146602897635E+02   2.4012025828103500E-01
   10000.0000000000000000   1.5245885751040788E+02   2.3806517967568896E-01
   11000.0000000000000000   1.6565859011426753E+02   2.1914370483733273E-01
   12000.0000000000000000   1.7872179605417807E+02   2.0408021156048103E-01
   13000.0000000000000000   1.9166981447428054E+02   1.9091520652230165E-01
   14000.0000000000000000   2.0451650665679884E+02   1.7890960780826107E-01
   15000.0000000000000000   2.1726000298070463E+02   1.6888432941335751E-01
   16000.0000000000000000   2.2992084345323565E+02   1.6006443177536672E-01
   17000.0000000000000000   2.4249203748861723E+02   1.5200508146827807E-01
   18000.0000000000000000   2.5498657702876469E+02   1.4557658868020368E-01
   19000.0000000000000000   2.6742126757915537E+02   1.3796338207784978E-01
   20000.0000000000000000   2.7978304457828744E+02   1.3219615732832732E-01
   20005.9989999999997963   2.7985850399957570E+02   1.3199806721645363E-01
   20006.0010000000002037   2.7985852909543485E+02   1.3199801296558636E-01
   21000.0000000000000000   2.9207131455514201E+02   1.2782225742634140E-01
   22000.0000000000000000   3.0431808351761555E+02   1.2167391887556787E-01
   23000.0000000000000000   3.1648740402246528E+02   1.1690433322595935E-01
   24000.0000000000000000   3.2862216103770714E+02   1.1296131098880970E-01
   25000.0000000000000000   3.4069413584096179E+02   1.0988773284750389E-01
   26000.0000000000000000   3.5272505844035192E+02   1.0629591410116436E-01
   27000.0000000000000000   3.6471177343226123E+02   1.0204761681442283E-01
   28000.0000000000000000   3.7662747781109294E+02   9.9385662312882248E-02
   29000.0000000000000000   3.8853313649592945E+02   9.6925915802834273E-02
   30000.0000000000000000   4.0038745394046379E+02   9.3062971329628333E-02
   31000.0000000000000000   4.1222364482186941E+02   9.0573515167300944E-02
   32000.0000000000000000   4.2398346516428779E+02   8.8175779012169594E-02
   33000.0000000000000000   4.3569387431142724E+02   8.7045223712009817E-02
   34000.0000000000000000   4.4739765347648290E+02   8.4861558466074419E-02
   35000.0000000000000000   4.5909166448251477E+02   8.1448264150990934E-02
   36000.0000000000000000   4.7072834013720740E+02   8.0520083925399971E-02
   37000.0000000000000000   4.8236399930341776E+02   7.8962106284836311E-02
   38000.0000000000000000   4.9396301874941543E+02   7.5734798261859027E-02
   39000.0000000000000000   5.0547079146774223E+02   7.4122806083605108E-02
   40000.0000000000000000   5.1705040167228333E+02   7.2300119659386222E-02
   41000.0000000000000000   5.2850532108056962E+02   7.0588704297752436E-02
   42000.0000000000000000   5.4000014721204309E+02   7.0030447872076615E-02
   43000.0000000000000000   5.5139579226771980E+02   6.7928025084987464E-02
   44000.0000000000000000   5.6286529875037274E+02   6.6325335788731871E-02
   45000.0000000000000000   5.7426456170587232E+02   6.5468637399275623E-02
   46000.0000000000000000   5.8558255692904913E+02   6.4119086559596500E-02
   47000.0000000000000000   5.9689923545924785E+02   6.3721568620274907E-02
   48000.0000000000000000   6.0826448724949739E+02   6.1994116154127699E-02
   49000.0000000000000000   6.1956895902717110E+02   6.1497235922272166E-02
   50000.0000000000000000   6.3087828974228091E+02   5.9572781894058027E-02
