       0.1000000000000000   1.4391671714344117E+01   2.0227962977130130E-03
       0.2000000000000000   1.2696620181083674E+01   3.9402471784859231E-03
       0.3000000000000000   1.2149757373760982E+01   5.8305679346439526E-03
       0.4000000000000000   1.1956130345465732E+01   7.6219383426676572E-03
       0.5000000000000000   1.1870228635110635E+01   9.3797886204843965E-03
       0.6000000000000000   1.1836081891763270E+01   1.1108074915203776E-02
       0.7000000000000000   1.1831854262966933E+01   1.2810358544529872E-02
       0.7999999999999999   1.1845539952625401E+01   1.4489216880085594E-02
       0.8999999999999999   1.1871549503498983E+01   1.6142335929817044E-02
       0.9999999999999999   1.1904665839602869E+01   1.7776834477477944E-02
       2.0000000000000000   1.2353051013091081E+01   3.3206745896757060E-02
       3.0000000000000000   1.2777424669610010E+01   4.7554021699167705E-02
       4.0000000000000000   1.3125876166517587E+01   6.1322324269311071E-02
       5.0000000000000000   1.3403520277030387E+01   7.4815206343545090E-02
       6.0000000000000000   1.3620907515625968E+01   8.8234742727181958E-02
       7.0000000000000000   1.3788010340844005E+01   1.0171768599925327E-01
       8.0000000000000000   1.3912479160498977E+01   1.1536936231723559E-01
       9.0000000000000000   1.4000477334556503E+01   1.2927432152326887E-01
      10.0000000000000000   1.4056798084056181E+01   1.4350594593918556E-01
      11.0000000000000000   1.4085401270983343E+01   1.5812852110108122E-01
      12.0000000000000000   1.4089485159756112E+01   1.7320124135767606E-01
      13.0000000000000000   1.4071754543282822E+01   1.8878000625041857E-01
      14.0000000000000000   1.4034361738607918E+01   2.0492135880102111E-01
      15.0000000000000000   1.3979150630256534E+01   2.2168174295888018E-01
      16.0000000000000000   1.3907721180171585E+01   2.3911794355113847E-01
      17.0000000000000000   1.3821397685413006E+01   2.5728997855580898E-01
      18.0000000000000000   1.3721363460865389E+01   2.7626013053642851E-01
      19.0000000000000000   1.3608617566065179E+01   2.9609446300394865E-01
      20.0000000000000000   1.3484043568759008E+01   3.1686373871092094E-01
      21.0000000000000000   1.3348409231872296E+01   3.3864402137850047E-01
      22.0000000000000000   1.3202405996943030E+01   3.6151691673875869E-01
      23.0000000000000000   1.3046644421759865E+01   3.8557095734739677E-01
      24.0000000000000000   1.2881662322267502E+01   4.1090278057527024E-01
      25.0000000000000000   1.2707948628471151E+01   4.3761752520030589E-01
      26.0000000000000000   1.2525946652625924E+01   4.6583009016221849E-01
      27.0000000000000000   1.2336062124092480E+01   4.9566621328258642E-01
      28.0000000000000000   1.2138672951571499E+01   5.2726356969407107E-01
      29.0000000000000000   1.1934132552936871E+01   5.6077309122853958E-01
      30.0000000000000000   1.1722783369369209E+01   5.9636003247647940E-01
      31.0000000000000000   1.1504959189377999E+01   6.3420524017647095E-01
      32.0000000000000000   1.1281000394348988E+01   6.7450596749364322E-01
      33.0000000000000000   1.1051257010224957E+01   7.1747684907629250E-01
      34.0000000000000000   1.0816104650187933E+01   7.6335003231623144E-01
      35.0000000000000000   1.0575954629047438E+01   8.1237480492469694E-01
      36.0000000000000000   1.0331268727141344E+01   8.6481611696080163E-01
      37.0000000000000000   1.0082574698647287E+01   9.2095161246482216E-01
      38.0000000000000000   9.8304835697150477E+00   9.8106660668947099E-01
      39.0000000000000000   9.5757068945158004E+00   1.0454463859222265E+00
      40.0000000000000000   9.3190746533863802E+00   1.1143651477437218E+00
      41.0000000000000000   9.0615494253649747E+00   1.1880711304277416E+00
      41.9990000000000023   8.8044927578330796E+00   1.2666863892082367E+00
      42.0000000000000000   8.8042359538556489E+00   1.2667676305041708E+00
      42.0009999999999977   8.8039791513261552E+00   1.2668488769340902E+00
      43.0000000000000000   8.5483814020314686E+00   1.3505904171321510E+00
      44.0000000000000000   8.2953622711993411E+00   1.4395828635647645E+00
      44.9990000000000023   8.0469006120240021E+00   1.5335748887722560E+00
      45.0000000000000000   8.0466545650841876E+00   1.5336714649260086E+00
      45.0009999999999977   8.0464085239845922E+00   1.5337680459775660E+00
      46.0000000000000000   7.8037861618402484E+00   1.6326452457351253E+00
      47.0000000000000000   7.5682723933514939E+00   1.7361434362357395E+00
      48.0000000000000000   7.3415412213721547E+00   1.8436551609057583E+00
      49.0000000000000000   7.1248575753452030E+00   1.9545332578045649E+00
      50.0000000000000000   6.9192580304528466E+00   2.0680216629778654E+00
      51.0000000000000000   6.7255056927641954E+00   2.1832929886293142E+00
      52.0000000000000000   6.5440709974159903E+00   2.2994909242493113E+00
      53.0000000000000000   6.3751384042768633E+00   2.4157716149488060E+00
      54.0000000000000000   6.2186346006956263E+00   2.5313391405671286E+00
      55.0000000000000000   6.0742707219382988E+00   2.6454721298926520E+00
      56.0000000000000000   5.9415909057627339E+00   2.7575405924362153E+00
      57.0000000000000000   5.8200206131299232E+00   2.8670135614679153E+00
      58.0000000000000000   5.7089098584431586E+00   2.9734596837809510E+00
      59.0000000000000000   5.6075697279530923E+00   3.0765421710434850E+00
      60.0000000000000000   5.5153010721631182E+00   3.1760103463369762E+00
      61.0000000000000000   5.4314152718851361E+00   3.2716897952261981E+00
      62.0000000000000000   5.3552491454076829E+00   3.3634715239913886E+00
      63.0000000000000000   5.2861743644574473E+00   3.4513015706422516E+00
      64.0000000000000000   5.2236028691667844E+00   3.5351713146577639E+00
      65.0000000000000000   5.1669893508761193E+00   3.6151087880450401E+00
      66.0000000000000000   5.1158316151691352E+00   3.6911710869460137E+00
      67.0000000000000000   5.0696695286382614E+00   3.7634378762819907E+00
      67.9989999999999952   5.0281224942109226E+00   3.8319391625402810E+00
      68.0000000000000000   5.0280830629917546E+00   3.8320059185951756E+00
      68.0010000000000048   5.0280436359628693E+00   3.8320726710599224E+00
      69.0000000000000000   4.9906898069040260E+00   3.8969845267507877E+00
      70.0000000000000000   4.9571422137501440E+00   3.9584918270727738E+00
      71.0000000000000000   4.9271247692423481E+00   4.0166517214256912E+00
      72.0000000000000000   4.9003512021499702E+00   4.0715914408647818E+00
      73.0000000000000000   4.8765618092908287E+00   4.1234395963830464E+00
      74.0000000000000000   4.8555209430812791E+00   4.1723246423695182E+00
      75.0000000000000000   4.8370146734123489E+00   4.2183736912015055E+00
      76.0000000000000000   4.8208486970944824E+00   4.2617115529259610E+00
      77.0000000000000000   4.8068463289706109E+00   4.3024601102544002E+00
      78.0000000000000000   4.7948467884314692E+00   4.3407377689538009E+00
      79.0000000000000000   4.7847036029338224E+00   4.3766591110686512E+00
      80.0000000000000000   4.7762831832436783E+00   4.4103346559447667E+00
      81.0000000000000000   4.7694635447946068E+00   4.4418707158049520E+00
      82.0000000000000000   4.7641331645679168E+00   4.4713693260872853E+00
      83.0000000000000000   4.7601899553502340E+00   4.4989282342627783E+00
      84.0000000000000000   4.7575403476869509E+00   4.5246409343336094E+00
      85.0000000000000000   4.7560984717527486E+00   4.5485967359211630E+00
      86.0000000000000000   4.7557854227168015E+00   4.5708808596862776E+00
      87.0000000000000000   4.7565286034170828E+00   4.5915745536537207E+00
      88.0000000000000000   4.7582611410020448E+00   4.6107552150438194E+00
      89.0000000000000000   4.7609213520331481E+00   4.6284965379142129E+00
      90.0000000000000000   4.7644522737940251E+00   4.6448686500231604E+00
      91.0000000000000000   4.7688012397074386E+00   4.6599382609378015E+00
      92.0000000000000000   4.7739194972808621E+00   4.6737688093021976E+00
      93.0000000000000000   4.7797618647849562E+00   4.6864206091915461E+00
      94.0000000000000000   4.7862864220513890E+00   4.6979509942577904E+00
      95.0000000000000000   4.7934542316281572E+00   4.7084144586821646E+00
      96.0000000000000000   4.8012290870971670E+00   4.7178627942070506E+00
      97.0000000000000000   4.8095772855893095E+00   4.7263452227255067E+00
      98.0000000000000000   4.8184674215828966E+00   4.7339085241030050E+00
      99.0000000000000000   4.8278702019193727E+00   4.7405971588182165E+00
     100.0000000000000000   4.8377582741764558E+00   4.7464533857730595E+00
     103.9989999999999952   4.8816644257675774E+00   4.7623259087604266E+00
     104.0010000000000048   4.8816879838222436E+00   4.7623310656631093E+00
     110.0000000000000000   4.9584313537510640E+00   4.7671659228854031E+00
     120.0000000000000000   5.1074632491670977E+00   4.7384822646274607E+00
     130.0000000000000000   5.2743994610630471E+00   4.6796625160801266E+00
     140.0000000000000000   5.4530790178118851E+00   4.6027134453759349E+00
     150.0000000000000000   5.6322466759419418E+00   4.5358307785865932E+00
     153.9989999999999952   5.7133106470368409E+00   4.4889765885647712E+00
     154.0010000000000048   5.7133585913545542E+00   4.4889360212327833E+00
     160.0000000000000000   5.8278219512432088E+00   4.4374722633704700E+00
     167.9989999999999952   5.9833814000761434E+00   4.3653052083371238E+00
     168.0010000000000048   5.9834286266992267E+00   4.3652680614911858E+00
     169.9989999999999952   6.0239780992349488E+00   4.3438381612886126E+00
     170.0000000000000000   6.0240016677420005E+00   4.3438198370837968E+00
     170.0010000000000048   6.0240252348981747E+00   4.3438015152278959E+00
     180.0000000000000000   6.2205189216160939E+00   4.2547822983555355E+00
     190.0000000000000000   6.4229359663528127E+00   4.1569068119198436E+00
     200.0000000000000000   6.6247074301333724E+00   4.0649374838746439E+00
     210.0000000000000000   6.8258095318505401E+00   3.9783731509285776E+00
     220.0000000000000000   7.0262343298679717E+00   3.8967580962723640E+00
     230.0000000000000000   7.2259841116876453E+00   3.8196805395117450E+00
     231.9989999999999952   7.2705474530908978E+00   3.7944222314352647E+00
     232.0010000000000048   7.2705920121274028E+00   3.7943971407818387E+00
     233.9989999999999952   7.3103441872152857E+00   3.7797935070286224E+00
     234.0010000000000048   7.3103886738306185E+00   3.7797686884991983E+00
     236.9989999999999952   7.3676821045686758E+00   3.7631965306876265E+00
     237.0010000000000048   7.3677264734175809E+00   3.7631720727851259E+00
     240.0000000000000000   7.4296014718927328E+00   3.7368384950834859E+00
     250.0000000000000000   7.6321940411504858E+00   3.6588046493484390E+00
     260.0000000000000000   7.8338038802202767E+00   3.5851559408244240E+00
     270.0000000000000000   8.0344720755175949E+00   3.5155175456798311E+00
     280.0000000000000000   8.2382364540041504E+00   3.4412878686417399E+00
     290.0000000000000000   8.4370023348733376E+00   3.3790517529948021E+00
     300.0000000000000000   8.6387251998933099E+00   3.3122839103420540E+00
     310.0000000000000000   8.8357502409158766E+00   3.2562910806394156E+00
     320.0000000000000000   9.0355961188259251E+00   3.1958600729010542E+00
     330.0000000000000000   9.2345211501802495E+00   3.1383692548064968E+00
     340.0000000000000000   9.4325615686138757E+00   3.0835998259935282E+00
     350.0000000000000000   9.6297516432346946E+00   3.0313544904767102E+00
     360.0000000000000000   9.8261237685354406E+00   2.9814548780132681E+00
     370.0000000000000000   1.0024950526519806E+01   2.9277578856088819E+00
     380.0000000000000000   1.0219705230723209E+01   2.8822621216950597E+00
     390.0000000000000000   1.0413730087302289E+01   2.8386600307689545E+00
     398.9990000000000236   1.0589878483274692E+01   2.7971013612542714E+00
     399.0009999999999764   1.0589918932287896E+01   2.7970898599251379E+00
     400.0000000000000000   1.0610119383185170E+01   2.7913576920005099E+00
     410.0000000000000000   1.0802692041877235E+01   2.7513445260339724E+00
     415.9990000000000236   1.0920292767632587E+01   2.7239047625298367E+00
     416.0009999999999764   1.0920332930935215E+01   2.7238939809683149E+00
     420.0000000000000000   1.0997577386942812E+01   2.7077052277170943E+00
     430.0000000000000000   1.1191731074937614E+01   2.6657968582233060E+00
     440.0000000000000000   1.1382269687223726E+01   2.6304368198663162E+00
     450.0000000000000000   1.1575056799653678E+01   2.5915655119847041E+00
     460.0000000000000000   1.1767175528245492E+01   2.5541412751634538E+00
     470.0000000000000000   1.1958644715590978E+01   2.5180825354431828E+00
     480.0000000000000000   1.2149483145987803E+01   2.4833126114158741E+00
     490.0000000000000000   1.2336997532626883E+01   2.4541224020089132E+00
     500.0000000000000000   1.2526658900555660E+01   2.4216263872803232E+00
     510.0000000000000000   1.2715740003570152E+01   2.3902268089732059E+00
     510.9989999999999668   1.2735123656244575E+01   2.3863168767957799E+00
     511.0009999999999195   1.2735162456470565E+01   2.3863090632068205E+00
     520.0000000000000000   1.2904256362876259E+01   2.3598668800471003E+00
     530.0000000000000000   1.3094808443838033E+01   2.3264939192012495E+00
     540.0000000000000000   1.3282207834823184E+01   2.2981404630547697E+00
     550.0000000000000000   1.3469084999889839E+01   2.2706759474659366E+00
     560.0000000000000000   1.3655452919873150E+01   2.2440577389561964E+00
     570.0000000000000000   1.3841324119041104E+01   2.2182458474659947E+00
     580.0000000000000000   1.4029171206228488E+01   2.1895759306341080E+00
     590.0000000000000000   1.4214055339036561E+01   2.1653321661359022E+00
     600.0000000000000000   1.4398477038922653E+01   2.1417876243755201E+00
     610.0000000000000000   1.4582446283446775E+01   2.1189124413891904E+00
     620.0000000000000000   1.4768338615215075E+01   2.0933045317522923E+00
     630.0000000000000000   1.4951408959717531E+01   2.0717331861806128E+00
     640.0000000000000000   1.5136379637607586E+01   2.0474981101923886E+00
     650.0000000000000000   1.5318587016216522E+01   2.0271237886325650E+00
     660.0000000000000000   1.5502679578668525E+01   2.0041405982621354E+00
     670.0000000000000000   1.5684056690749273E+01   1.9848693840552984E+00
     680.0000000000000000   1.5867306762852897E+01   1.9630371356617764E+00
     690.0000000000000000   1.6047887573280370E+01   1.9447805916342087E+00
     700.0000000000000000   1.6230325645242715E+01   1.9240127392553070E+00
     710.0000000000000000   1.6410142986472533E+01   1.9066902943178063E+00
     720.0000000000000000   1.6591797432421586E+01   1.8869093841792250E+00
     730.0000000000000000   1.6770882929213411E+01   1.8704475593528924E+00
     740.0000000000000000   1.6951779701580158E+01   1.8515847329970216E+00
     750.0000000000000000   1.7132312198237340E+01   1.8331660556656686E+00
     760.0000000000000000   1.7310327986672167E+01   1.8179085618127193E+00
     770.0000000000000000   1.7490143532491832E+01   1.8003099043085762E+00
     780.0000000000000000   1.7669607400241770E+01   1.7831170261557023E+00
     790.0000000000000000   1.7846614811701944E+01   1.7689318428278513E+00
     800.0000000000000000   1.8025399409569811E+01   1.7524738252270460E+00
     810.0000000000000000   1.8203849692410174E+01   1.7363812680273822E+00
     820.0000000000000000   1.8381963100926512E+01   1.7206512938199447E+00
     830.0000000000000000   1.8557701539838181E+01   1.7077337803308339E+00
     840.0000000000000000   1.8735186945573638E+01   1.6926348139913854E+00
     850.0000000000000000   1.8912356683966372E+01   1.6778580517822099E+00
     860.0000000000000000   1.9089211144883841E+01   1.6633982383555128E+00
     870.0000000000000000   1.9265755351756461E+01   1.6492448589953785E+00
     880.0000000000000000   1.9441999478833601E+01   1.6353817233290098E+00
     890.0000000000000000   1.9615987772313172E+01   1.6240662138945907E+00
     900.0000000000000000   1.9791664160951466E+01   1.6107169805961297E+00
     910.0000000000000000   1.9967050533198041E+01   1.5976361273246347E+00
     920.0000000000000000   2.0142150584302087E+01   1.5848160430802833E+00
     930.0000000000000000   2.0316968926557411E+01   1.5722482578434256E+00
     940.0000000000000000   2.0491511124020121E+01   1.5599234531162216E+00
     950.0000000000000000   2.0665783065756923E+01   1.5478322239193363E+00
     960.0000000000000000   2.0839789698567170E+01   1.5359664593580473E+00
     970.0000000000000000   2.1013534635577187E+01   1.5243196998739412E+00
     980.0000000000000000   2.1187020741442986E+01   1.5128864473246624E+00
     990.0000000000000000   2.1360250784410646E+01   1.5016614385584377E+00
    1000.0000000000000000   2.1533227698055502E+01   1.4906393600583716E+00
    1100.0000000000000000   2.3249750814428740E+01   1.3904629234607837E+00
    1200.0000000000000000   2.4945910244944475E+01   1.3038547892342267E+00
    1300.0000000000000000   2.6623910725017279E+01   1.2279048060733391E+00
    1400.0000000000000000   2.8285586362915080E+01   1.1604758580636314E+00
    1500.0000000000000000   2.9930813907818031E+01   1.1013600296583761E+00
    1600.0000000000000000   3.1562496092789342E+01   1.0478814340107536E+00
    1700.0000000000000000   3.3178863405902192E+01   1.0013245365304304E+00
    1800.0000000000000000   3.4785355976396268E+01   9.5738681535813375E-01
    1843.9990000000000236   3.5487273595891963E+01   9.4024022986500777E-01
    1844.0009999999999764   3.5487305581971711E+01   9.4023936926172091E-01
    1900.0000000000000000   3.6378472991448831E+01   9.1873341013399967E-01
    2000.0000000000000000   3.7961686119646266E+01   8.8280429244657188E-01
    2100.0000000000000000   3.9534528499678231E+01   8.4998360896514158E-01
    2200.0000000000000000   4.1099078121438140E+01   8.1892931548659620E-01
    2300.0000000000000000   4.2652716847238224E+01   7.9138693531906035E-01
    2400.0000000000000000   4.4199103589658158E+01   7.6505677458698274E-01
    2475.9989999999997963   4.5368570828922266E+01   7.4645745217919668E-01
    2476.0010000000002037   4.5368601494702830E+01   7.4645699704437107E-01
    2500.0000000000000000   4.5736926548497500E+01   7.4080602859475264E-01
    2526.9989999999997963   4.6150721728651767E+01   7.3457361895091045E-01
    2527.0010000000002037   4.6150752414176793E+01   7.3457312718364309E-01
    2600.0000000000000000   4.7266922244561755E+01   7.1824552713488699E-01
    2631.9989999999997963   4.7755265231408259E+01   7.1115065373839481E-01
    2632.0010000000002037   4.7755296032946781E+01   7.1115005078871119E-01
    2700.0000000000000000   4.8789474024070806E+01   6.9719641777610475E-01
    2800.0000000000000000   5.0304474282375246E+01   6.7772759572581687E-01
    2871.9989999999997963   5.1392099860357057E+01   6.6389389426089429E-01
    2872.0010000000002037   5.1392130083820454E+01   6.6389348526499192E-01
    2900.0000000000000000   5.1813925513894418E+01   6.5880794069046555E-01
    3000.0000000000000000   5.3315811813611866E+01   6.4159294058701444E-01
    3100.0000000000000000   5.4812962994618147E+01   6.2462470062816033E-01
    3200.0000000000000000   5.6302915097049329E+01   6.0916360167359374E-01
    3300.0000000000000000   5.7788046722673670E+01   5.9413723605812485E-01
    3400.0000000000000000   5.9267393593735591E+01   5.8000900765790631E-01
    3500.0000000000000000   6.0740807192420675E+01   5.6686519321895190E-01
    3600.0000000000000000   6.2209241360541434E+01   5.5431004561114561E-01
    3700.0000000000000000   6.3673503328110016E+01   5.4204837298000674E-01
    3800.0000000000000000   6.5132761009992123E+01   5.3038187010125526E-01
    3900.0000000000000000   6.6586411926814691E+01   5.1968787254322202E-01
    4000.0000000000000000   6.8036249534701810E+01   5.0920241042748182E-01
    4100.0000000000000000   6.9482451128166389E+01   4.9887462886754791E-01
    4200.0000000000000000   7.0923586904980823E+01   4.8927080926203248E-01
    4300.0000000000000000   7.2360066124172818E+01   4.8033601854061037E-01
    4400.0000000000000000   7.3795314908731243E+01   4.7068908304566864E-01
    4500.0000000000000000   7.5223316452749231E+01   4.6268246900860782E-01
    4600.0000000000000000   7.6649579040428748E+01   4.5428485233980553E-01
    4700.0000000000000000   7.8069889818606569E+01   4.4692597572488385E-01
    4800.0000000000000000   7.9489038927534082E+01   4.3907174537063520E-01
    4900.0000000000000000   8.0904825329734052E+01   4.3145487828784801E-01
    5000.0000000000000000   8.2316748071903419E+01   4.2425329822075702E-01
    5100.0000000000000000   8.3724956355117527E+01   4.1743021860748841E-01
    5200.0000000000000000   8.5129529448609318E+01   4.1097308224969603E-01
    5300.0000000000000000   8.6530652201751110E+01   4.0483093357871830E-01
    5400.0000000000000000   8.7927901505286613E+01   3.9913913263924544E-01
    5500.0000000000000000   8.9325553069567860E+01   3.9257414964631454E-01
    5600.0000000000000000   9.0718579074285657E+01   3.8671895660003469E-01
    5700.0000000000000000   9.2106410016813385E+01   3.8169598355449136E-01
    5800.0000000000000000   9.3495537152957112E+01   3.7564296469558223E-01
    5900.0000000000000000   9.4877065279201346E+01   3.7120183988996641E-01
    6000.0000000000000000   9.6261151602109905E+01   3.6541461010186488E-01
    6100.0000000000000000   9.7641380937486332E+01   3.6008812760149994E-01
    6200.0000000000000000   9.9013447936788054E+01   3.5643829349228534E-01
    6300.0000000000000000   1.0038941226369180E+02   3.5116421117973817E-01
    6400.0000000000000000   1.0176115361104492E+02   3.4654488129285177E-01
    6500.0000000000000000   1.0313013704465074E+02   3.4199161573792825E-01
    6600.0000000000000000   1.0449784317688994E+02   3.3741991833637464E-01
    6700.0000000000000000   1.0586161261709957E+02   3.3326750343439915E-01
    6800.0000000000000000   1.0722362469986449E+02   3.2913409932452514E-01
    6900.0000000000000000   1.0858242525102187E+02   3.2536343597374645E-01
    7000.0000000000000000   1.0993887997021008E+02   3.2166791782731480E-01
    7100.0000000000000000   1.1129364927892485E+02   3.1798649323035294E-01
    7200.0000000000000000   1.1264487125415792E+02   3.1471186185230382E-01
    7300.0000000000000000   1.1399393646982104E+02   3.1148074496099487E-01
    7400.0000000000000000   1.1534747472966184E+02   3.0685402785353427E-01
    7500.0000000000000000   1.1669166307998977E+02   3.0392309119674876E-01
    7600.0000000000000000   1.1803513448792191E+02   3.0096759874775608E-01
    7700.0000000000000000   1.1938065119014949E+02   2.9692055916897131E-01
    7800.0000000000000000   1.2071920526629101E+02   2.9418943847058276E-01
    7900.0000000000000000   1.2205605173407569E+02   2.9161794583104572E-01
    8000.0000000000000000   1.2339493900146057E+02   2.8803212508483228E-01
    8100.0000000000000000   1.2472680775707090E+02   2.8564654067680662E-01
    8200.0000000000000000   1.2606297221604090E+02   2.8218395334678781E-01
    8300.0000000000000000   1.2739250280843466E+02   2.7973191170256451E-01
    8400.0000000000000000   1.2872347405014571E+02   2.7649082987213880E-01
    8500.0000000000000000   1.3005256151655755E+02   2.7338447066813248E-01
    8600.0000000000000000   1.3137440530218143E+02   2.7171369809709611E-01
    8700.0000000000000000   1.3270170488503302E+02   2.6858914074017226E-01
    8800.0000000000000000   1.3402639834184166E+02   2.6546117418075127E-01
    8900.0000000000000000   1.3534026208087573E+02   2.6435055699492616E-01
    9000.0000000000000000   1.3666316458378731E+02   2.6105462967978238E-01
    9100.0000000000000000   1.3798052758194953E+02   2.5874234711961952E-01
    9200.0000000000000000   1.3929936527659467E+02   2.5589093800974599E-01
    9300.0000000000000000   1.4061224655839803E+02   2.5399845866368004E-01
    9400.0000000000000000   1.4192131852907747E+02   2.5247989649934427E-01
    9500.0000000000000000   1.4323494159072470E+02   2.4972939535683877E-01
    9600.0000000000000000   1.4454570359823813E+02   2.4735393320115354E-01
    9700.0000000000000000   1.4585389271736071E+02   2.4516163030677379E-01
    9800.0000000000000000   1.4715953218524101E+02   2.4322640603002221E-01
    9900.0000000000000000   1.4846445190663431E+02   2.4119617484354597E-01
   10000.0000000000000000   1.4976838328742667E+02   2.3913194274407745E-01
   11000.0000000000000000   1.6273475209270165E+02   2.2012733205572327E-01
   12000.0000000000000000   1.7556708845707297E+02   2.0499345384362436E-01
   13000.0000000000000000   1.8828621415525035E+02   1.9176803578871754E-01
   14000.0000000000000000   2.0090569560113272E+02   1.7970997716092049E-01
   15000.0000000000000000   2.1342388877639280E+02   1.6963868865561488E-01
   16000.0000000000000000   2.2586075133567488E+02   1.6077808736462743E-01
   17000.0000000000000000   2.3820965508668871E+02   1.5268245422902635E-01
   18000.0000000000000000   2.5048323959710157E+02   1.4622140237558742E-01
   19000.0000000000000000   2.6269781181343171E+02   1.3857880404665676E-01
   20000.0000000000000000   2.7484084396724927E+02   1.3278490515552127E-01
   20005.9989999999997963   2.7491494216384211E+02   1.3258666244879891E-01
   20006.0010000000002037   2.7491496680803129E+02   1.3258660814707232E-01
   21000.0000000000000000   2.8691183407518878E+02   1.2838668107437259E-01
   22000.0000000000000000   2.9894173056662402E+02   1.2221606477813941E-01
   23000.0000000000000000   3.1089590176741081E+02   1.1742599491590436E-01
   24000.0000000000000000   3.2281578216229690E+02   1.1346406953111425E-01
   25000.0000000000000000   3.3467418805107042E+02   1.1037298945508592E-01
   26000.0000000000000000   3.4649213092642617E+02   1.0676491668655584E-01
   27000.0000000000000000   3.5826660486628089E+02   1.0250148178707531E-01
   28000.0000000000000000   3.6997178164041901E+02   9.9825392612362673E-02
   29000.0000000000000000   3.8166652344888757E+02   9.7352415924946242E-02
   30000.0000000000000000   3.9331101187553355E+02   9.3477059930135581E-02
   31000.0000000000000000   4.0493732613762160E+02   9.0975935699093832E-02
   32000.0000000000000000   4.1648928925148192E+02   8.8567208754402008E-02
   33000.0000000000000000   4.2799294042704224E+02   8.7426281475510959E-02
   34000.0000000000000000   4.3948958469906830E+02   8.5232811202209088E-02
   35000.0000000000000000   4.5097621509339558E+02   8.1810232646794503E-02
   36000.0000000000000000   4.6240695118542442E+02   8.0873247733109527E-02
   37000.0000000000000000   4.7383615704364712E+02   7.9306908006585616E-02
   38000.0000000000000000   4.8522947540907472E+02   7.6071647288585370E-02
   39000.0000000000000000   4.9653422986498765E+02   7.4452081869857106E-02
   40000.0000000000000000   5.0790780449402428E+02   7.2622174601765704E-02
   41000.0000000000000000   5.1916057402226443E+02   7.0903866273430621E-02
   42000.0000000000000000   5.3045138079583398E+02   7.0339022484638400E-02
   43000.0000000000000000   5.4164602558451099E+02   6.8230297657346436E-02
   44000.0000000000000000   5.5291149792948022E+02   6.6621573136682849E-02
   45000.0000000000000000   5.6410875614266615E+02   6.5759089414153135E-02
   46000.0000000000000000   5.7522717408831772E+02   6.4403987624274198E-02
   47000.0000000000000000   5.8634391088469624E+02   6.4001138879216643E-02
   48000.0000000000000000   5.9750711791499441E+02   6.2268562655250506E-02
   49000.0000000000000000   6.0861128523545619E+02   6.1766753645902915E-02
   50000.0000000000000000   6.1971976008086835E+02   5.9837554682173666E-02
