       0.1000000000000000   1.7296396960718454E+02   1.6956942752494131E-04
       0.2000000000000000   1.4843681060670102E+02   3.4353862583333774E-04
       0.3000000000000000   1.3817061307638511E+02   5.2908083888131166E-04
       0.4000000000000000   1.3236639772247085E+02   7.1902559629797897E-04
       0.5000000000000000   1.2796670598502607E+02   9.1943532894349291E-04
       0.6000000000000000   1.2428393841079962E+02   1.1307434432036062E-03
       0.7000000000000000   1.2104203075373944E+02   1.3534083269138557E-03
       0.7999999999999999   1.1809293626101811E+02   1.5877781622796734E-03
       0.8999999999999999   1.1536999169560742E+02   1.8336243208557570E-03
       0.9999999999999999   1.1280530273635024E+02   2.0918219748118599E-03
       2.0000000000000000   9.2512513902463667E+01   5.3639409770552746E-03
       3.0000000000000000   7.8214942147510413E+01   9.9111468007208464E-03
       4.0000000000000000   6.7791241955480984E+01   1.5667052863692570E-02
       5.0000000000000000   5.9987922500174150E+01   2.2524923884710297E-02
       6.0000000000000000   5.3971103161990392E+01   3.0389742831999824E-02
       7.0000000000000000   4.9200277112964386E+01   3.9186529614586067E-02
       8.0000000000000000   4.5320260070477275E+01   4.8862560157365148E-02
       9.0000000000000000   4.2094643554722474E+01   5.9382381669903575E-02
      10.0000000000000000   3.9361584607120484E+01   7.0725029858045935E-02
      11.0000000000000000   3.7008018698963241E+01   8.2880305783547395E-02
      12.0000000000000000   3.4952667515772006E+01   9.5846616456781497E-02
      13.0000000000000000   3.3135911089570101E+01   1.0963034167102624E-01
      14.0000000000000000   3.1512671904748366E+01   1.2424578394886786E-01
      15.0000000000000000   3.0048554622212773E+01   1.3971400812950074E-01
      16.0000000000000000   2.8716911436183956E+01   1.5606187491195461E-01
      17.0000000000000000   2.7496577944898643E+01   1.7332337932729114E-01
      18.0000000000000000   2.6370703658202309E+01   1.9153855459525099E-01
      19.0000000000000000   2.5325624415953243E+01   2.1075405666415289E-01
      20.0000000000000000   2.4350148664187920E+01   2.3102370573745759E-01
      21.0000000000000000   2.3435024162996431E+01   2.5240868980957892E-01
      22.0000000000000000   2.2572570204987517E+01   2.7497764068804498E-01
      23.0000000000000000   2.1756326022751953E+01   2.9880760691080321E-01
      24.0000000000000000   2.0980813977224809E+01   3.2398505891279428E-01
      25.0000000000000000   2.0241383374551432E+01   3.5060615781195964E-01
      26.0000000000000000   1.9534056112393415E+01   3.7877783834432077E-01
      27.0000000000000000   1.8855416334033606E+01   4.0861877338461688E-01
      28.0000000000000000   1.8202524523251274E+01   4.4026037759378245E-01
      29.0000000000000000   1.7572841867489306E+01   4.7384800645409081E-01
      30.0000000000000000   1.6964181853961566E+01   5.0954198897658032E-01
      31.0000000000000000   1.6374661578765856E+01   5.4751880040062251E-01
      32.0000000000000000   1.5802675022125097E+01   5.8797186356616682E-01
      33.0000000000000000   1.5246860996015805E+01   6.3111244556172019E-01
      34.0000000000000000   1.4706090181835851E+01   6.7716978552810692E-01
      35.0000000000000000   1.4179451848887487E+01   7.2639068817626418E-01
      36.0000000000000000   1.3666247916868588E+01   7.7903803793407600E-01
      37.0000000000000000   1.3165990999956925E+01   8.3538782336620054E-01
      38.0000000000000000   1.2678405975730554E+01   8.9572411683029751E-01
      39.0000000000000000   1.2203433174645124E+01   9.6033137915504507E-01
      40.0000000000000000   1.1741231979344139E+01   1.0294834149737861E+00
      41.0000000000000000   1.1292180196691989E+01   1.1034285018890753E+00
      41.9990000000000023   1.0857295803270612E+01   1.1822889218303445E+00
      42.0000000000000000   1.0856867599522484E+01   1.1823704119521494E+00
      42.0009999999999977   1.0856439410283665E+01   1.1824519072151112E+00
      43.0000000000000000   1.0436077871760435E+01   1.2664458114628525E+00
      44.0000000000000000   1.0030755397351353E+01   1.3556993518930178E+00
      44.9990000000000023   9.6423332502996324E+00   1.4499622612388481E+00
      45.0000000000000000   9.6419530639196331E+00   1.4500591141676695E+00
      45.0009999999999977   9.6415728951550399E+00   1.4501559720061497E+00
      46.0000000000000000   9.2707623674094943E+00   1.5493159144750763E+00
      47.0000000000000000   8.9182285295153907E+00   1.6531108418020686E+00
      48.0000000000000000   8.5852600005526103E+00   1.7609347900507135E+00
      49.0000000000000000   8.2725443786083019E+00   1.8721421177264170E+00
      50.0000000000000000   7.9804835546364723E+00   1.9859778951408771E+00
      51.0000000000000000   7.7091576777778696E+00   2.1016153846647319E+00
      52.0000000000000000   7.4583218032608949E+00   2.2181983994940917E+00
      53.0000000000000000   7.2274322690820645E+00   2.3348826919027625E+00
      54.0000000000000000   7.0156950156559503E+00   2.4508714878043727E+00
      55.0000000000000000   6.8221257435363745E+00   2.5654421862668388E+00
      56.0000000000000000   6.6456124910886629E+00   2.6779632922242351E+00
      57.0000000000000000   6.4849735139633315E+00   2.7879021576170180E+00
      58.0000000000000000   6.3390056401587280E+00   2.8948256614809238E+00
      59.0000000000000000   6.2065224238141248E+00   2.9983952359957970E+00
      60.0000000000000000   6.0863817346413960E+00   3.0983584718104371E+00
      61.0000000000000000   5.9775035201960396E+00   3.1945393083498237E+00
      62.0000000000000000   5.8788807034980488E+00   3.2868272203645010E+00
      63.0000000000000000   5.7895840152384537E+00   3.3751668441722176E+00
      64.0000000000000000   5.7087627483231360E+00   3.4595482934145347E+00
      65.0000000000000000   5.6356427019349384E+00   3.5399984702017724E+00
      66.0000000000000000   5.5695223276225319E+00   3.6165734719841676E+00
      67.0000000000000000   5.5097678431087314E+00   3.6893520886043287E+00
      67.9989999999999952   5.4558590967703706E+00   3.7583630567143591E+00
      68.0000000000000000   5.4558078554242337E+00   3.7584303219162729E+00
      68.0010000000000048   5.4557566193537737E+00   3.7584975835257359E+00
      69.0000000000000000   5.4071278620814809E+00   3.8239168283157903E+00
      70.0000000000000000   5.3632648755417058E+00   3.8859291718465832E+00
      71.0000000000000000   5.3238023145901989E+00   3.9445907760445915E+00
      72.0000000000000000   5.2883652527497018E+00   4.0000284682861800E+00
      73.0000000000000000   5.2566160570152540E+00   4.0523705217009010E+00
      74.0000000000000000   5.2282504282188000E+00   4.1017451105861573E+00
      75.0000000000000000   5.2029938210730089E+00   4.1482791176342255E+00
      76.0000000000000000   5.1805982943552866E+00   4.1920971674720695E+00
      77.0000000000000000   5.1608395841344601E+00   4.2333209952887625E+00
      78.0000000000000000   5.1435146121995503E+00   4.2720688924852315E+00
      79.0000000000000000   5.1284392166815289E+00   4.3084553552838774E+00
      80.0000000000000000   5.1154461493651624E+00   4.3425908417925871E+00
      81.0000000000000000   5.1043832997143168E+00   4.3745816241174049E+00
      82.0000000000000000   5.0951121205199605E+00   4.4045297156639318E+00
      83.0000000000000000   5.0875062320112310E+00   4.4325328573936194E+00
      84.0000000000000000   5.0814501827363170E+00   4.4586845499325811E+00
      85.0000000000000000   5.0768383508238886E+00   4.4830741207472169E+00
      86.0000000000000000   5.0735739671769702E+00   4.5057868178264835E+00
      87.0000000000000000   5.0715682452215480E+00   4.5269039245122205E+00
      88.0000000000000000   5.0707396155292637E+00   4.5465028800751810E+00
      89.0000000000000000   5.0710130252452927E+00   4.5646574262067263E+00
      90.0000000000000000   5.0723193309241026E+00   4.5814377429245488E+00
      91.0000000000000000   5.0745947475772679E+00   4.5969105958690690E+00
      92.0000000000000000   5.0777803572332152E+00   4.6111394828487864E+00
      93.0000000000000000   5.0818216687869677E+00   4.6241847795782993E+00
      94.0000000000000000   5.0866682231882416E+00   4.6361038832934502E+00
      95.0000000000000000   5.0922732388103880E+00   4.6469513532475677E+00
      96.0000000000000000   5.0985932924864565E+00   4.6567790473513631E+00
      97.0000000000000000   5.1055880322293161E+00   4.6656362544260457E+00
      98.0000000000000000   5.1132199179751110E+00   4.6735698217182406E+00
      99.0000000000000000   5.1214539882732222E+00   4.6806242773692697E+00
     100.0000000000000000   5.1302576476571291E+00   4.6868419479012156E+00
     103.9989999999999952   5.1705778379291516E+00   4.7041174730187221E+00
     104.0010000000000048   5.1705998755437861E+00   4.7041233150655417E+00
     110.0000000000000000   5.2438070813027720E+00   4.7109427684501579E+00
     120.0000000000000000   5.3904489374674052E+00   4.6852797980022869E+00
     130.0000000000000000   5.5579248210056944E+00   4.6291682355766364E+00
     140.0000000000000000   5.7390613667309163E+00   4.5546606939040375E+00
     150.0000000000000000   5.9215541876803313E+00   4.4898058709699606E+00
     153.9989999999999952   6.0050643506447452E+00   4.4437010959257943E+00
     154.0010000000000048   6.0051143051340565E+00   4.4436608965924211E+00
     160.0000000000000000   6.1225893260943103E+00   4.3932717146853877E+00
     167.9989999999999952   6.2826265300372208E+00   4.3224520821577999E+00
     168.0010000000000048   6.2826757510398199E+00   4.3224152607462241E+00
     169.9989999999999952   6.3245423020862024E+00   4.3013077299459583E+00
     170.0000000000000000   6.3245668667966060E+00   4.3012895657287622E+00
     170.0010000000000048   6.3245914300195549E+00   4.3012714038591380E+00
     180.0000000000000000   6.5271519754696889E+00   4.2137873088179933E+00
     190.0000000000000000   6.7364308708054352E+00   4.1173281991228876E+00
     200.0000000000000000   6.9451683112328126E+00   4.0266699852148076E+00
     210.0000000000000000   7.1533209490128495E+00   3.9413231367515436E+00
     220.0000000000000000   7.3608657074984123E+00   3.8608419116262747E+00
     230.0000000000000000   7.5677929840433293E+00   3.7848231280971678E+00
     231.9989999999999952   7.6142531748193516E+00   3.7597681405015853E+00
     232.0010000000000048   7.6142996308626518E+00   3.7597432519374698E+00
     233.9989999999999952   7.6554882178406150E+00   3.7453401924252550E+00
     234.0010000000000048   7.6555345982640182E+00   3.7453155733654753E+00
     236.9989999999999952   7.7147643980214058E+00   3.7290395342826566E+00
     237.0010000000000048   7.7148106550379776E+00   3.7290152720182124E+00
     240.0000000000000000   7.7790723050155055E+00   3.7029722509698209E+00
     250.0000000000000000   7.9893268053047715E+00   3.6258684534067522E+00
     260.0000000000000000   8.1985959786895020E+00   3.5530943477758989E+00
     270.0000000000000000   8.4069190032133250E+00   3.4842800946434642E+00
     280.0000000000000000   8.6187100253517688E+00   3.4108284954763368E+00
     290.0000000000000000   8.8251035064207244E+00   3.3493282870139232E+00
     300.0000000000000000   9.0348014032383333E+00   3.2832576413190377E+00
     310.0000000000000000   9.2394260524800398E+00   3.2279263846590518E+00
     320.0000000000000000   9.4471969685964758E+00   3.1681240877329229E+00
     330.0000000000000000   9.6540188101251569E+00   3.1112315971270195E+00
     340.0000000000000000   9.8599286556237491E+00   3.0570323441432805E+00
     350.0000000000000000   1.0064961628040276E+01   3.0053310475182196E+00
     360.0000000000000000   1.0269150972382302E+01   2.9559511607268201E+00
     370.0000000000000000   1.0476068396181097E+01   2.9027512357821923E+00
     380.0000000000000000   1.0678584214904360E+01   2.8577313866466993E+00
     390.0000000000000000   1.0880347132014915E+01   2.8145854305209772E+00
     398.9990000000000236   1.1063636397463181E+01   2.7734213663469531E+00
     399.0009999999999764   1.1063678556116733E+01   2.7734099511137913E+00
     400.0000000000000000   1.1084732812584329E+01   2.7677207009149711E+00
     410.0000000000000000   1.1284992880691171E+01   2.7281277670575435E+00
     415.9990000000000236   1.1407413470629786E+01   2.7009322036478434E+00
     416.0009999999999764   1.1407455330299408E+01   2.7009215025445643E+00
     420.0000000000000000   1.1487815412063098E+01   2.6848923776445708E+00
     430.0000000000000000   1.1689876435860915E+01   2.6433725626265261E+00
     440.0000000000000000   1.1888029423615883E+01   2.6083866165209315E+00
     450.0000000000000000   1.2088669979995931E+01   2.5698757617920873E+00
     460.0000000000000000   1.2288614797727355E+01   2.5327990996981637E+00
     470.0000000000000000   1.2487883466932038E+01   2.4970757603740785E+00
     480.0000000000000000   1.2686495562712839E+01   2.4626297151456944E+00
     490.0000000000000000   1.2881513917045496E+01   2.4337524689626298E+00
     500.0000000000000000   1.3078902688710640E+01   2.4015590653422771E+00
     510.0000000000000000   1.3275687461911311E+01   2.3704522706363531E+00
     510.9989999999999668   1.3295886749643921E+01   2.3665710667165651E+00
     511.0009999999999195   1.3295927182511873E+01   2.3665633105485009E+00
     520.0000000000000000   1.3471884416003633E+01   2.3403757868897537E+00
     530.0000000000000000   1.3670326893775117E+01   2.3072773893530156E+00
     540.0000000000000000   1.3865359535165149E+01   2.2791900413527051E+00
     550.0000000000000000   1.4059848691405845E+01   2.2519835780368282E+00
     560.0000000000000000   1.4253807894110375E+01   2.2256157399900518E+00
     570.0000000000000000   1.4447250203142291E+01   2.2000468879728978E+00
     580.0000000000000000   1.4642868703785393E+01   2.1716130089985706E+00
     590.0000000000000000   1.4835282314805930E+01   2.1475985903035117E+00
     600.0000000000000000   1.5027214782570285E+01   2.1242769935238952E+00
     610.0000000000000000   1.5218676480692078E+01   2.1016186289509338E+00
     620.0000000000000000   1.5412254128448446E+01   2.0762216696710083E+00
     630.0000000000000000   1.5602779258310695E+01   2.0548556502933026E+00
     640.0000000000000000   1.5795394367278927E+01   2.0308205066424629E+00
     650.0000000000000000   1.5985020338937973E+01   2.0106409412264172E+00
     660.0000000000000000   1.6176718687434004E+01   1.9878475366915600E+00
     670.0000000000000000   1.6365479510529518E+01   1.9687613329148086E+00
     680.0000000000000000   1.6556298371564910E+01   1.9471095041968134E+00
     690.0000000000000000   1.6744229543312986E+01   1.9290289641624490E+00
     700.0000000000000000   1.6934200701118122E+01   1.9084328662080039E+00
     710.0000000000000000   1.7121336583849850E+01   1.8912780838535805E+00
     720.0000000000000000   1.7310489611660572E+01   1.8716608943263604E+00
     730.0000000000000000   1.7496863341294471E+01   1.8553589906405517E+00
     740.0000000000000000   1.7685225260246064E+01   1.8366524215390541E+00
     750.0000000000000000   1.7873206989948560E+01   1.8183864666636365E+00
     760.0000000000000000   1.8058465736107909E+01   1.8032782834480066E+00
     770.0000000000000000   1.8245698984184145E+01   1.7858256419955756E+00
     780.0000000000000000   1.8432564949110667E+01   1.7687755971306411E+00
     790.0000000000000000   1.8616773010280244E+01   1.7547301710498588E+00
     800.0000000000000000   1.8802929958397645E+01   1.7384089365698361E+00
     810.0000000000000000   1.8988737785248890E+01   1.7224502857418365E+00
     820.0000000000000000   1.9174193477241733E+01   1.7068514342492727E+00
     830.0000000000000000   1.9357079342533726E+01   1.6940623488615905E+00
     840.0000000000000000   1.9541879952833359E+01   1.6790892012246941E+00
     850.0000000000000000   1.9726350851523410E+01   1.6644357299109913E+00
     860.0000000000000000   1.9910492258876982E+01   1.6500967577343599E+00
     870.0000000000000000   2.0094309441874934E+01   1.6360618448908866E+00
     880.0000000000000000   2.0277813275842352E+01   1.6223148728391750E+00
     890.0000000000000000   2.0458876123511626E+01   1.6111132930267451E+00
     900.0000000000000000   2.0641788032133558E+01   1.5978758214936544E+00
     910.0000000000000000   2.0824396987013593E+01   1.5849046256333919E+00
     920.0000000000000000   2.1006706834213798E+01   1.5721921554463290E+00
     930.0000000000000000   2.1188722421569654E+01   1.5597299995341680E+00
     940.0000000000000000   2.1370449636137671E+01   1.5475088957577483E+00
     950.0000000000000000   2.1551894722241666E+01   1.5355194933430936E+00
     960.0000000000000000   2.1733062903032600E+01   1.5237537335505531E+00
     970.0000000000000000   2.1913957954823889E+01   1.5122052070236418E+00
     980.0000000000000000   2.2094582843562744E+01   1.5008684639603918E+00
     990.0000000000000000   2.2274940433906561E+01   1.4897382877743455E+00
    1000.0000000000000000   2.2455033773732939E+01   1.4788094098205153E+00
    1100.0000000000000000   2.4242139519763075E+01   1.3794840205272831E+00
    1200.0000000000000000   2.6008066192201021E+01   1.2936030229544535E+00
    1300.0000000000000000   2.7755109854049270E+01   1.2182822050179190E+00
    1400.0000000000000000   2.9485181350038225E+01   1.1514035284464454E+00
    1500.0000000000000000   3.1198078233903626E+01   1.0927734389825121E+00
    1600.0000000000000000   3.2896896543381828E+01   1.0397270785576909E+00
    1700.0000000000000000   3.4579664539602966E+01   9.9355753002705738E-01
    1800.0000000000000000   3.6252248848501218E+01   9.4996910771789289E-01
    1843.9990000000000236   3.6982983847180797E+01   9.3296561233186448E-01
    1844.0009999999999764   3.6983017152228271E+01   9.3296475809609225E-01
    1900.0000000000000000   3.7910809549838810E+01   9.1163244750122185E-01
    2000.0000000000000000   3.9559084449414648E+01   8.7599199285394436E-01
    2100.0000000000000000   4.1196537416799032E+01   8.4343556793885477E-01
    2200.0000000000000000   4.2825398933479832E+01   8.1262418198706898E-01
    2300.0000000000000000   4.4442803106232468E+01   7.8530591575551389E-01
    2400.0000000000000000   4.6052701751471467E+01   7.5918323443765878E-01
    2475.9989999999997963   4.7270177182273848E+01   7.4073160922379166E-01
    2476.0010000000002037   4.7270209104600795E+01   7.4073115786971566E-01
    2500.0000000000000000   4.7653651732468518E+01   7.3512516933062533E-01
    2526.9989999999997963   4.8084428038954137E+01   7.2894245388256906E-01
    2527.0010000000002037   4.8084459986086294E+01   7.2894196576152015E-01
    2600.0000000000000000   4.9246435523555235E+01   7.1274412189461578E-01
    2631.9989999999997963   4.9754831193085579E+01   7.0570410499906089E-01
    2632.0010000000002037   4.9754863272817985E+01   7.0570350544091009E-01
    2700.0000000000000000   5.0831453637336331E+01   6.9186259335108957E-01
    2800.0000000000000000   5.2408574998382981E+01   6.7255065139498460E-01
    2871.9989999999997963   5.3540835463202775E+01   6.5882385462941473E-01
    2872.0010000000002037   5.3540866929517065E+01   6.5882344853668373E-01
    2900.0000000000000000   5.3979959969955708E+01   6.5377819663368386E-01
    3000.0000000000000000   5.5543408402937821E+01   6.3670161023315164E-01
    3100.0000000000000000   5.7101980362577322E+01   6.1986378251644103E-01
    3200.0000000000000000   5.8652991355299406E+01   6.0452578733509288E-01
    3300.0000000000000000   6.0199013127007269E+01   5.8961583113552096E-01
    3400.0000000000000000   6.1738990227916979E+01   5.7559786403159330E-01
    3500.0000000000000000   6.3272753167443149E+01   5.6255865033635732E-01
    3600.0000000000000000   6.4801329175655965E+01   5.5010287955295167E-01
    3700.0000000000000000   6.6325586779218156E+01   5.3793575206357580E-01
    3800.0000000000000000   6.7844616203021062E+01   5.2635931603398389E-01
    3900.0000000000000000   6.9357757323318665E+01   5.1575122630892734E-01
    4000.0000000000000000   7.0866949931187179E+01   5.0534780222640885E-01
    4100.0000000000000000   7.2372380563492769E+01   4.9509845154217030E-01
    4200.0000000000000000   7.3872492553992203E+01   4.8556969473185663E-01
    4300.0000000000000000   7.5367724820783280E+01   4.7670681684390248E-01
    4400.0000000000000000   7.6861789306730543E+01   4.6712884364758983E-01
    4500.0000000000000000   7.8348154102705905E+01   4.5918842408622762E-01
    4600.0000000000000000   7.9832790368490961E+01   4.5085440179690495E-01
    4700.0000000000000000   8.1311123851636083E+01   4.4355667372487789E-01
    4800.0000000000000000   8.2788346775239603E+01   4.3576128820570670E-01
    4900.0000000000000000   8.4262067694903735E+01   4.2820109342739104E-01
    5000.0000000000000000   8.5731739612499993E+01   4.2105413440342060E-01
    5100.0000000000000000   8.7197520944403422E+01   4.1428373685904596E-01
    5200.0000000000000000   8.8659494399557417E+01   4.0787744772425039E-01
    5300.0000000000000000   9.0117857342767977E+01   4.0178440813381305E-01
    5400.0000000000000000   9.1572147863857978E+01   3.9614006806661195E-01
    5500.0000000000000000   9.3027000511618823E+01   3.8962098148960750E-01
    5600.0000000000000000   9.4476959282595956E+01   3.8381019849917780E-01
    5700.0000000000000000   9.5921403949023372E+01   3.7883022206340472E-01
    5800.0000000000000000   9.7367372088218801E+01   3.7281885452626690E-01
    5900.0000000000000000   9.8805213995669490E+01   3.6841809954130056E-01
    6000.0000000000000000   1.0024594308106884E+02   3.6267001783615560E-01
    6100.0000000000000000   1.0168259962359568E+02   3.5738151773592691E-01
    6200.0000000000000000   1.0311051245778795E+02   3.5376855297595838E-01
    6300.0000000000000000   1.0454275791069104E+02   3.4853027643022472E-01
    6400.0000000000000000   1.0597052765608039E+02   3.4394573526879424E-01
    6500.0000000000000000   1.0739540856136266E+02   3.3942628522680440E-01
    6600.0000000000000000   1.0881900433770669E+02   3.3488747143859726E-01
    6700.0000000000000000   1.1023842926468771E+02   3.3076704722684586E-01
    6800.0000000000000000   1.1165604487520478E+02   3.2666477768827989E-01
    6900.0000000000000000   1.1307027256862398E+02   3.2292442757231354E-01
    7000.0000000000000000   1.1448204945424449E+02   3.1925843422290351E-01
    7100.0000000000000000   1.1589209005568497E+02   3.1560577712700677E-01
    7200.0000000000000000   1.1729837386027907E+02   3.1235918545570662E-01
    7300.0000000000000000   1.1870240724092896E+02   3.0915540844572265E-01
    7400.0000000000000000   1.2011137746254396E+02   3.0455535792937571E-01
    7500.0000000000000000   1.2151029474424578E+02   3.0165043976645933E-01
    7600.0000000000000000   1.2290851854289831E+02   2.9872034164930550E-01
    7700.0000000000000000   1.2430904248469183E+02   2.9469809499594063E-01
    7800.0000000000000000   1.2570209823034230E+02   2.9199118746492764E-01
    7900.0000000000000000   1.2709338243340005E+02   2.8944334884293238E-01
    8000.0000000000000000   1.2848695801446067E+02   2.8588064259470297E-01
    8100.0000000000000000   1.2987300134299244E+02   2.8351765187523514E-01
    8200.0000000000000000   1.3126377844386801E+02   2.8007715526805371E-01
    8300.0000000000000000   1.3264743814166272E+02   2.7764671840820471E-01
    8400.0000000000000000   1.3403273381879572E+02   2.7442677168103891E-01
    8500.0000000000000000   1.3541606003548162E+02   2.7134109342999185E-01
    8600.0000000000000000   1.3679160470369334E+02   2.6969056250635232E-01
    8700.0000000000000000   1.3817313526544405E+02   2.6658582168769573E-01
    8800.0000000000000000   1.3955191018553435E+02   2.6347726014082945E-01
    8900.0000000000000000   1.4091901298897542E+02   2.6238564944524251E-01
    9000.0000000000000000   1.4229598306783754E+02   2.5910834255227622E-01
    9100.0000000000000000   1.4366701458325085E+02   2.5681430628025387E-01
    9200.0000000000000000   1.4503971094913754E+02   2.5398078076537589E-01
    9300.0000000000000000   1.4640601510942793E+02   2.5210583329433139E-01
    9400.0000000000000000   1.4776825401048268E+02   2.5060446181434004E-01
    9500.0000000000000000   1.4913549028310572E+02   2.4787082027332011E-01
    9600.0000000000000000   1.5049968762297806E+02   2.4551189634364737E-01
    9700.0000000000000000   1.5186115766908969E+02   2.4333581962655079E-01
    9800.0000000000000000   1.5321992487206933E+02   2.4141651844307582E-01
    9900.0000000000000000   1.5457797222232136E+02   2.3940191588610710E-01
   10000.0000000000000000   1.5593500779951461E+02   2.3735302624464383E-01
   11000.0000000000000000   1.6942941678437953E+02   2.1848771921513546E-01
   12000.0000000000000000   1.8278379164972893E+02   2.0347171672868095E-01
   13000.0000000000000000   1.9602018024467651E+02   1.9034742661221293E-01
   14000.0000000000000000   2.0915285333175242E+02   1.7837714584912304E-01
   15000.0000000000000000   2.2217966495926936E+02   1.6838281376207781E-01
   16000.0000000000000000   2.3512193401551454E+02   1.5959026961014530E-01
   17000.0000000000000000   2.4797221008621787E+02   1.5155528253834596E-01
   18000.0000000000000000   2.6074395814298333E+02   1.4514863650013810E-01
   19000.0000000000000000   2.7345464422113633E+02   1.3755513797223237E-01
   20000.0000000000000000   2.8609051291577362E+02   1.3180578772680032E-01
   20005.9989999999997963   2.8616768005471596E+02   1.3160779983802484E-01
   20006.0010000000002037   2.8616770571711089E+02   1.3160774562122832E-01
   21000.0000000000000000   2.9865086085798936E+02   1.2744817793785349E-01
   22000.0000000000000000   3.1116907763673566E+02   1.2131475068379996E-01
   23000.0000000000000000   3.2360751132911832E+02   1.1655886867453499E-01
   24000.0000000000000000   3.3601093815268570E+02   1.1262848611792607E-01
   25000.0000000000000000   3.4834980027471170E+02   1.0956660525645773E-01
   26000.0000000000000000   3.6064676542138847E+02   1.0598564493918920E-01
   27000.0000000000000000   3.7289848843922402E+02   1.0174745600587447E-01
   28000.0000000000000000   3.8507690784468571E+02   9.9094936341361031E-02
   29000.0000000000000000   3.9724571633434914E+02   9.6644017538272189E-02
   30000.0000000000000000   4.0936170842560176E+02   9.2789351500112513E-02
   31000.0000000000000000   4.2145957119261550E+02   9.0307675165353693E-02
   32000.0000000000000000   4.3347839058375922E+02   8.7917264791589997E-02
   33000.0000000000000000   4.4544632003225598E+02   8.6793620581987918E-02
   34000.0000000000000000   4.5740805049487562E+02   8.4616486628213347E-02
   35000.0000000000000000   4.6936027518335226E+02   8.1209374855073235E-02
   36000.0000000000000000   4.8125325134799493E+02   8.0287056143353783E-02
   37000.0000000000000000   4.9314582273507619E+02   7.8734643820964151E-02
   38000.0000000000000000   5.0500073426533015E+02   7.5512627232160845E-02
   39000.0000000000000000   5.1676089290095774E+02   7.3905672708821382E-02
   40000.0000000000000000   5.2859673174735337E+02   7.2087788325869914E-02
   41000.0000000000000000   5.4030282863224750E+02   7.0380955847942711E-02
   42000.0000000000000000   5.5205119708162158E+02   6.9827078092584469E-02
   43000.0000000000000000   5.6369645572105969E+02   6.7728843365397168E-02
   44000.0000000000000000   5.7541943989592414E+02   6.6130163928411367E-02
   45000.0000000000000000   5.8706952898725865E+02   6.5277308542943932E-02
   46000.0000000000000000   5.9863519011951666E+02   6.3931444245265007E-02
   47000.0000000000000000   6.1019996688663275E+02   6.3537465925566847E-02
   48000.0000000000000000   6.2181598377104922E+02   6.1813414928978461E-02
   49000.0000000000000000   6.3336894805481597E+02   6.1319806097688674E-02
   50000.0000000000000000   6.4492744473756193E+02   5.9398500858034012E-02
