       0.1000000000000000   3.4103975594923263E+01   8.5438346136049886E-04
       0.2000000000000000   2.9987021236109545E+01   1.6722524167081655E-03
       0.3000000000000000   2.8599584142296287E+01   2.4867019577495529E-03
       0.4000000000000000   2.8052243072051333E+01   3.2664335939617669E-03
       0.5000000000000000   2.7760655942176971E+01   4.0391731537193463E-03
       0.6000000000000000   2.7591862003560731E+01   4.8064172995581382E-03
       0.7000000000000000   2.7493794522428491E+01   5.5695481709863940E-03
       0.7999999999999999   2.7437928981138171E+01   6.3295345324925912E-03
       0.8999999999999999   2.7411082677344595E+01   7.0852040279473080E-03
       0.9999999999999999   2.7400757742926761E+01   7.8395615285555449E-03
       2.0000000000000000   2.7566528528341806E+01   1.5335067023013968E-02
       3.0000000000000000   2.7674714929235332E+01   2.2949610231504207E-02
       4.0000000000000000   2.7620146701548041E+01   3.0864058297579287E-02
       5.0000000000000000   2.7427050889582365E+01   3.9191999036379023E-02
       6.0000000000000000   2.7128106866831573E+01   4.8013446663396929E-02
       7.0000000000000000   2.6751796017013714E+01   5.7384200315360422E-02
       8.0000000000000000   2.6319331290818880E+01   6.7349422958917771E-02
       9.0000000000000000   2.5846975776508721E+01   7.7946977767666847E-02
      10.0000000000000000   2.5346800004573339E+01   8.9211525288410448E-02
      11.0000000000000000   2.4828123278261799E+01   1.0117499181724672E-01
      12.0000000000000000   2.4297955708338645E+01   1.1386813685382607E-01
      13.0000000000000000   2.3761689122550841E+01   1.2732189873021690E-01
      14.0000000000000000   2.3223180301634429E+01   1.4156955960806120E-01
      15.0000000000000000   2.2685337417466176E+01   1.5664652149234243E-01
      16.0000000000000000   2.2150350216465249E+01   1.7259045215742652E-01
      17.0000000000000000   2.1619709929580853E+01   1.8944347649463031E-01
      18.0000000000000000   2.1094509629246833E+01   2.0725158813800898E-01
      19.0000000000000000   2.0575445648968589E+01   2.2606578803869393E-01
      20.0000000000000000   2.0062946460950755E+01   2.4594296204150554E-01
      21.0000000000000000   1.9557223076771535E+01   2.6694640525014379E-01
      22.0000000000000000   1.9058354080038214E+01   2.8914610171166849E-01
      23.0000000000000000   1.8566294845311447E+01   3.1261990505395287E-01
      24.0000000000000000   1.8080905619149750E+01   3.3745467390961237E-01
      25.0000000000000000   1.7601999116468072E+01   3.6374664997831918E-01
      26.0000000000000000   1.7129351821906173E+01   3.9160262716004030E-01
      27.0000000000000000   1.6662721362872425E+01   4.2114097949726376E-01
      28.0000000000000000   1.6201863143136421E+01   4.5249271424187038E-01
      29.0000000000000000   1.5746537271237917E+01   4.8580271268885517E-01
      30.0000000000000000   1.5296526289322088E+01   5.2123078435404269E-01
      31.0000000000000000   1.4851639466413170E+01   5.5895286643752662E-01
      32.0000000000000000   1.4411730296457073E+01   5.9916183480526819E-01
      33.0000000000000000   1.3976699817112104E+01   6.4206841719463215E-01
      34.0000000000000000   1.3546513629027444E+01   6.8790132413568361E-01
      35.0000000000000000   1.3121212478124148E+01   7.3690685079255025E-01
      36.0000000000000000   1.2700926896957611E+01   7.8934739270807586E-01
      37.0000000000000000   1.2285892319964002E+01   8.4549847293317004E-01
      38.0000000000000000   1.1876465311803617E+01   9.0564372239387514E-01
      39.0000000000000000   1.1473139147850633E+01   9.7006718527249125E-01
      40.0000000000000000   1.1076558646180507E+01   1.0390422733011333E+00
      41.0000000000000000   1.0687529679010039E+01   1.1128168951354911E+00
      41.9990000000000023   1.0307398012483635E+01   1.1915131479364076E+00
      42.0000000000000000   1.0307022123895397E+01   1.1915944766847786E+00
      42.0009999999999977   1.0306646244942462E+01   1.1916758105801155E+00
      43.0000000000000000   9.9361609563668107E+00   1.2755113591916005E+00
      44.0000000000000000   9.5762017494494671E+00   1.3646118901647384E+00
      44.9990000000000023   9.2288281981718789E+00   1.4587271582807733E+00
      45.0000000000000000   9.2284870563781460E+00   1.4588238659418113E+00
      45.0009999999999977   9.2281459282006590E+00   1.4589205785174597E+00
      46.0000000000000000   8.8943842653340912E+00   1.5579378362914527E+00
      47.0000000000000000   8.5752073503956598E+00   1.6615946410457940E+00
      48.0000000000000000   8.2721312191597551E+00   1.7692849407439764E+00
      49.0000000000000000   7.9861102587943087E+00   1.8803628754655148E+00
      50.0000000000000000   7.7178136525491858E+00   1.9940733108318724E+00
      51.0000000000000000   7.4675873701259228E+00   2.1095893174610576E+00
      52.0000000000000000   7.2354473097486620E+00   2.2260545285194624E+00
      53.0000000000000000   7.0211014571879771E+00   2.3426245271785233E+00
      54.0000000000000000   6.8239941572836695E+00   2.4585023803610211E+00
      55.0000000000000000   6.6433629697678729E+00   2.5729653375312713E+00
      56.0000000000000000   6.4782990419587518E+00   2.6853817626912546E+00
      57.0000000000000000   6.3278039135431428E+00   2.7952188749358378E+00
      58.0000000000000000   6.1908378452317248E+00   2.9020434280289780E+00
      59.0000000000000000   6.0663587010991122E+00   3.0055167359194437E+00
      60.0000000000000000   5.9533508074147869E+00   3.1053862774882459E+00
      61.0000000000000000   5.8508443045076497E+00   3.2014758866198800E+00
      62.0000000000000000   5.7579277433261371E+00   3.2936749382381940E+00
      63.0000000000000000   5.6737546306082978E+00   3.3819279741287769E+00
      64.0000000000000000   5.5975457992987874E+00   3.4662250184748054E+00
      65.0000000000000000   5.5285888494514692E+00   3.5465928885973543E+00
      66.0000000000000000   5.4662356320398331E+00   3.6230876015495843E+00
      67.0000000000000000   5.4098985436841271E+00   3.6957878708960399E+00
      67.9989999999999952   5.3590944559488953E+00   3.7647224364236274E+00
      68.0000000000000000   5.3590461794413633E+00   3.7647896260578282E+00
      68.0010000000000048   5.3589979079348016E+00   3.7648568121013759E+00
      69.0000000000000000   5.3131987226569342E+00   3.8302014546382348E+00
      70.0000000000000000   5.2719233305895496E+00   3.8921408552475132E+00
      71.0000000000000000   5.2348296779385226E+00   3.9507311892093102E+00
      72.0000000000000000   5.2015657601496015E+00   4.0060992246724325E+00
      73.0000000000000000   5.1718140039604794E+00   4.0583731783559012E+00
      74.0000000000000000   5.1452877088226616E+00   4.1076811707971768E+00
      75.0000000000000000   5.1217278081126958E+00   4.1541500334402883E+00
      76.0000000000000000   5.1009000083829248E+00   4.1979043419664315E+00
      77.0000000000000000   5.0825921106991707E+00   4.2390657848855557E+00
      78.0000000000000000   5.0666117286379375E+00   4.2777526089941764E+00
      79.0000000000000000   5.0527841987731490E+00   4.3140792678848943E+00
      80.0000000000000000   5.0409507316920195E+00   4.3481561789012311E+00
      81.0000000000000000   5.0309667675399092E+00   4.3800895751483671E+00
      82.0000000000000000   5.0227005154891158E+00   4.4099814327047051E+00
      83.0000000000000000   5.0160316546617087E+00   4.4379294567656542E+00
      84.0000000000000000   5.0108501788176119E+00   4.4640271137046268E+00
      85.0000000000000000   5.0070553707660332E+00   4.4883636981462169E+00
      86.0000000000000000   5.0045548882268847E+00   4.5110244265817343E+00
      87.0000000000000000   5.0032639487233634E+00   4.5320905521286736E+00
      88.0000000000000000   5.0031046107990145E+00   4.5516394850477830E+00
      89.0000000000000000   5.0040051163082397E+00   4.5697449391615299E+00
      90.0000000000000000   5.0058993183530962E+00   4.5864770677191729E+00
      91.0000000000000000   5.0087261627928559E+00   4.6019026106287937E+00
      92.0000000000000000   5.0124292245941424E+00   4.6160850409548484E+00
      93.0000000000000000   5.0169562922670741E+00   4.6290847106085815E+00
      94.0000000000000000   5.0222589947423071E+00   4.6409589939183933E+00
      95.0000000000000000   5.0282924658914041E+00   4.6517624280837886E+00
      96.0000000000000000   5.0350150425336180E+00   4.6615468497753785E+00
      97.0000000000000000   5.0423879922046195E+00   4.6703615273503649E+00
      98.0000000000000000   5.0503752672134787E+00   4.6782532883371006E+00
      99.0000000000000000   5.0589432835007271E+00   4.6852666418497710E+00
     100.0000000000000000   5.0680607181529371E+00   4.6914438960744738E+00
     103.9989999999999952   5.1094563672531619E+00   4.7085643069757630E+00
     104.0010000000000048   5.1094788775941451E+00   4.7085700739430507E+00
     110.0000000000000000   5.1838601515710216E+00   4.7151746661764555E+00
     120.0000000000000000   5.3316272651045225E+00   4.6891940852655685E+00
     130.0000000000000000   5.4995360311369588E+00   4.6328066196301316E+00
     140.0000000000000000   5.6806542818099715E+00   4.5580569366081454E+00
     150.0000000000000000   5.8628543187519035E+00   4.4930227533771347E+00
     153.9989999999999952   5.9460057089385092E+00   4.4468536845750988E+00
     154.0010000000000048   5.9460553208001343E+00   4.4468134537964605E+00
     160.0000000000000000   6.0631219099551963E+00   4.3963329680269743E+00
     167.9989999999999952   6.2225091286639582E+00   4.3254002787574608E+00
     168.0010000000000048   6.2225580066596793E+00   4.3253634302278767E+00
     169.9989999999999952   6.2642199365127240E+00   4.3042290806839212E+00
     170.0000000000000000   6.2642443297252095E+00   4.3042109031786442E+00
     170.0010000000000048   6.2642687214781301E+00   4.3041927280210714E+00
     180.0000000000000000   6.4659044476204253E+00   4.2165821054685644E+00
     190.0000000000000000   6.6740852499087326E+00   4.1200079409876080E+00
     200.0000000000000000   6.8816944825433133E+00   4.0292446144207146E+00
     210.0000000000000000   7.0886942523125338E+00   3.9438013206183111E+00
     220.0000000000000000   7.2950657384373390E+00   3.8632312550375274E+00
     230.0000000000000000   7.5008027088947777E+00   3.7871303430106562E+00
     231.9989999999999952   7.5469321824143503E+00   3.7620596742892212E+00
     232.0010000000000048   7.5469783076977697E+00   3.7620347701532890E+00
     233.9989999999999952   7.5879278863545760E+00   3.7476162695877453E+00
     234.0010000000000048   7.5879739365323040E+00   3.7475916351858714E+00
     236.9989999999999952   7.6468883824798120E+00   3.7312928507068204E+00
     237.0010000000000048   7.6469343101698488E+00   3.7312685734351230E+00
     240.0000000000000000   7.7107905530804004E+00   3.7052032931074166E+00
     250.0000000000000000   7.9197499899298043E+00   3.6280286335089200E+00
     260.0000000000000000   8.1277214781957472E+00   3.5551884229345929E+00
     270.0000000000000000   8.3347449595152145E+00   3.4863123438696131E+00
     280.0000000000000000   8.5451608405897233E+00   3.4128027826800684E+00
     290.0000000000000000   8.7502557625247039E+00   3.3512481138474279E+00
     300.0000000000000000   8.9585851317567471E+00   3.2851261917911585E+00
     310.0000000000000000   9.1619132585467025E+00   3.2297465630227631E+00
     320.0000000000000000   9.3683226539973976E+00   3.1698985508341515E+00
     330.0000000000000000   9.5737873825177697E+00   3.1129627821653787E+00
     340.0000000000000000   9.7783444640316635E+00   3.0587224926088425E+00
     350.0000000000000000   9.9820289488895817E+00   3.0069822259233310E+00
     360.0000000000000000   1.0184873999684713E+01   2.9575652786377380E+00
     370.0000000000000000   1.0390393575862337E+01   2.9043300615647150E+00
     380.0000000000000000   1.0591574709500884E+01   2.8592765612667250E+00
     390.0000000000000000   1.0792006817109636E+01   2.8160984796835660E+00
     398.9990000000000236   1.0974063918020084E+01   2.7749067234821183E+00
     399.0009999999999764   1.0974105779205248E+01   2.7748953022171277E+00
     400.0000000000000000   1.0995011481018908E+01   2.7692030457777692E+00
     410.0000000000000000   1.1193949594383612E+01   2.7295807337158262E+00
     415.9990000000000236   1.1315536980862099E+01   2.7023681463469980E+00
     416.0009999999999764   1.1315578545563534E+01   2.7023574396405166E+00
     420.0000000000000000   1.1395401841239066E+01   2.6863172055546096E+00
     430.0000000000000000   1.1596098072853891E+01   2.6447704121073889E+00
     440.0000000000000000   1.1792942121563605E+01   2.6097585754540078E+00
     450.0000000000000000   1.1992227754728260E+01   2.5712228516196354E+00
     460.0000000000000000   1.2190822723360061E+01   2.5341222808078485E+00
     470.0000000000000000   1.2388746489571876E+01   2.4983759369437064E+00
     480.0000000000000000   1.2586018490863012E+01   2.4639077395123228E+00
     490.0000000000000000   1.2779747950893324E+01   2.4350091455712981E+00
     500.0000000000000000   1.2975805206672495E+01   2.4027951543222934E+00
     510.0000000000000000   1.3171262911042682E+01   2.3716684910468055E+00
     510.9989999999999668   1.3191320886595031E+01   2.3677853402720328E+00
     511.0009999999999195   1.3191361036606668E+01   2.3677775802131498E+00
     520.0000000000000000   1.3366137126925203E+01   2.3415728196704957E+00
     530.0000000000000000   1.3563217105494731E+01   2.3084558800128279E+00
     540.0000000000000000   1.3756935961069949E+01   2.2803506024224225E+00
     550.0000000000000000   1.3950115336564801E+01   2.2531267913117992E+00
     560.0000000000000000   1.4142768665134710E+01   2.2267421585834346E+00
     570.0000000000000000   1.4334908910584668E+01   2.2011570381987187E+00
     580.0000000000000000   1.4529187609655958E+01   2.1727073921013402E+00
     590.0000000000000000   1.4720307069850756E+01   2.1486776840492232E+00
     600.0000000000000000   1.4910948932248598E+01   2.1253412536656429E+00
     610.0000000000000000   1.5101123499289477E+01   2.1026684905808533E+00
     620.0000000000000000   1.5293377828764168E+01   2.0772575484690696E+00
     630.0000000000000000   1.5482623011607098E+01   2.0558779436823005E+00
     640.0000000000000000   1.5673922656204798E+01   2.0318295948575580E+00
     650.0000000000000000   1.5862275591960055E+01   2.0116371883068065E+00
     660.0000000000000000   1.6052665908371580E+01   1.9888312914009658E+00
     670.0000000000000000   1.6240160363691409E+01   1.9697329295969122E+00
     680.0000000000000000   1.6429678314070749E+01   1.9480692635710888E+00
     690.0000000000000000   1.6616349500756517E+01   1.9299771940653376E+00
     700.0000000000000000   1.6805026624340147E+01   1.9093698622839184E+00
     710.0000000000000000   1.6990908619275491E+01   1.8922041301997616E+00
     720.0000000000000000   1.7178774261685803E+01   1.8725762640952885E+00
     730.0000000000000000   1.7363899918544455E+01   1.8562639466032100E+00
     740.0000000000000000   1.7550980897374327E+01   1.8375472166120925E+00
     750.0000000000000000   1.7737684769451832E+01   1.8192713444032060E+00
     760.0000000000000000   1.7921704139125474E+01   1.8041534785127487E+00
     770.0000000000000000   1.8107665612699869E+01   1.7866913805810889E+00
     780.0000000000000000   1.8293262823543330E+01   1.7696320973775044E+00
     790.0000000000000000   1.8476239646158312E+01   1.7555776434271475E+00
     800.0000000000000000   1.8661133583796619E+01   1.7392475842358692E+00
     810.0000000000000000   1.8845681267371283E+01   1.7232803048837748E+00
     820.0000000000000000   1.9029879765651295E+01   1.7076730144030592E+00
     830.0000000000000000   1.9211544646076497E+01   1.6948756732135737E+00
     840.0000000000000000   1.9395093300279395E+01   1.6798944468961909E+00
     850.0000000000000000   1.9578314962179896E+01   1.6652330682269501E+00
     860.0000000000000000   1.9761209881579308E+01   1.6508863544771766E+00
     870.0000000000000000   1.9943783278525174E+01   1.6368438605403537E+00
     880.0000000000000000   2.0126045896955087E+01   1.6230894627994688E+00
     890.0000000000000000   2.0305901829812001E+01   1.6118806078412926E+00
     900.0000000000000000   2.0487577208881667E+01   1.5986360070486461E+00
     910.0000000000000000   2.0668952138872719E+01   1.5856578233506615E+00
     920.0000000000000000   2.0850030436286843E+01   1.5729385024662594E+00
     930.0000000000000000   2.1030816903813204E+01   1.5604696288892470E+00
     940.0000000000000000   2.1211317367311644E+01   1.5482419365373381E+00
     950.0000000000000000   2.1391538004058472E+01   1.5362460708499481E+00
     960.0000000000000000   2.1571483984772012E+01   1.5244739694495824E+00
     970.0000000000000000   2.1751159054214234E+01   1.5129192194833716E+00
     980.0000000000000000   2.1930566158190619E+01   1.5015763677875564E+00
     990.0000000000000000   2.2109708142125566E+01   1.4904401945420114E+00
    1000.0000000000000000   2.2288588031389768E+01   1.4795054279901001E+00
    1100.0000000000000000   2.4063672012567263E+01   1.3801265101674474E+00
    1200.0000000000000000   2.5817736750763132E+01   1.2942001274572961E+00
    1300.0000000000000000   2.7553060667713734E+01   1.2188403036629045E+00
    1400.0000000000000000   2.9271539756970615E+01   1.1519277166217678E+00
    1500.0000000000000000   3.0972985024410498E+01   1.0932678544785408E+00
    1600.0000000000000000   3.2660456716124799E+01   1.0401951297918686E+00
    1700.0000000000000000   3.4332018775283331E+01   9.9400205969830624E-01
    1800.0000000000000000   3.5993460413363962E+01   9.5039251272330005E-01
    1843.9990000000000236   3.6719342171538671E+01   9.3338038756777453E-01
    1844.0009999999999764   3.6719375254387018E+01   9.3337953294828946E-01
    1900.0000000000000000   3.7641002047094126E+01   9.1203676848523929E-01
    2000.0000000000000000   3.9278333187964002E+01   8.7637898221011457E-01
    2100.0000000000000000   4.0904929631755031E+01   8.4380674222510765E-01
    2200.0000000000000000   4.2522994214673837E+01   8.1298086287108062E-01
    2300.0000000000000000   4.4129704780459029E+01   7.8564926238807675E-01
    2400.0000000000000000   4.5728960607554406E+01   7.5951426932986998E-01
    2475.9989999999997963   4.6938397488941767E+01   7.4105389928252052E-01
    2476.0010000000002037   4.6938429200980089E+01   7.4105344770480330E-01
    2500.0000000000000000   4.7319341586312682E+01   7.3544479924528550E-01
    2526.9989999999997963   4.7747276365876907E+01   7.2925914686463456E-01
    2527.0010000000002037   4.7747308101875817E+01   7.2925865852816207E-01
    2600.0000000000000000   4.8901621698684309E+01   7.1305315486661436E-01
    2631.9989999999997963   4.9406664251755743E+01   7.0600990352396187E-01
    2632.0010000000002037   4.9406696117525435E+01   7.0600930376591065E-01
    2700.0000000000000000   5.0476198115629074E+01   6.9216175267035207E-01
    2800.0000000000000000   5.2042943629278014E+01   6.7284058718276618E-01
    2871.9989999999997963   5.3167752647393321E+01   6.5910751612411411E-01
    2872.0010000000002037   5.3167783906227456E+01   6.5910710986111665E-01
    2900.0000000000000000   5.3603990455425240E+01   6.5405949549484121E-01
    3000.0000000000000000   5.5157170753108716E+01   6.3697480335739765E-01
    3100.0000000000000000   5.6705503757375475E+01   6.2012935251963053E-01
    3200.0000000000000000   5.8246343640825131E+01   6.0478417406959406E-01
    3300.0000000000000000   5.9782227948202177E+01   5.8986743665143460E-01
    3400.0000000000000000   6.1312117100479533E+01   5.7584305683415127E-01
    3500.0000000000000000   6.2835845106890716E+01   5.6279776905651846E-01
    3600.0000000000000000   6.4354426148410056E+01   5.5033623612606963E-01
    3700.0000000000000000   6.5868717871208688E+01   5.3816363449352478E-01
    3800.0000000000000000   6.7377823986971222E+01   5.2658199080624635E-01
    3900.0000000000000000   6.8881094313742182E+01   5.1596894050504838E-01
    4000.0000000000000000   7.0380442910113729E+01   5.0556078538328708E-01
    4100.0000000000000000   7.1876054603563773E+01   4.9530691729242005E-01
    4200.0000000000000000   7.3366394778665324E+01   4.8577384225560277E-01
    4300.0000000000000000   7.4851897048677401E+01   4.7690683215754714E-01
    4400.0000000000000000   7.6336223426467740E+01   4.6732490075112670E-01
    4500.0000000000000000   7.7812931701837101E+01   4.5938068598742365E-01
    4600.0000000000000000   7.9287912280205134E+01   4.5104302142793407E-01
    4700.0000000000000000   8.0756653744717198E+01   4.4374179476474523E-01
    4800.0000000000000000   8.2224278273930139E+01   4.3594304581989501E-01
    4900.0000000000000000   8.3688427490370785E+01   4.2837961493457527E-01
    5000.0000000000000000   8.5148562318685592E+01   4.2122953987774941E-01
    5100.0000000000000000   8.6604839491960703E+01   4.1445613967535411E-01
    5200.0000000000000000   8.8057341043829098E+01   4.0804695505259869E-01
    5300.0000000000000000   8.9506262094087504E+01   4.0195112138892669E-01
    5400.0000000000000000   9.0951147386228456E+01   3.9630408331708922E-01
    5500.0000000000000000   9.2396569244669465E+01   3.8978238983116015E-01
    5600.0000000000000000   9.3837145802476613E+01   3.8396908639564803E-01
    5700.0000000000000000   9.5272265515982369E+01   3.7898667165885708E-01
    5800.0000000000000000   9.6708871381169075E+01   3.7297294393105956E-01
    5900.0000000000000000   9.8137444147795165E+01   3.6856990309471105E-01
    6000.0000000000000000   9.9568849144585968E+01   3.6281960634783711E-01
    6100.0000000000000000   1.0099622074939376E+02   3.5752895870822071E-01
    6200.0000000000000000   1.0241495087697315E+02   3.5391391080886270E-01
    6300.0000000000000000   1.0383794027600194E+02   3.4867361261062513E-01
    6400.0000000000000000   1.0525649936780366E+02   3.4408710854539187E-01
    6500.0000000000000000   1.0667219394673714E+02   3.3956575177202308E-01
    6600.0000000000000000   1.0808660646332781E+02   3.3502508499862227E-01
    6700.0000000000000000   1.0949689016873998E+02   3.3090285926082758E-01
    6800.0000000000000000   1.1090537515556153E+02   3.2679883749763033E-01
    6900.0000000000000000   1.1231050421549509E+02   3.2305678242093727E-01
    7000.0000000000000000   1.1371320211958880E+02   3.1938912944911252E-01
    7100.0000000000000000   1.1511417404975475E+02   3.1573485624781067E-01
    7200.0000000000000000   1.1651142673869983E+02   3.1248669026408848E-01
    7300.0000000000000000   1.1790644660140131E+02   3.0928137910146658E-01
    7400.0000000000000000   1.1930632508276125E+02   3.0467983304395252E-01
    7500.0000000000000000   1.2069627289887266E+02   3.0177345648243276E-01
    7600.0000000000000000   1.2208552462074690E+02   2.9884193571467993E-01
    7700.0000000000000000   1.2347703414624515E+02   2.9481830083383520E-01
    7800.0000000000000000   1.2486116365499088E+02   2.9211003823892362E-01
    7900.0000000000000000   1.2624353394267338E+02   2.8956087651841628E-01
    8000.0000000000000000   1.2762815397146805E+02   2.8599687799649626E-01
    8100.0000000000000000   1.2900533117266596E+02   2.8363262474177814E-01
    8200.0000000000000000   1.3038716835182603E+02   2.8019089430238986E-01
    8300.0000000000000000   1.3176197229251767E+02   2.7775925132598978E-01
    8400.0000000000000000   1.3313838001362484E+02   2.7453812525578125E-01
    8500.0000000000000000   1.3451283421304112E+02   2.7145129353571557E-01
    8600.0000000000000000   1.3587960018462778E+02   2.6979963415785657E-01
    8700.0000000000000000   1.3725226251690145E+02   2.6669378907857322E-01
    8800.0000000000000000   1.3862219601323758E+02   2.6358414667939117E-01
    8900.0000000000000000   1.3998060267580982E+02   2.6249147778848758E-01
    9000.0000000000000000   1.4134873605864482E+02   2.5921313463803247E-01
    9100.0000000000000000   1.4271100027535570E+02   2.5691808335760746E-01
    9200.0000000000000000   1.4407489797991641E+02   2.5408356342349858E-01
    9300.0000000000000000   1.4543247907817650E+02   2.5220764148980446E-01
    9400.0000000000000000   1.4678603973003845E+02   2.5070531489707154E-01
    9500.0000000000000000   1.4814452260809250E+02   2.4797073701113892E-01
    9600.0000000000000000   1.4949999801567643E+02   2.4561089494565549E-01
    9700.0000000000000000   1.5085277355403773E+02   2.4343391776530973E-01
    9800.0000000000000000   1.5220287343899966E+02   2.4151373327569448E-01
    9900.0000000000000000   1.5355225451822201E+02   2.3949826407429844E-01
   10000.0000000000000000   1.5490062884216118E+02   2.3744852397380939E-01
   11000.0000000000000000   1.6830899055101085E+02   2.1857550972022396E-01
   12000.0000000000000000   1.8157842940482257E+02   2.0355300677412577E-01
   13000.0000000000000000   1.9473077364809794E+02   1.9042315598514079E-01
   14000.0000000000000000   2.0778016570649316E+02   1.7844806125918897E-01
   15000.0000000000000000   2.2072453697576711E+02   1.6844951872208558E-01
   16000.0000000000000000   2.3358496967932857E+02   1.5965325911848310E-01
   17000.0000000000000000   2.4635414666340978E+02   1.5161496781596545E-01
   18000.0000000000000000   2.5904538869985481E+02   1.4520536302821632E-01
   19000.0000000000000000   2.7167596268171707E+02   1.3760919890195786E-01
   20000.0000000000000000   2.8423231612089251E+02   1.3185743402064390E-01
   20005.9989999999997963   2.8430898750110271E+02   1.3165943233099972E-01
   20006.0010000000002037   2.8430901299904883E+02   1.3165937810960335E-01
   21000.0000000000000000   2.9671377582864466E+02   1.2749762615666196E-01
   22000.0000000000000000   3.0915331882456638E+02   1.2136218904833490E-01
   23000.0000000000000000   3.2151379696509059E+02   1.1660446184218598E-01
   24000.0000000000000000   3.3383942415634334E+02   1.1267237898909023E-01
   25000.0000000000000000   3.4610103793764995E+02   1.0960892603859906E-01
   26000.0000000000000000   3.5832102697085554E+02   1.0602650763630585E-01
   27000.0000000000000000   3.7049610113821240E+02   1.0178696245839623E-01
   28000.0000000000000000   3.8259856988647203E+02   9.9133177910807002E-02
   29000.0000000000000000   3.9469131838171126E+02   9.6681076508635291E-02
   30000.0000000000000000   4.0673170486616448E+02   9.2825302251447903E-02
   31000.0000000000000000   4.1875398064042264E+02   9.0342585162745043E-02
   32000.0000000000000000   4.3069801915585180E+02   8.7951195423392400E-02
   33000.0000000000000000   4.4259162021312454E+02   8.6826627874183882E-02
   34000.0000000000000000   4.5447891069110619E+02   8.4648621856292142E-02
   35000.0000000000000000   4.6635663325960485E+02   8.1240685070638655E-02
   36000.0000000000000000   4.7817568600173388E+02   8.0317584629378533E-02
   37000.0000000000000000   4.8999416791885011E+02   7.8764430487023751E-02
   38000.0000000000000000   5.0177530436090939E+02   7.5541708958929144E-02
   39000.0000000000000000   5.1346273360777207E+02   7.3934083649473376E-02
   40000.0000000000000000   5.2522472457609751E+02   7.2115560170722792E-02
   41000.0000000000000000   5.3685847274341882E+02   7.0408118057605523E-02
   42000.0000000000000000   5.4853380863447012E+02   6.9853658104022665E-02
   43000.0000000000000000   5.6010720198734532E+02   6.7754866774614356E-02
   44000.0000000000000000   5.7175719591922359E+02   6.6155654652872070E-02
   45000.0000000000000000   5.8333508555840183E+02   6.5302288966383168E-02
   46000.0000000000000000   5.9482948667487915E+02   6.3955935347135909E-02
   47000.0000000000000000   6.0632288657988045E+02   6.3561487397047381E-02
   48000.0000000000000000   6.1786675338863984E+02   6.1836985277182996E-02
   49000.0000000000000000   6.2934824512401087E+02   6.1342942739500243E-02
   50000.0000000000000000   6.4083508128913445E+02   5.9421220204776776E-02
