       0.1000000000000000   1.8433014148517085E+01   1.5796021661515195E-03
       0.2000000000000000   1.6250892310988686E+01   3.0799524933038608E-03
       0.3000000000000000   1.5540311459435109E+01   4.5621378996372718E-03
       0.4000000000000000   1.5282468564872079E+01   5.9696985239445334E-03
       0.5000000000000000   1.5162628433609493E+01   7.3537510705053962E-03
       0.6000000000000000   1.5109067441321802E+01   8.7173082611974109E-03
       0.7000000000000000   1.5093782036692465E+01   1.0063094667858298E-02
       0.7999999999999999   1.5101386590424843E+01   1.1393067831316930E-02
       0.8999999999999999   1.5124729156802852E+01   1.2705338030770345E-02
       0.9999999999999999   1.5157112004221062E+01   1.4005454262197344E-02
       2.0000000000000000   1.5628618204656961E+01   2.6413320329197541E-02
       3.0000000000000000   1.6066512477395168E+01   3.8177199336537120E-02
       4.0000000000000000   1.6406256271278632E+01   4.9673825847908241E-02
       5.0000000000000000   1.6655789270082213E+01   6.1131820128903287E-02
       6.0000000000000000   1.6829577143986107E+01   7.2705317871951169E-02
       7.0000000000000000   1.6941078544807311E+01   8.4499789578506804E-02
       8.0000000000000000   1.7000621474589959E+01   9.6598026529314360E-02
       9.0000000000000000   1.7016499674090074E+01   1.0906786607762137E-01
      10.0000000000000000   1.6995168833409739E+01   1.2196954864470937E-01
      11.0000000000000000   1.6941945316394712E+01   1.3535705145591753E-01
      12.0000000000000000   1.6861122861560546E+01   1.4928105540202963E-01
      13.0000000000000000   1.6756314667121092E+01   1.6379043784369970E-01
      14.0000000000000000   1.6630398821483166E+01   1.7893543512563173E-01
      15.0000000000000000   1.6485826898712961E+01   1.9476701758503223E-01
      16.0000000000000000   1.6324712268586431E+01   2.1133716564220986E-01
      17.0000000000000000   1.6148797790568121E+01   2.2870141993776474E-01
      18.0000000000000000   1.5959623192596997E+01   2.4691803779110949E-01
      19.0000000000000000   1.5758482884761461E+01   2.6604933477686643E-01
      20.0000000000000000   1.5546506785466915E+01   2.8616256741684704E-01
      21.0000000000000000   1.5324667314713553E+01   3.0733050359980102E-01
      22.0000000000000000   1.5093828620640542E+01   3.2963168605754462E-01
      23.0000000000000000   1.4854743643954441E+01   3.5315173849801085E-01
      24.0000000000000000   1.4608066368518033E+01   3.7798453433258056E-01
      25.0000000000000000   1.4354381994114979E+01   4.0423260709758196E-01
      26.0000000000000000   1.4094212488138135E+01   4.3200838723238000E-01
      27.0000000000000000   1.3828027700623563E+01   4.6143527791732253E-01
      28.0000000000000000   1.3556257922519894E+01   4.9264875403139413E-01
      29.0000000000000000   1.3279299158885786E+01   5.2579766723631050E-01
      30.0000000000000000   1.2997529167374362E+01   5.6104532617588254E-01
      31.0000000000000000   1.2711311436059724E+01   5.9857075499872281E-01
      32.0000000000000000   1.2421012575975189E+01   6.3856952565267033E-01
      33.0000000000000000   1.2127006616675555E+01   6.8125472374047358E-01
      34.0000000000000000   1.1829692737847397E+01   7.2685709889660510E-01
      35.0000000000000000   1.1529506772263579E+01   7.7562470005287831E-01
      36.0000000000000000   1.1226937243629525E+01   8.2782141381405761E-01
      37.0000000000000000   1.0922541979218753E+01   8.8372401409349244E-01
      38.0000000000000000   1.0616966237455795E+01   9.4361716126855777E-01
      39.0000000000000000   1.0310960471271652E+01   1.0077857255403684E+00
      40.0000000000000000   1.0005398174327512E+01   1.0765037543062705E+00
      41.0000000000000000   9.7012892708722305E+00   1.1500196212297396E+00
      41.9990000000000023   9.4000877950513182E+00   1.2284559935437525E+00
      42.0000000000000000   9.3997880165338170E+00   1.2285370615256865E+00
      42.0009999999999977   9.3994882419093813E+00   1.2286181346533829E+00
      43.0000000000000000   9.1021904409604311E+00   1.3121925895171367E+00
      44.0000000000000000   8.8099173306543435E+00   1.4010306140297955E+00
      44.9990000000000023   8.5247608073967456E+00   1.4948824678943911E+00
      45.0000000000000000   8.5244792986712827E+00   1.4949789112704956E+00
      45.0009999999999977   8.5241977983306843E+00   1.4950753595599711E+00
      46.0000000000000000   8.2474234579369323E+00   1.5938279612554216E+00
      47.0000000000000000   7.9802632873274320E+00   1.6972185215113587E+00
      48.0000000000000000   7.7243990377978760E+00   1.8046411930581618E+00
      49.0000000000000000   7.4810391588668557E+00   1.9154501105856254E+00
      50.0000000000000000   7.2511346133923018E+00   2.0288902103479018E+00
      51.0000000000000000   7.0353361144808346E+00   2.1441347208375023E+00
      52.0000000000000000   6.8339796148112724E+00   2.2603275182935625E+00
      53.0000000000000000   6.6470992378809468E+00   2.3766245026672133E+00
      54.0000000000000000   6.4744622544317298E+00   2.4922291127540603E+00
      55.0000000000000000   6.3156177346994431E+00   2.6064190034529027E+00
      56.0000000000000000   6.1699505561224521E+00   2.7185629558672608E+00
      57.0000000000000000   6.0367339048594513E+00   2.8281285999859214E+00
      58.0000000000000000   5.9151753214785465E+00   2.9346830793271095E+00
      59.0000000000000000   5.8044548829709344E+00   3.0378880662947250E+00
      60.0000000000000000   5.7037545940228833E+00   3.1374913601624836E+00
      61.0000000000000000   5.6122791213729535E+00   3.2333170751028408E+00
      62.0000000000000000   5.5292702189345526E+00   3.3252548253193313E+00
      63.0000000000000000   5.4540153515335765E+00   3.4132493523909173E+00
      64.0000000000000000   5.3858521734332241E+00   3.4972908435999162E+00
      65.0000000000000000   5.3241700156213474E+00   3.5774062458831484E+00
      66.0000000000000000   5.2684092679458843E+00   3.6536516760541491E+00
      67.0000000000000000   5.2180593963150921E+00   3.7261059212196450E+00
      67.9989999999999952   5.1726992065507602E+00   3.7947980130131564E+00
      68.0000000000000000   5.1726561304927579E+00   3.7948649615975141E+00
      68.0010000000000048   5.1726130589567729E+00   3.7949319065945635E+00
      69.0000000000000000   5.1317782031339894E+00   3.8600374161332174E+00
      70.0000000000000000   5.0950439099577300E+00   3.9217407981822681E+00
      71.0000000000000000   5.0621076708899855E+00   3.9800984699575941E+00
      72.0000000000000000   5.0326567100805519E+00   4.0352371888796146E+00
      73.0000000000000000   5.0064079190797752E+00   4.0872851513506552E+00
      74.0000000000000000   4.9831049436594492E+00   4.1363704497370781E+00
      75.0000000000000000   4.9625154983798376E+00   4.1826198809765822E+00
      76.0000000000000000   4.9444289775934571E+00   4.2261579810308003E+00
      77.0000000000000000   4.9286541851159225E+00   4.2671063947602983E+00
      78.0000000000000000   4.9150173982963201E+00   4.3055833221385384E+00
      79.0000000000000000   4.9033605775319016E+00   4.3417031675541473E+00
      80.0000000000000000   4.8935397739686248E+00   4.3755762973977754E+00
      81.0000000000000000   4.8854237058391980E+00   4.4073088925993460E+00
      82.0000000000000000   4.8788924891521903E+00   4.4370028762830716E+00
      83.0000000000000000   4.8738365028509110E+00   4.4647559002445423E+00
      84.0000000000000000   4.8701553757956066E+00   4.4906613773513229E+00
      85.0000000000000000   4.8677570854398837E+00   4.5148085488308443E+00
      86.0000000000000000   4.8665571509564041E+00   4.5372825780920767E+00
      87.0000000000000000   4.8664779123175554E+00   4.5581646656461077E+00
      88.0000000000000000   4.8674478921384914E+00   4.5775321697467044E+00
      89.0000000000000000   4.8694012111154263E+00   4.5954587529151629E+00
      90.0000000000000000   4.8722770772919697E+00   4.6120145178919270E+00
      91.0000000000000000   4.8760193233427342E+00   4.6272661549219070E+00
      92.0000000000000000   4.8805759912618765E+00   4.6412770883019121E+00
      93.0000000000000000   4.8858989595584319E+00   4.6541076221052906E+00
      94.0000000000000000   4.8919436079247225E+00   4.6658150837760095E+00
      95.0000000000000000   4.8986685152028571E+00   4.6764539645977408E+00
      96.0000000000000000   4.9060351870733268E+00   4.6860760563018102E+00
      97.0000000000000000   4.9140078101958053E+00   4.6947305832848354E+00
      98.0000000000000000   4.9225530296578626E+00   4.7024643300988149E+00
      99.0000000000000000   4.9316397491382817E+00   4.7093217638262477E+00
     100.0000000000000000   4.9412389464968696E+00   4.7153451516064910E+00
     103.9989999999999952   4.9842322822410745E+00   4.7318699870050915E+00
     104.0010000000000048   4.9842554720265744E+00   4.7318754637565608E+00
     110.0000000000000000   5.0602260244836650E+00   4.7376418160031699E+00
     120.0000000000000000   5.2091075662536444E+00   4.7103938088967343E+00
     130.0000000000000000   5.3768479197335228E+00   4.6528776908813194E+00
     140.0000000000000000   5.5569582101664361E+00   4.5771160244032369E+00
     150.0000000000000000   5.7377814654215449E+00   4.5112482620995022E+00
     153.9989999999999952   5.8198972242656524E+00   4.4647722407578252E+00
     154.0010000000000048   5.8199459766060020E+00   4.4647318593697474E+00
     160.0000000000000000   5.9357435804135763E+00   4.4138120717883167E+00
     167.9989999999999952   6.0932366529398223E+00   4.3423298718754362E+00
     168.0010000000000048   6.0932846776896890E+00   4.3422928908003477E+00
     169.9989999999999952   6.1343870842848220E+00   4.3210272845877791E+00
     170.0000000000000000   6.1344110512700682E+00   4.3210090419616165E+00
     170.0010000000000048   6.1344350168549635E+00   4.3209908016837240E+00
     180.0000000000000000   6.3334967897288772E+00   4.2327562237063168E+00
     190.0000000000000000   6.5387571318138606E+00   4.1356079063738775E+00
     200.0000000000000000   6.7433993117158000E+00   4.0443143539018696E+00
     210.0000000000000000   6.9473941457617663E+00   3.9583797377391958E+00
     220.0000000000000000   7.1507295563184226E+00   3.8773529767633961E+00
     230.0000000000000000   7.3534046134981015E+00   3.8008263324779366E+00
     231.9989999999999952   7.3987218473519594E+00   3.7756739877202827E+00
     232.0010000000000048   7.3987671603240885E+00   3.7756490024154155E+00
     233.9989999999999952   7.4391038295721650E+00   3.7611499536550963E+00
     234.0010000000000048   7.4391490688010524E+00   3.7611252391607488E+00
     236.9989999999999952   7.4972385843673708E+00   3.7447075814328805E+00
     237.0010000000000048   7.4972837035146735E+00   3.7446832256421043E+00
     240.0000000000000000   7.5601200140633553E+00   3.7185013560538636E+00
     250.0000000000000000   7.7658063906583283E+00   3.6409538397284078E+00
     260.0000000000000000   7.9705053853871517E+00   3.5677634593007710E+00
     270.0000000000000000   8.1742578272492850E+00   3.4985578118382796E+00
     280.0000000000000000   8.3812413784478164E+00   3.4247374504480099E+00
     290.0000000000000000   8.5830762253234116E+00   3.3628891312301459E+00
     300.0000000000000000   8.7879949030882312E+00   3.2964892742611047E+00
     310.0000000000000000   8.9880743968712000E+00   3.2408461500918344E+00
     320.0000000000000000   9.1910941581760550E+00   3.1807479429678800E+00
     330.0000000000000000   9.3931812223149347E+00   3.1235742596471257E+00
     340.0000000000000000   9.5943722624494185E+00   3.0691074191475640E+00
     350.0000000000000000   9.7947019762962704E+00   3.0171511393071202E+00
     360.0000000000000000   9.9942031735186969E+00   2.9675279703404271E+00
     370.0000000000000000   1.0196260564248098E+01   2.9140956468910511E+00
     380.0000000000000000   1.0394121780605433E+01   2.8688535413612022E+00
     390.0000000000000000   1.0591243788667098E+01   2.8254947965173507E+00
     398.9990000000000236   1.0770245382056492E+01   2.7841468281429078E+00
     399.0009999999999764   1.0770286511187050E+01   2.7841353728033078E+00
     400.0000000000000000   1.0790826620434864E+01   2.7784261310522780E+00
     410.0000000000000000   1.0986476270659903E+01   2.7386375524771216E+00
     415.9990000000000236   1.1106000923904094E+01   2.7113283849293488E+00
     416.0009999999999764   1.1106041762257131E+01   2.7113176464066040E+00
     420.0000000000000000   1.1184532049511473E+01   2.6952142951966049E+00
     430.0000000000000000   1.1381844617248097E+01   2.6535139173390747E+00
     440.0000000000000000   1.1575431442981204E+01   2.6183542797260455E+00
     450.0000000000000000   1.1771356517564278E+01   2.5796762054339712E+00
     460.0000000000000000   1.1966602667566907E+01   2.5424384272773528E+00
     470.0000000000000000   1.2161189035961693E+01   2.5065597349180777E+00
     480.0000000000000000   1.2355134722144124E+01   2.4719637845453635E+00
     490.0000000000000000   1.2545654244668016E+01   2.4429417889682079E+00
     500.0000000000000000   1.2738405034385785E+01   2.4106085204760754E+00
     510.0000000000000000   1.2930566465053893E+01   2.3793664932459859E+00
     510.9989999999999668   1.2950275266243732E+01   2.3754720249271122E+00
     511.0009999999999195   1.2950314717320030E+01   2.3754642422475505E+00
     520.0000000000000000   1.3122154317900085E+01   2.3491591745384031E+00
     530.0000000000000000   1.3315857328856355E+01   2.3159341207191471E+00
     540.0000000000000000   1.3506310169870680E+01   2.2877240907911283E+00
     550.0000000000000000   1.3696232663516936E+01   2.2603987289350069E+00
     560.0000000000000000   1.3885638007051263E+01   2.2339155970383997E+00
     570.0000000000000000   1.4074538934819712E+01   2.2082348884539198E+00
     580.0000000000000000   1.4265491844898134E+01   2.1796924331884053E+00
     590.0000000000000000   1.4453389886144858E+01   2.1555725710688018E+00
     600.0000000000000000   1.4640818370023124E+01   2.1321485251881995E+00
     610.0000000000000000   1.4827787429373112E+01   2.1093905754967861E+00
     620.0000000000000000   1.5016753012816610E+01   2.0838967723370736E+00
     630.0000000000000000   1.5202808885666073E+01   2.0624365346197240E+00
     640.0000000000000000   1.5390837379342036E+01   2.0383096890120633E+00
     650.0000000000000000   1.5576016569615330E+01   2.0180408349449754E+00
     660.0000000000000000   1.5763152366660965E+01   1.9951604576456738E+00
     670.0000000000000000   1.5947488078907172E+01   1.9759895048424823E+00
     680.0000000000000000   1.6133767433034709E+01   1.9542550636023734E+00
     690.0000000000000000   1.6317294220836860E+01   1.9360939649043221E+00
     700.0000000000000000   1.6502748115247947E+01   1.9154192837854986E+00
     710.0000000000000000   1.6685499398079706E+01   1.8981878194160753E+00
     720.0000000000000000   1.6870156663074212E+01   1.8784957784265184E+00
     730.0000000000000000   1.7052164645061762E+01   1.8621207867509577E+00
     740.0000000000000000   1.7236051638955406E+01   1.8433428293500944E+00
     750.0000000000000000   1.7419568377472803E+01   1.8250071251789473E+00
     760.0000000000000000   1.7600489552046106E+01   1.8098307738922561E+00
     770.0000000000000000   1.7783277465273873E+01   1.7923114905482052E+00
     780.0000000000000000   1.7965707834960874E+01   1.7751962774980123E+00
     790.0000000000000000   1.8145604666194092E+01   1.7610871068872087E+00
     800.0000000000000000   1.8327344568377310E+01   1.7447035037635410E+00
     810.0000000000000000   1.8508744591915114E+01   1.7286838145615959E+00
     820.0000000000000000   1.8689802001614268E+01   1.7130252113790962E+00
     830.0000000000000000   1.8868409793214120E+01   1.7001776193177256E+00
     840.0000000000000000   1.9048829016023440E+01   1.6851471701680414E+00
     850.0000000000000000   1.9228927294134344E+01   1.6704375643609386E+00
     860.0000000000000000   1.9408704950586344E+01   1.6560435881904545E+00
     870.0000000000000000   1.9588167100545196E+01   1.6419547668682730E+00
     880.0000000000000000   1.9767324185840803E+01   1.6281549483232705E+00
     890.0000000000000000   1.9944154390318079E+01   1.6169015518522625E+00
     900.0000000000000000   2.0122734648767501E+01   1.6036132626526578E+00
     910.0000000000000000   2.0301020029310148E+01   1.5905922185167702E+00
     920.0000000000000000   2.0479014283525903E+01   1.5778308410227306E+00
     930.0000000000000000   2.0656722112658414E+01   1.5653206914701812E+00
     940.0000000000000000   2.0834149203426481E+01   1.5530524814828157E+00
     950.0000000000000000   2.1011301580066124E+01   1.5410168350624531E+00
     960.0000000000000000   2.1188184294266328E+01   1.5292056692092100E+00
     970.0000000000000000   2.1364801020531711E+01   1.5176125512242249E+00
     980.0000000000000000   2.1541154661082082E+01   1.5062320088375383E+00
     990.0000000000000000   2.1717248019854438E+01   1.4950588038280697E+00
    1000.0000000000000000   2.1893084073017494E+01   1.4840876467108732E+00
    1100.0000000000000000   2.3637980159364655E+01   1.3843766129343393E+00
    1200.0000000000000000   2.5362208107287788E+01   1.2981667272377098E+00
    1300.0000000000000000   2.7068007040418248E+01   1.2225617920879834E+00
    1400.0000000000000000   2.8757239925211039E+01   1.1554349782233131E+00
    1500.0000000000000000   3.0429751875986799E+01   1.0965861293748702E+00
    1600.0000000000000000   3.2088519893507680E+01   1.0433453280282232E+00
    1700.0000000000000000   3.3731694975333532E+01   9.9700171113132974E-01
    1800.0000000000000000   3.5364882712690552E+01   9.5325646795640151E-01
    1843.9990000000000236   3.6078445983361398E+01   9.3618877209796036E-01
    1844.0009999999999764   3.6078478502367766E+01   9.3618791500579979E-01
    1900.0000000000000000   3.6984449488042017E+01   9.1477772564709692E-01
    2000.0000000000000000   3.8593970243066572E+01   8.7900788931079410E-01
    2100.0000000000000000   4.0192950576503137E+01   8.4633310894760871E-01
    2200.0000000000000000   4.1783527691887322E+01   8.1541300533438532E-01
    2300.0000000000000000   4.3362986030957451E+01   7.8799449755173701E-01
    2400.0000000000000000   4.4935098826597404E+01   7.6177907104789100E-01
    2475.9989999999997963   4.6124019302727071E+01   7.4326145709566038E-01
    2476.0010000000002037   4.6124050477798001E+01   7.4326100405276285E-01
    2500.0000000000000000   4.6498502469155468E+01   7.3763492475183323E-01
    2526.9989999999997963   4.6919180560360985E+01   7.3143001587974199E-01
    2527.0010000000002037   4.6919211757216345E+01   7.3142952613040879E-01
    2600.0000000000000000   4.8053951157690193E+01   7.1517374820702639E-01
    2631.9989999999997963   4.8550424670892056E+01   7.0810924534130337E-01
    2632.0010000000002037   4.8550455990385352E+01   7.0810864426941555E-01
    2700.0000000000000000   4.9601834667618192E+01   6.9421742996989555E-01
    2800.0000000000000000   5.1142035876213413E+01   6.7483550747107823E-01
    2871.9989999999997963   5.2247772758034770E+01   6.6106104179373937E-01
    2872.0010000000002037   5.2247803485800794E+01   6.6106063440669005E-01
    2900.0000000000000000   5.2676619085565726E+01   6.5599741994193816E-01
    3000.0000000000000000   5.4203495694207021E+01   6.3885914513686481E-01
    3100.0000000000000000   5.5725585898265500E+01   6.2196321903374130E-01
    3200.0000000000000000   5.7240338710464584E+01   6.0657040290627906E-01
    3300.0000000000000000   5.8750208603882896E+01   5.9160862636359113E-01
    3400.0000000000000000   6.0254195201863809E+01   5.7754159341580236E-01
    3500.0000000000000000   6.1752141523847165E+01   5.6445584882207456E-01
    3600.0000000000000000   6.3245030186480591E+01   5.5195588556677122E-01
    3700.0000000000000000   6.4733692475503247E+01   5.3974672758060649E-01
    3800.0000000000000000   6.6217265502619895E+01   5.2813026412708952E-01
    3900.0000000000000000   6.7695123862684298E+01   5.1748400655181137E-01
    4000.0000000000000000   6.9169118693914299E+01   5.0704414425966893E-01
    4100.0000000000000000   7.0639430848263601E+01   4.9675996706049608E-01
    4200.0000000000000000   7.2104580245470061E+01   4.8719788810905201E-01
    4300.0000000000000000   7.3564987741843936E+01   4.7830309457833264E-01
    4400.0000000000000000   7.5024192481680515E+01   4.6869452278263113E-01
    4500.0000000000000000   7.6475973675718137E+01   4.6072473973707345E-01
    4600.0000000000000000   7.7926022754596247E+01   4.5236251389577298E-01
    4700.0000000000000000   7.9369983642014276E+01   4.4503767308055969E-01
    4800.0000000000000000   8.0812805686449863E+01   4.3721620195986655E-01
    4900.0000000000000000   8.2252212351186259E+01   4.2963088997866855E-01
    5000.0000000000000000   8.3687684347591784E+01   4.2245972786075975E-01
    5100.0000000000000000   8.5119374443886770E+01   4.1566599107753771E-01
    5200.0000000000000000   8.6547363191465507E+01   4.0923717996984305E-01
    5300.0000000000000000   8.7971840327734270E+01   4.0312239241731845E-01
    5400.0000000000000000   8.9392367267423879E+01   3.9745703818237560E-01
    5500.0000000000000000   9.0813362124188174E+01   3.9091763378985950E-01
    5600.0000000000000000   9.2229627039313058E+01   3.8508719443132594E-01
    5700.0000000000000000   9.3640572260249570E+01   3.8008819049429776E-01
    5800.0000000000000000   9.5052906015872665E+01   3.7405839387465112E-01
    5900.0000000000000000   9.6457433272660737E+01   3.6963977973725509E-01
    6000.0000000000000000   9.7864651443076866E+01   3.6387438212417383E-01
    6100.0000000000000000   9.9267928892719581E+01   3.5856908433645790E-01
    6200.0000000000000000   1.0066281471403092E+02   3.5493981661860668E-01
    6300.0000000000000000   1.0206177281603763E+02   3.4968570977038493E-01
    6400.0000000000000000   1.0345640924476774E+02   3.4508579019825403E-01
    6500.0000000000000000   1.0484823745720708E+02   3.4055139408774671E-01
    6600.0000000000000000   1.0623878701309199E+02   3.3599804814946743E-01
    6700.0000000000000000   1.0762530840337170E+02   3.3186348832769397E-01
    6800.0000000000000000   1.0901005343861017E+02   3.2774746331242482E-01
    6900.0000000000000000   1.1039151836620665E+02   3.2399372235051027E-01
    7000.0000000000000000   1.1177059727550976E+02   3.2031468812558933E-01
    7100.0000000000000000   1.1314797210425479E+02   3.1664932624967507E-01
    7200.0000000000000000   1.1452171771467759E+02   3.1339035275197813E-01
    7300.0000000000000000   1.1589327077169489E+02   3.1017450441226235E-01
    7400.0000000000000000   1.1726948324172437E+02   3.0556268124641828E-01
    7500.0000000000000000   1.1863606709494462E+02   3.0264627789737447E-01
    7600.0000000000000000   1.2000194480908377E+02   2.9970497140231872E-01
    7700.0000000000000000   1.2136997088595200E+02   2.9567178305085784E-01
    7800.0000000000000000   1.2273083415584244E+02   2.9295419086745927E-01
    7900.0000000000000000   1.2408996569918250E+02   2.9039591546899490E-01
    8000.0000000000000000   1.2545123937938470E+02   2.8682301158686713E-01
    8100.0000000000000000   1.2680529093947285E+02   2.8445005405331664E-01
    8200.0000000000000000   1.2816381434015096E+02   2.8099981351566961E-01
    8300.0000000000000000   1.2951551223006365E+02   2.7855984803697464E-01
    8400.0000000000000000   1.3086873003060524E+02   2.7533058077397166E-01
    8500.0000000000000000   1.3222003114456271E+02   2.7223578316547808E-01
    8600.0000000000000000   1.3356387508294583E+02   2.7057632746406657E-01
    8700.0000000000000000   1.3491338772728054E+02   2.6746285013761634E-01
    8800.0000000000000000   1.3626023578461150E+02   2.6434573431648611E-01
    8900.0000000000000000   1.3759591884612431E+02   2.6324574580221788E-01
    9000.0000000000000000   1.3894097281107958E+02   2.5996023201291263E-01
    9100.0000000000000000   1.4028032903094146E+02   2.5765815446544293E-01
    9200.0000000000000000   1.4162123709802884E+02   2.5481674821424555E-01
    9300.0000000000000000   1.4295601575061622E+02   2.5293407567258319E-01
    9400.0000000000000000   1.4428688390420004E+02   2.5142513011193990E-01
    9500.0000000000000000   1.4562248264434291E+02   2.4868406099218779E-01
    9600.0000000000000000   1.4695515033350162E+02   2.4631785167595274E-01
    9700.0000000000000000   1.4828518448986244E+02   2.4413462762417562E-01
    9800.0000000000000000   1.4961260880616504E+02   2.4220831317876584E-01
    9900.0000000000000000   1.5093931438593509E+02   2.4018682760679949E-01
   10000.0000000000000000   1.5226502329715399E+02   2.3813118151742596E-01
   11000.0000000000000000   1.6544802118704320E+02   2.1920455318614768E-01
   12000.0000000000000000   1.7849467541250408E+02   2.0413669774915577E-01
   13000.0000000000000000   1.9142628730081731E+02   1.9096794926795105E-01
   14000.0000000000000000   2.0425669653495032E+02   1.7895910046327076E-01
   15000.0000000000000000   2.1698404968952812E+02   1.6893097199968585E-01
   16000.0000000000000000   2.2962884438252053E+02   1.6010855334663868E-01
   17000.0000000000000000   2.4218411618417545E+02   1.5204695611663016E-01
   18000.0000000000000000   2.5466283137320247E+02   1.4561644724631681E-01
   19000.0000000000000000   2.6708175922782726E+02   1.3800142088270195E-01
   20000.0000000000000000   2.7942787401294322E+02   1.3223254479494839E-01
   20005.9989999999997963   2.7950323593069413E+02   1.3203444523672225E-01
   20006.0010000000002037   2.7950326099420238E+02   1.3203439098270670E-01
   21000.0000000000000000   2.9170058880295426E+02   1.2785713917745781E-01
   22000.0000000000000000   3.0393183291943080E+02   1.2170742171113583E-01
   23000.0000000000000000   3.1608575417587701E+02   1.1693656826460753E-01
   24000.0000000000000000   3.2820513242512487E+02   1.1299237617637910E-01
   25000.0000000000000000   3.4026182385838001E+02   1.0991771498035205E-01
   26000.0000000000000000   3.5227750640862558E+02   1.0632489047310338E-01
   27000.0000000000000000   3.6424903545964997E+02   1.0207565656861235E-01
   28000.0000000000000000   3.7614967852688028E+02   9.9412827560158123E-02
   29000.0000000000000000   3.8804024829066401E+02   9.6952262553465188E-02
   30000.0000000000000000   3.9987955609481639E+02   9.3088550274791987E-02
   31000.0000000000000000   4.1170073441757546E+02   9.0598372338570834E-02
   32000.0000000000000000   4.2344568882490745E+02   8.8199956341261029E-02
   33000.0000000000000000   4.3514131203981202E+02   8.7068759508426880E-02
   34000.0000000000000000   4.4683027845710711E+02   8.4884487826753202E-02
   35000.0000000000000000   4.5850945938768808E+02   8.1470619313280937E-02
   36000.0000000000000000   4.7013140963500507E+02   8.0541894572573519E-02
   37000.0000000000000000   4.8175230665204981E+02   7.8983399811616298E-02
   38000.0000000000000000   4.9333661875867523E+02   7.5755600006109175E-02
   39000.0000000000000000   5.0482987853175155E+02   7.4143139529248739E-02
   40000.0000000000000000   5.1639475797780722E+02   7.2320006614754462E-02
   41000.0000000000000000   5.2783522795299655E+02   7.0608165052861604E-02
   42000.0000000000000000   5.3931546983117039E+02   7.0049501337765621E-02
   43000.0000000000000000   5.5069674923949196E+02   6.7946688916378006E-02
   44000.0000000000000000   5.6215167107863340E+02   6.6343626495094732E-02
   45000.0000000000000000   5.7353649641878746E+02   6.5486570442065975E-02
   46000.0000000000000000   5.8484022979438146E+02   6.4136676440161994E-02
   47000.0000000000000000   5.9614262042351049E+02   6.3738828958519733E-02
   48000.0000000000000000   6.0749343261232809E+02   6.2011059759233988E-02
   49000.0000000000000000   6.1878359085273974E+02   6.1513874856425503E-02
   50000.0000000000000000   6.3007856846414688E+02   5.9589127529995262E-02
