       0.1000000000000000   5.9317967669555124E+01   4.9178973397203654E-04
       0.2000000000000000   5.1933142728242366E+01   9.6850877469702049E-04
       0.3000000000000000   4.9316895931999404E+01   1.4493268682129760E-03
       0.4000000000000000   4.8170150387070173E+01   1.9155769108260615E-03
       0.5000000000000000   4.7470827475769241E+01   2.3833495475621843E-03
       0.6000000000000000   4.6986925882958680E+01   2.8534366684784358E-03
       0.7000000000000000   4.6627178945464728E+01   3.3266004037334033E-03
       0.7999999999999999   4.6341818306343271E+01   3.8033635604332776E-03
       0.8999999999999999   4.6108042787438002E+01   4.2829559747200518E-03
       0.9999999999999999   4.5903849733455566E+01   4.7671565722221801E-03
       2.0000000000000000   4.4395956396498939E+01   9.8689908367063026E-03
       3.0000000000000000   4.2940673288606817E+01   1.5553686194406804E-02
       4.0000000000000000   4.1385404843775206E+01   2.1918236217094621E-02
       5.0000000000000000   3.9782811106883386E+01   2.9020388600144217E-02
       6.0000000000000000   3.8186311448917529E+01   3.6895696492261897E-02
       7.0000000000000000   3.6633778678921864E+01   4.5561415057959645E-02
       8.0000000000000000   3.5146326211063410E+01   5.5026745064532444E-02
       9.0000000000000000   3.3734529564932657E+01   6.5296236300334071E-02
      10.0000000000000000   3.2401588342918245E+01   7.6374031165744566E-02
      11.0000000000000000   3.1146682435152684E+01   8.8265002245698720E-02
      12.0000000000000000   2.9966418516958115E+01   1.0097623848367482E-01
      13.0000000000000000   2.8856181659586579E+01   1.1451860640578088E-01
      14.0000000000000000   2.7810495925638158E+01   1.2890841738120168E-01
      15.0000000000000000   2.6823857007057693E+01   1.4416716656294878E-01
      16.0000000000000000   2.5891005930542757E+01   1.6032127205043317E-01
      17.0000000000000000   2.5006870631142942E+01   1.7740382532469182E-01
      18.0000000000000000   2.4166839650853721E+01   1.9545373399296279E-01
      19.0000000000000000   2.3366669963634092E+01   2.1451647528134510E-01
      20.0000000000000000   2.2602517993096772E+01   2.3464470750841090E-01
      21.0000000000000000   2.1870914326118438E+01   2.5589853138588742E-01
      22.0000000000000000   2.1168772268920112E+01   2.7834557739129695E-01
      23.0000000000000000   2.0493319052863068E+01   3.0206199185081833E-01
      24.0000000000000000   1.9842062047735340E+01   3.2713343744268930E-01
      25.0000000000000000   1.9212784913864972E+01   3.5365535643577567E-01
      26.0000000000000000   1.8603510404059520E+01   3.8173404525312538E-01
      27.0000000000000000   1.8012478134410692E+01   4.1148761047543214E-01
      28.0000000000000000   1.7438127160129216E+01   4.4304696454573850E-01
      29.0000000000000000   1.6879073643997369E+01   4.7655701756583368E-01
      30.0000000000000000   1.6334104121931855E+01   5.1217770184931899E-01
      31.0000000000000000   1.5802159270463394E+01   5.5008513957759297E-01
      32.0000000000000000   1.5282333669339735E+01   5.9047243753340029E-01
      33.0000000000000000   1.4773864321211827E+01   6.3355058048158008E-01
      34.0000000000000000   1.4276134874545683E+01   6.7954855345314968E-01
      35.0000000000000000   1.3788675714286029E+01   7.2871293292486883E-01
      36.0000000000000000   1.3311169309871806E+01   7.8130639715364703E-01
      37.0000000000000000   1.2843457453703735E+01   8.3760474826637121E-01
      38.0000000000000000   1.2385550555711008E+01   8.9789188949791698E-01
      39.0000000000000000   1.1937637213417389E+01   9.6245212804826985E-01
      40.0000000000000000   1.1500093442235261E+01   1.0315591285777119E+00
      41.0000000000000000   1.1073486967682808E+01   1.1054610409030070E+00
      41.9990000000000023   1.0658983944545239E+01   1.1842800707248098E+00
      42.0000000000000000   1.0658575171424198E+01   1.1843615202504492E+00
      42.0009999999999977   1.0658166410918563E+01   1.1844429749188821E+00
      43.0000000000000000   1.0256291156081307E+01   1.2683971256507491E+00
      44.0000000000000000   9.8677143216893679E+00   1.3576124102326095E+00
      44.9990000000000023   9.4943876336248429E+00   1.4518385475730358E+00
      45.0000000000000000   9.4940217792345738E+00   1.4519353643885344E+00
      45.0009999999999977   9.4936559409408794E+00   1.4520321861150534E+00
      46.0000000000000000   9.1364216428853275E+00   1.5511567208328811E+00
      47.0000000000000000   8.7960708414120106E+00   1.6549174915350446E+00
      48.0000000000000000   8.4739865965887944E+00   1.7627084991015252E+00
      49.0000000000000000   8.1709634803639091E+00   1.8738840360267148E+00
      50.0000000000000000   7.8875087844934049E+00   1.9876891113812656E+00
      51.0000000000000000   7.6238059376344713E+00   2.1032969306681295E+00
      52.0000000000000000   7.3797100583151503E+00   2.2198512541600874E+00
      53.0000000000000000   7.1547729869134544E+00   2.3365077848294944E+00
      54.0000000000000000   6.9482903294411384E+00   2.4524697026019160E+00
      55.0000000000000000   6.7593606028220368E+00   2.5670143635989482E+00
      56.0000000000000000   6.5869471850713692E+00   2.6795102325891382E+00
      57.0000000000000000   6.4299359551531907E+00   2.7894246239039742E+00
      58.0000000000000000   6.2871837663779324E+00   2.8963243813465720E+00
      59.0000000000000000   6.1575569681494935E+00   2.9998709040355189E+00
      60.0000000000000000   6.0399595379397484E+00   3.0998117515580610E+00
      61.0000000000000000   5.9333514823610924E+00   3.1959708341438575E+00
      62.0000000000000000   5.8367603984824079E+00   3.2882375990721973E+00
      63.0000000000000000   5.7492869623977452E+00   3.3765566567562755E+00
      64.0000000000000000   5.6701062942920606E+00   3.4609180964375450E+00
      65.0000000000000000   5.5984664636927777E+00   3.5413487971900359E+00
      66.0000000000000000   5.5336851330536376E+00   3.6179048347043588E+00
      67.0000000000000000   5.4751451083308327E+00   3.6906649782538428E+00
      67.9989999999999952   5.4223395291626506E+00   3.7596579627954183E+00
      68.0000000000000000   5.4222893412540918E+00   3.7597252102254028E+00
      68.0010000000000048   5.4222391585235394E+00   3.7597924540633936E+00
      69.0000000000000000   5.3746157564859711E+00   3.8251941685895718E+00
      70.0000000000000000   5.3316721540824910E+00   3.8871893999183453E+00
      71.0000000000000000   5.2930513388302733E+00   3.9458343111877330E+00
      72.0000000000000000   5.2583865703449231E+00   4.0012557140546319E+00
      73.0000000000000000   5.2273473730051325E+00   4.0535818667193615E+00
      74.0000000000000000   5.1996357215477467E+00   4.1029409292907646E+00
      75.0000000000000000   5.1749825844594355E+00   4.1494597709715633E+00
      76.0000000000000000   5.1531448784528644E+00   4.1932630035387097E+00
      77.0000000000000000   5.1339026311787466E+00   4.2344723499573576E+00
      78.0000000000000000   5.1170565650502589E+00   4.2732060899765196E+00
      79.0000000000000000   5.1024258925377541E+00   4.3095787087092230E+00
      80.0000000000000000   5.0898463686807478E+00   4.3437006536649694E+00
      81.0000000000000000   5.0791685622711338E+00   4.3756781868331149E+00
      82.0000000000000000   5.0702563223850152E+00   4.4056133119592493E+00
      83.0000000000000000   5.0629854170613253E+00   4.4336037607661307E+00
      84.0000000000000000   5.0572423241894651E+00   4.4597430250539034E+00
      85.0000000000000000   5.0529231589540613E+00   4.4841204238432262E+00
      86.0000000000000000   5.0499327193913741E+00   4.5068211970396321E+00
      87.0000000000000000   5.0481836358729071E+00   4.5279266202435391E+00
      88.0000000000000000   5.0475956222649145E+00   4.5475141253106779E+00
      89.0000000000000000   5.0480947907464202E+00   4.5656574468211053E+00
      90.0000000000000000   5.0496130570518405E+00   4.5824267579763918E+00
      91.0000000000000000   5.0520876011412188E+00   4.5978888178762425E+00
      92.0000000000000000   5.0554603856367892E+00   4.6121071180510320E+00
      93.0000000000000000   5.0596777244201014E+00   4.6251420281866231E+00
      94.0000000000000000   5.0646898955338191E+00   4.6370509397271418E+00
      95.0000000000000000   5.0704507933570255E+00   4.6478884063595425E+00
      96.0000000000000000   5.0769176156717419E+00   4.6577062806425467E+00
      97.0000000000000000   5.0840505817273609E+00   4.6665538462494265E+00
      98.0000000000000000   5.0918126777126735E+00   4.6744779454748304E+00
      99.0000000000000000   5.1001694277554153E+00   4.6815231016882350E+00
     100.0000000000000000   5.1090886848926438E+00   4.6877316368214466E+00
     103.9989999999999952   5.1498082150487354E+00   4.7049721830734201E+00
     104.0010000000000048   5.1498304295314021E+00   4.7049780082211266E+00
     110.0000000000000000   5.2234826517909934E+00   4.7117492263605056E+00
     120.0000000000000000   5.3705749711258068E+00   4.6860154229385200E+00
     130.0000000000000000   5.5382592035028848E+00   4.6298427949528680E+00
     140.0000000000000000   5.7194466310996006E+00   4.5552820296856735E+00
     150.0000000000000000   5.9018779329889020E+00   4.4903917126255930E+00
     153.9989999999999952   5.9852806077279608E+00   4.4442744980828186E+00
     154.0010000000000048   5.9853304535381975E+00   4.4442342926715659E+00
     160.0000000000000000   6.1026872673336916E+00   4.3938274884477595E+00
     167.9989999999999952   6.2625304864344491E+00   4.3229861054865433E+00
     168.0010000000000048   6.2625795982813477E+00   4.3229492788672408E+00
     169.9989999999999952   6.3043833696015410E+00   4.3018366000164443E+00
     170.0000000000000000   6.3044078797169858E+00   4.3018184332495979E+00
     170.0010000000000048   6.3044323883543161E+00   4.3018002688303518E+00
     180.0000000000000000   6.5067112381349750E+00   4.2142919456114951E+00
     190.0000000000000000   6.7156493316323793E+00   4.1178108906037449E+00
     200.0000000000000000   6.9240350336165877E+00   4.0271326999630119E+00
     210.0000000000000000   7.1318269650923902E+00   3.9417675832220689E+00
     220.0000000000000000   7.3390035879457809E+00   3.8612695826198316E+00
     230.0000000000000000   7.5455565198102512E+00   3.7852353360461595E+00
     231.9989999999999952   7.5919109406549392E+00   3.7601774009815712E+00
     232.0010000000000048   7.5919572909129034E+00   3.7601525094913257E+00
     233.9989999999999952   7.6330706198602094E+00   3.7457465491948301E+00
     234.0010000000000048   7.6331168946573964E+00   3.7457219272536268E+00
     236.9989999999999952   7.6922481360654018E+00   3.7294416180044223E+00
     237.0010000000000048   7.6922942877416629E+00   3.7294173529236647E+00
     240.0000000000000000   7.7564273826613093E+00   3.7033701562370407E+00
     250.0000000000000000   7.9662718837358950E+00   3.6262530872013987E+00
     260.0000000000000000   8.1751298826375987E+00   3.5534666308774190E+00
     270.0000000000000000   8.3830408492486530E+00   3.4846408528250561E+00
     280.0000000000000000   8.5943945144842786E+00   3.4111784723062546E+00
     290.0000000000000000   8.8003758396770984E+00   3.3496681545544189E+00
     300.0000000000000000   9.0096382300717348E+00   3.2835880091263085E+00
     310.0000000000000000   9.2138510641419753E+00   3.2282478073997076E+00
     320.0000000000000000   9.4211885254817265E+00   3.1684370716656813E+00
     330.0000000000000000   9.6275782643551704E+00   3.1115366056477862E+00
     340.0000000000000000   9.8330573505278984E+00   3.0573298025523110E+00
     350.0000000000000000   1.0037660892301968E+01   3.0056213471373483E+00
     360.0000000000000000   1.0241422115735050E+01   2.9562346624708318E+00
     370.0000000000000000   1.0447893692543548E+01   2.9030282732694439E+00
     380.0000000000000000   1.0649984442563941E+01   2.8580022689187787E+00
     390.0000000000000000   1.0851323514592289E+01   2.8148504444293110E+00
     398.9990000000000236   1.1034219937419696E+01   2.7736813278932440E+00
     399.0009999999999764   1.1034262000982920E+01   2.7736699115602086E+00
     400.0000000000000000   1.1055268770000172E+01   2.7679801132224044E+00
     410.0000000000000000   1.1255107826639849E+01   2.7283818262949264E+00
     415.9990000000000236   1.1377262617328853E+01   2.7011831638849797E+00
     416.0009999999999764   1.1377304382727287E+01   2.7011724617620678E+00
     420.0000000000000000   1.1457493408011498E+01   2.6851413157560917E+00
     430.0000000000000000   1.1659119268747343E+01   2.6436165964321185E+00
     440.0000000000000000   1.1856855437571399E+01   2.6086259490197445E+00
     450.0000000000000000   1.2057064037432276E+01   2.5701105833274145E+00
     460.0000000000000000   1.2256578553959677E+01   2.5330295890012446E+00
     470.0000000000000000   1.2455418536664620E+01   2.4973020855016332E+00
     480.0000000000000000   1.2653603516751485E+01   2.4628520343239875E+00
     490.0000000000000000   1.2848211549279579E+01   2.4339709313490956E+00
     500.0000000000000000   1.3045176004271788E+01   2.4017738117142162E+00
     510.0000000000000000   1.3241537916387008E+01   2.3706634340149764E+00
     510.9989999999999668   1.3261692095136222E+01   2.3667818791812443E+00
     511.0009999999999195   1.3261732437712782E+01   2.3667741223119036E+00
     520.0000000000000000   1.3437313427615672E+01   2.3405834931067622E+00
     530.0000000000000000   1.3635321433366153E+01   2.3074817575659727E+00
     540.0000000000000000   1.3829935570250779E+01   2.2793911845146950E+00
     550.0000000000000000   1.4024007535261367E+01   2.2521816033252002E+00
     560.0000000000000000   1.4217550828297831E+01   2.2258107491984838E+00
     570.0000000000000000   1.4410578478248787E+01   2.2002389778704896E+00
     580.0000000000000000   1.4605769976260609E+01   2.1718022716592635E+00
     590.0000000000000000   1.4797771529724617E+01   2.1477851134087467E+00
     600.0000000000000000   1.4989293104730313E+01   2.1244608606410837E+00
     610.0000000000000000   1.5180345051916666E+01   2.1017999197900354E+00
     620.0000000000000000   1.5373501127667948E+01   2.0764004603212678E+00
     630.0000000000000000   1.5563618871224605E+01   2.0550320134419615E+00
     640.0000000000000000   1.5755814998450528E+01   2.0309945117770756E+00
     650.0000000000000000   1.5945035859500349E+01   2.0108126548222391E+00
     660.0000000000000000   1.6136317678455473E+01   1.9880170223853089E+00
     670.0000000000000000   1.6324675587384423E+01   1.9689286516659841E+00
     680.0000000000000000   1.6515080269187042E+01   1.9472747144376292E+00
     690.0000000000000000   1.6702610630023425E+01   1.9291921219373365E+00
     700.0000000000000000   1.6892169878482225E+01   1.9085940253035472E+00
     710.0000000000000000   1.7078906960314200E+01   1.8914372959196690E+00
     720.0000000000000000   1.7267650273884598E+01   1.8718182089892597E+00
     730.0000000000000000   1.7453627120408672E+01   1.8555144556085386E+00
     740.0000000000000000   1.7641581453275911E+01   1.8368060827011936E+00
     750.0000000000000000   1.7829156616245342E+01   1.8185383681822376E+00
     760.0000000000000000   1.8014021348090949E+01   1.8034284678452299E+00
     770.0000000000000000   1.8200850038574355E+01   1.7859741502346436E+00
     780.0000000000000000   1.8387312444450778E+01   1.7689224686920391E+00
     790.0000000000000000   1.8571129177224602E+01   1.7548754440029082E+00
     800.0000000000000000   1.8756884463825561E+01   1.7385526476399658E+00
     810.0000000000000000   1.8942291577212469E+01   1.7225924703738618E+00
     820.0000000000000000   1.9127347530378977E+01   1.7069921266669694E+00
     830.0000000000000000   1.9309845453198776E+01   1.6942015821238143E+00
     840.0000000000000000   1.9494248056107612E+01   1.6792270072782931E+00
     850.0000000000000000   1.9678321846522156E+01   1.6645721396407227E+00
     860.0000000000000000   1.9862067054101711E+01   1.6502318010100188E+00
     870.0000000000000000   2.0045488930340273E+01   1.6361955506118266E+00
     880.0000000000000000   2.0228598307626076E+01   1.6224472689764007E+00
     890.0000000000000000   2.0409277862342243E+01   1.6112444066627276E+00
     900.0000000000000000   2.0591796864259091E+01   1.5980056788600185E+00
     910.0000000000000000   2.0774013740557816E+01   1.5850332521466142E+00
     920.0000000000000000   2.0955932327489663E+01   1.5723195757415662E+00
     930.0000000000000000   2.1137557458019501E+01   1.5598562374973384E+00
     940.0000000000000000   2.1318894999126563E+01   1.5476339745559706E+00
     950.0000000000000000   2.1499951173166956E+01   1.5356434354535815E+00
     960.0000000000000000   2.1680731186079957E+01   1.5238765607880678E+00
     970.0000000000000000   2.1861238803753952E+01   1.5123269405665760E+00
     980.0000000000000000   2.2041476985418498E+01   1.5009891243755771E+00
     990.0000000000000000   2.2221448589309887E+01   1.4898578950406529E+00
    1000.0000000000000000   2.2401156655823875E+01   1.4789279833513191E+00
    1100.0000000000000000   2.4184446962273430E+01   1.3795932141183851E+00
    1200.0000000000000000   2.5946611266308935E+01   1.2937042881432457E+00
    1300.0000000000000000   2.7689939801099289E+01   1.2183766749222220E+00
    1400.0000000000000000   2.9416338500727047E+01   1.1514921053169684E+00
    1500.0000000000000000   3.1125609159059799E+01   1.0928568534554839E+00
    1600.0000000000000000   3.2820836160484156E+01   1.0398059309518310E+00
    1700.0000000000000000   3.4500059183677088E+01   9.9363231986180489E-01
    1800.0000000000000000   3.6169119823881360E+01   9.5004025527974556E-01
    1843.9990000000000236   3.6898320638440893E+01   9.3303527372176920E-01
    1844.0009999999999764   3.6898353873242321E+01   9.3303441941993914E-01
    1900.0000000000000000   3.7824197529428531E+01   9.1170030990577411E-01
    2000.0000000000000000   3.9469014491340218E+01   8.7605687621316231E-01
    2100.0000000000000000   4.1103038360786535E+01   8.4349773671827832E-01
    2200.0000000000000000   4.2728490682548845E+01   8.1268386630000666E-01
    2300.0000000000000000   4.4342519565971422E+01   7.8536331711885643E-01
    2400.0000000000000000   4.5949059908387120E+01   7.5923853036424727E-01
    2475.9989999999997963   4.7163999509763379E+01   7.4078541114931096E-01
    2476.0010000000002037   4.7164031365764508E+01   7.4078495975704306E-01
    2500.0000000000000000   4.7546675926838226E+01   7.3517851703040327E-01
    2526.9989999999997963   4.7976556053564266E+01   7.2899530022744052E-01
    2527.0010000000002037   4.7976587934106050E+01   7.2899481206962224E-01
    2600.0000000000000000   4.9136147331633957E+01   7.1279566128508143E-01
    2631.9989999999997963   4.9643485749351079E+01   7.0575509281696358E-01
    2632.0010000000002037   4.9643517761598950E+01   7.0575449322472894E-01
    2700.0000000000000000   5.0717873528599242E+01   6.9191244952670927E-01
    2800.0000000000000000   5.2291724648254828E+01   6.7259893666861492E-01
    2871.9989999999997963   5.3421637020633916E+01   6.5887107213238105E-01
    2872.0010000000002037   5.3421668421568683E+01   6.5887066601068300E-01
    2900.0000000000000000   5.3859852007371678E+01   6.5382501223635403E-01
    3000.0000000000000000   5.5420065777249803E+01   6.3674704773883817E-01
    3100.0000000000000000   5.6975412925973231E+01   6.1990792504374714E-01
    3200.0000000000000000   5.8523221311392852E+01   6.0456871056663120E-01
    3300.0000000000000000   6.0066051713944375E+01   5.8965760418732560E-01
    3400.0000000000000000   6.1602853740127230E+01   5.7563855019838095E-01
    3500.0000000000000000   6.3133458996496678E+01   5.6259830773339581E-01
    3600.0000000000000000   6.4658890522791751E+01   5.5014156167134731E-01
    3700.0000000000000000   6.6180013353627146E+01   5.3797350825267876E-01
    3800.0000000000000000   6.7695922006637886E+01   5.2639619192213727E-01
    3900.0000000000000000   6.9205959514959545E+01   5.1578726417181675E-01
    4000.0000000000000000   7.0712057439298306E+01   5.0538304131068057E-01
    4100.0000000000000000   7.2214401759623001E+01   4.9513292835070793E-01
    4200.0000000000000000   7.3711442832306702E+01   4.8560344327605870E-01
    4300.0000000000000000   7.5203617868222835E+01   4.7673986886745734E-01
    4400.0000000000000000   7.6694622878057956E+01   4.6716122882553929E-01
    4500.0000000000000000   7.8177954540914172E+01   4.5922017020253664E-01
    4600.0000000000000000   7.9659558260943300E+01   4.5088553490327232E-01
    4700.0000000000000000   8.1134879801180375E+01   4.4358721828312703E-01
    4800.0000000000000000   8.2609089056382459E+01   4.3579126721575967E-01
    4900.0000000000000000   8.4079805110624633E+01   4.2823052854254778E-01
    5000.0000000000000000   8.5546483479708115E+01   4.2108304603443375E-01
    5100.0000000000000000   8.7009282034178554E+01   4.1431214426827412E-01
    5200.0000000000000000   8.8468283258687947E+01   4.0790536911101138E-01
    5300.0000000000000000   8.9923683794673622E+01   4.0181186071190700E-01
    5400.0000000000000000   9.1375023840637851E+01   3.9616706813486630E-01
    5500.0000000000000000   9.2826918141962864E+01   3.8964754449618455E-01
    5600.0000000000000000   9.4273934276102636E+01   3.8383633910029902E-01
    5700.0000000000000000   9.5715454766036117E+01   3.7885595417706680E-01
    5800.0000000000000000   9.7158487105306278E+01   3.7284419138145253E-01
    5900.0000000000000000   9.8593423063560849E+01   3.6844305372313463E-01
    6000.0000000000000000   1.0003122896682947E+02   3.6269460132740017E-01
    6100.0000000000000000   1.0146497500426710E+02   3.5740574195516889E-01
    6200.0000000000000000   1.0289001004567467E+02   3.5379242881280049E-01
    6300.0000000000000000   1.0431935462005889E+02   3.4855381427776055E-01
    6400.0000000000000000   1.0574423812977798E+02   3.4396894505361453E-01
    6500.0000000000000000   1.0716624074077393E+02   3.3944917643675793E-01
    6600.0000000000000000   1.0858695940724292E+02   3.3491005314850558E-01
    6700.0000000000000000   1.1000352078036593E+02   3.3078932812235112E-01
    6800.0000000000000000   1.1141827640407664E+02   3.2668676608798614E-01
    6900.0000000000000000   1.1282965446498598E+02   3.2294613144836698E-01
    7000.0000000000000000   1.1423858815045031E+02   3.1927986122014257E-01
    7100.0000000000000000   1.1564578901528176E+02   3.1562693458079966E-01
    7200.0000000000000000   1.1704924518886415E+02   3.1238008040858284E-01
    7300.0000000000000000   1.1845045670591340E+02   3.0917604766289664E-01
    7400.0000000000000000   1.1985658043112718E+02   3.0457574791324971E-01
    7500.0000000000000000   1.2125269018596467E+02   3.0167058677018455E-01
    7600.0000000000000000   1.2264810580426555E+02   2.9874025168947516E-01
    7700.0000000000000000   1.2404580831275241E+02   2.9471777386448123E-01
    7800.0000000000000000   1.2543607075939919E+02   2.9201064074024746E-01
    7900.0000000000000000   1.2682456573682131E+02   2.8946258190038382E-01
    8000.0000000000000000   1.2821533905801982E+02   2.8589966061640770E-01
    8100.0000000000000000   1.2959860863759135E+02   2.8353645985931952E-01
    8200.0000000000000000   1.3098658876042037E+02   2.8009575803733533E-01
    8300.0000000000000000   1.3236747831403883E+02   2.7766512061836979E-01
    8400.0000000000000000   1.3374999379969213E+02   2.7444497782834582E-01
    8500.0000000000000000   1.3513054503099221E+02   2.7135910785853318E-01
    8600.0000000000000000   1.3650334443135642E+02   2.6970838941490632E-01
    8700.0000000000000000   1.3788210151107535E+02   2.6660346513619371E-01
    8800.0000000000000000   1.3925811159056408E+02   2.6349472405646579E-01
    8900.0000000000000000   1.4062249571283567E+02   2.6240293762825029E-01
    9000.0000000000000000   1.4199670273908856E+02   2.5912545868139059E-01
    9100.0000000000000000   1.4336499332145812E+02   2.5683125391788258E-01
    9200.0000000000000000   1.4473493896496939E+02   2.5399756336249663E-01
    9300.0000000000000000   1.4609851647712830E+02   2.5212245419513252E-01
    9400.0000000000000000   1.4745804305108433E+02   2.5062092426062088E-01
    9500.0000000000000000   1.4882254334359794E+02   2.4788712740866567E-01
    9600.0000000000000000   1.5018401479624060E+02   2.4552805121739149E-01
    9700.0000000000000000   1.5154276776650804E+02   2.4335182519753992E-01
    9800.0000000000000000   1.5289882662744103E+02   2.4143237758324604E-01
    9900.0000000000000000   1.5425416609450602E+02   2.3941763138388519E-01
   10000.0000000000000000   1.5560849550265451E+02   2.3736860080818262E-01
   11000.0000000000000000   1.6907602824302609E+02   2.1850201775031483E-01
   12000.0000000000000000   1.8240388933931817E+02   2.0348494074454251E-01
   13000.0000000000000000   1.9561405587803830E+02   1.9035973276730908E-01
   14000.0000000000000000   2.0872075700952698E+02   1.7838865842440557E-01
   15000.0000000000000000   2.2172187024991860E+02   1.6839363306430366E-01
   16000.0000000000000000   2.3463863904533815E+02   1.5960047780512882E-01
   17000.0000000000000000   2.4746365430209860E+02   1.5156494780518900E-01
   18000.0000000000000000   2.6021033493964632E+02   1.4515781605620548E-01
   19000.0000000000000000   2.7289608378742508E+02   1.3756388031914388E-01
   20000.0000000000000000   2.8550720887219029E+02   1.3181413434697245E-01
   20005.9989999999997963   2.8558422169304936E+02   1.3161614419731144E-01
   20006.0010000000002037   2.8558424730425816E+02   1.3161608997976135E-01
   21000.0000000000000000   2.9804301587100770E+02   1.2745616459577314E-01
   22000.0000000000000000   3.1053676424926397E+02   1.2132240843790400E-01
   23000.0000000000000000   3.2295096015665763E+02   1.1656622467383837E-01
   24000.0000000000000000   3.3533020275508846E+02   1.1263556423624722E-01
   25000.0000000000000000   3.4764505819442502E+02   1.0957342660251954E-01
   26000.0000000000000000   3.5991810628184606E+02   1.0599222827072656E-01
   27000.0000000000000000   3.7214601893927534E+02   1.0175381806869734E-01
   28000.0000000000000000   3.8430085089023305E+02   9.9101092149166445E-02
   29000.0000000000000000   3.9644604118987297E+02   9.6649980605243824E-02
   30000.0000000000000000   4.0853856110673104E+02   9.2795134035581719E-02
   31000.0000000000000000   4.2061296085846033E+02   9.0313288237733158E-02
   32000.0000000000000000   4.3260857320902454E+02   8.7922718467238606E-02
   33000.0000000000000000   4.4455344049128075E+02   8.6798924043483244E-02
   34000.0000000000000000   4.5649207671491604E+02   8.4621648275600800E-02
   35000.0000000000000000   4.6842119053971777E+02   8.1214402392958046E-02
   36000.0000000000000000   4.8029123991777112E+02   8.0291956656153338E-02
   37000.0000000000000000   4.9216083515911424E+02   7.8739423838206604E-02
   38000.0000000000000000   5.0399287160479565E+02   7.5517292785373266E-02
   39000.0000000000000000   5.1573048508664203E+02   7.3910229381278683E-02
   40000.0000000000000000   5.2754343098037168E+02   7.2092241296256368E-02
   41000.0000000000000000   5.3922710656763832E+02   7.0385309928801015E-02
   42000.0000000000000000   5.5095284192349550E+02   6.9831337764283880E-02
   43000.0000000000000000   5.6257583494668188E+02   6.7733012806234755E-02
   44000.0000000000000000   5.7427620363812957E+02   6.6134247041364558E-02
   45000.0000000000000000   5.8590392675623195E+02   6.5281308979512773E-02
   46000.0000000000000000   5.9744751776641965E+02   6.3935365426777149E-02
   47000.0000000000000000   6.0899018978198956E+02   6.3541311062263406E-02
   48000.0000000000000000   6.2058386203794726E+02   6.1817187037153234E-02
   49000.0000000000000000   6.3211469542890165E+02   6.1323508015115082E-02
   50000.0000000000000000   6.4365100429011386E+02   5.9402135257881239E-02
