       0.1000000000000000   4.2047628508393530E+01   6.9322774346731693E-04
       0.2000000000000000   3.6921791987591149E+01   1.3594573775995071E-03
       0.3000000000000000   3.5165789005487909E+01   2.0255816367850694E-03
       0.4000000000000000   3.4447279262687381E+01   2.6659064286724235E-03
       0.5000000000000000   3.4044539229146913E+01   3.3029750523709467E-03
       0.6000000000000000   3.3793474299222723E+01   3.9379609455391165E-03
       0.7000000000000000   3.3629731741607742E+01   4.5719611099065824E-03
       0.7999999999999999   3.3518107697106501E+01   5.2057370842075778E-03
       0.8999999999999999   3.3442378649035696E+01   5.8382872052553676E-03
       0.9999999999999999   3.3387073801244895E+01   6.4720629679848605E-03
       2.0000000000000000   3.3173168909872587E+01   1.2892045730576816E-02
       3.0000000000000000   3.2909613343087493E+01   1.9622306690586622E-02
       4.0000000000000000   3.2475063713019630E+01   2.6804782124406897E-02
       5.0000000000000000   3.1904012534732988E+01   3.4529302746815121E-02
       6.0000000000000000   3.1238579525028292E+01   4.2859034566390092E-02
       7.0000000000000000   3.0513880852987810E+01   5.1836614246825487E-02
       8.0000000000000000   2.9754936992979761E+01   6.1495482511138531E-02
       9.0000000000000000   2.8979870751248747E+01   7.1862689679017419E-02
      10.0000000000000000   2.8201197655381499E+01   8.2962689535449843E-02
      11.0000000000000000   2.7427789045531004E+01   9.4817943258208248E-02
      12.0000000000000000   2.6665611715574627E+01   1.0745042932698529E-01
      13.0000000000000000   2.5918664870878178E+01   1.2088315726364257E-01
      14.0000000000000000   2.5189203076751220E+01   1.3514223230148451E-01
      15.0000000000000000   2.4478475375538519E+01   1.5025676650094380E-01
      16.0000000000000000   2.3787036784514026E+01   1.6625898800302699E-01
      17.0000000000000000   2.3114799984853256E+01   1.8318634770783765E-01
      18.0000000000000000   2.2461382708728831E+01   2.0108091762564811E-01
      19.0000000000000000   2.1826120576832810E+01   2.1999042812813108E-01
      20.0000000000000000   2.1208198876416759E+01   2.3996907927895195E-01
      21.0000000000000000   2.0606705867321246E+01   2.6107798370544522E-01
      22.0000000000000000   2.0020714359437203E+01   2.8338538215521492E-01
      23.0000000000000000   1.9449280645729793E+01   3.0696774584372610E-01
      24.0000000000000000   1.8891464147041145E+01   3.3191085528351361E-01
      25.0000000000000000   1.8346367317790634E+01   3.5831012571899545E-01
      26.0000000000000000   1.7813137190672993E+01   3.8627172877984223E-01
      27.0000000000000000   1.7290974313758536E+01   4.1591358196272360E-01
      28.0000000000000000   1.6779141406900592E+01   4.4736636910833127E-01
      29.0000000000000000   1.6276962833112748E+01   4.8077475165536587E-01
      30.0000000000000000   1.5783835779193662E+01   5.1629840321396081E-01
      31.0000000000000000   1.5299228750918788E+01   5.5411318806205345E-01
      32.0000000000000000   1.4822693824340821E+01   5.9441195963229521E-01
      33.0000000000000000   1.4353865385867046E+01   6.3740545953366212E-01
      34.0000000000000000   1.3892473077788908E+01   6.8332244056476055E-01
      35.0000000000000000   1.3438348944065501E+01   7.3240926008945462E-01
      36.0000000000000000   1.2991438920692794E+01   7.8492839029618744E-01
      37.0000000000000000   1.2551815213790833E+01   8.4115544050414615E-01
      38.0000000000000000   1.2119690046797226E+01   9.0137413399348765E-01
      39.0000000000000000   1.1695429032662009E+01   9.6586861047190720E-01
      40.0000000000000000   1.1279563874694130E+01   1.0349123786395260E+00
      41.0000000000000000   1.0872799824746847E+01   1.1087534434895632E+00
      41.9990000000000023   1.0476408058045946E+01   1.1875139336962466E+00
      42.0000000000000000   1.0476016594931329E+01   1.1875953257062914E+00
      42.0009999999999977   1.0475625142829085E+01   1.1876767228612533E+00
      43.0000000000000000   1.0090257332458448E+01   1.2715744590772939E+00
      44.0000000000000000   9.7167019877394143E+00   1.3607352804993622E+00
      44.9990000000000023   9.3569744127905565E+00   1.4549089070683652E+00
      45.0000000000000000   9.3566214964989136E+00   1.4550056722367646E+00
      45.0009999999999977   9.3562685949841811E+00   1.4551024423179832E+00
      46.0000000000000000   9.0113135829707023E+00   1.5541762663497056E+00
      47.0000000000000000   8.6820227246506185E+00   1.6578879811154983E+00
      48.0000000000000000   8.3698532017069418E+00   1.7656315517493981E+00
      49.0000000000000000   8.0756869929159087E+00   1.8767611892333751E+00
      50.0000000000000000   7.8001191752994616E+00   1.9905218264924738E+00
      51.0000000000000000   7.5434206591543882E+00   2.1060865979137504E+00
      52.0000000000000000   7.3055325522422363E+00   2.2225991971923196E+00
      53.0000000000000000   7.0860897679616803E+00   2.3392152649407905E+00
      54.0000000000000000   6.8844667016390986E+00   2.4551379226175416E+00
      55.0000000000000000   6.6998352584278686E+00   2.5696444714775777E+00
      56.0000000000000000   6.5312260521663408E+00   2.6821033247431032E+00
      57.0000000000000000   6.3775856724532884E+00   2.7919817482741514E+00
      58.0000000000000000   6.2378251354887793E+00   2.8988465402704091E+00
      59.0000000000000000   6.1108586368520363E+00   3.0023590569007919E+00
      60.0000000000000000   5.9956320962271734E+00   3.1022668172257362E+00
      61.0000000000000000   5.8911420798628100E+00   3.1983936932707993E+00
      62.0000000000000000   5.7964479208795439E+00   3.2906290962310392E+00
      63.0000000000000000   5.7106777727914402E+00   3.3789176023958136E+00
      64.0000000000000000   5.6330305085530128E+00   3.4632492687479135E+00
      65.0000000000000000   5.5627747206987932E+00   3.5436509438175094E+00
      66.0000000000000000   5.4992458077075206E+00   3.6201786743587885E+00
      67.0000000000000000   5.4418419156812741E+00   3.6929112022121489E+00
      67.9989999999999952   5.3900684840280997E+00   3.7618772629296058E+00
      68.0000000000000000   5.3900192817738990E+00   3.7619444837331004E+00
      68.0010000000000048   5.3899700846063530E+00   3.7620117009452385E+00
      69.0000000000000000   5.3432873559043914E+00   3.8273871321839126E+00
      70.0000000000000000   5.3012039557128787E+00   3.8893566706480232E+00
      71.0000000000000000   5.2633706121195347E+00   3.9479764837810198E+00
      72.0000000000000000   5.2294282035654298E+00   4.0033733620003744E+00
      73.0000000000000000   5.1990529225143725E+00   4.0556755432862639E+00
      74.0000000000000000   5.1719525941699063E+00   4.1050111684856248E+00
      75.0000000000000000   5.1478633331196253E+00   4.1515070884468761E+00
      76.0000000000000000   5.1265465938210317E+00   4.1952878974230225E+00
      77.0000000000000000   5.1077864156632913E+00   4.2364753016738543E+00
      78.0000000000000000   5.0913870764233051E+00   4.2751875649908371E+00
      79.0000000000000000   5.0771709472987334E+00   4.3115391572410644E+00
      80.0000000000000000   5.0649765964802027E+00   4.3456405113600880E+00
      81.0000000000000000   5.0546571040382648E+00   4.3775978753982479E+00
      82.0000000000000000   5.0460785662437875E+00   4.4075132397642411E+00
      83.0000000000000000   5.0391187664543571E+00   4.4354843234063654E+00
      84.0000000000000000   5.0336659938386159E+00   4.4616046058937107E+00
      85.0000000000000000   5.0296179951273636E+00   4.4859633945233952E+00
      86.0000000000000000   5.0268810410059057E+00   4.5086459179604059E+00
      87.0000000000000000   5.0253690939117890E+00   4.5297334410221186E+00
      88.0000000000000000   5.0250030747107601E+00   4.5493033852170930E+00
      89.0000000000000000   5.0257101917304876E+00   4.5674294751883444E+00
      90.0000000000000000   5.0274233577031220E+00   4.5841818745948961E+00
      91.0000000000000000   5.0300806612101203E+00   4.5996273333657962E+00
      92.0000000000000000   5.0336248943633075E+00   4.6138293342152181E+00
      93.0000000000000000   5.0380031295771399E+00   4.6268482383501297E+00
      94.0000000000000000   5.0431663396822355E+00   4.6387414290569016E+00
      95.0000000000000000   5.0490690564695218E+00   4.6495634521706428E+00
      96.0000000000000000   5.0556690634000612E+00   4.6593661526897288E+00
      97.0000000000000000   5.0629271186741125E+00   4.6681988070050657E+00
      98.0000000000000000   5.0708067051289776E+00   4.6761082503959539E+00
      99.0000000000000000   5.0792738052931643E+00   4.6831389994638881E+00
     100.0000000000000000   5.0882966957226134E+00   4.6893333696200585E+00
     103.9989999999999952   5.1293709352275680E+00   4.7065195682130598E+00
     104.0010000000000048   5.1293933054158360E+00   4.7065253670612490E+00
     110.0000000000000000   5.2034313373622281E+00   4.7132213464037536E+00
     120.0000000000000000   5.3508896598394404E+00   4.6873764136510134E+00
     130.0000000000000000   5.5187091623986442E+00   4.6311073347625422E+00
     140.0000000000000000   5.6998814366696742E+00   4.5564619848962620E+00
     150.0000000000000000   5.8822108300882983E+00   4.4915086742555275E+00
     153.9989999999999952   5.9654921090854973E+00   4.4453688704693706E+00
     154.0010000000000048   5.9655418395099913E+00   4.4453286540121599E+00
     160.0000000000000000   6.0827600831081163E+00   4.3948897858847209E+00
     167.9989999999999952   6.2423833183146051E+00   4.3240087247502439E+00
     168.0010000000000048   6.2424323146844802E+00   4.3239718886169767E+00
     169.9989999999999952   6.2841669885125677E+00   4.3028498015766488E+00
     170.0000000000000000   6.2841914408933013E+00   4.3028316301486482E+00
     170.0010000000000048   6.2842158918052640E+00   4.3028134610682907E+00
     180.0000000000000000   6.4861822679464511E+00   4.2152607723640543E+00
     190.0000000000000000   6.6947499196284523E+00   4.1187394052585447E+00
     200.0000000000000000   6.9027551712501563E+00   4.0280244117546973E+00
     210.0000000000000000   7.1101584576894332E+00   3.9426255487293540E+00
     220.0000000000000000   7.3169396558725532E+00   3.8620964815628236E+00
     230.0000000000000000   7.5230915039743405E+00   3.7860335317156579E+00
     231.9989999999999952   7.5693346413048497E+00   3.7609701180023891E+00
     232.0010000000000048   7.5693808802651761E+00   3.7609452210719705E+00
     233.9989999999999952   7.6104136821125339E+00   3.7465338665652039E+00
     234.0010000000000048   7.6104598457857495E+00   3.7465092392646393E+00
     236.9989999999999952   7.6694847736277723E+00   3.7302209851091295E+00
     237.0010000000000048   7.6695308144903116E+00   3.7301967147867785E+00
     240.0000000000000000   7.7335273983217876E+00   3.7041417441712543E+00
     250.0000000000000000   7.9429357625474610E+00   3.6269999347652173E+00
     260.0000000000000000   8.1513567753611404E+00   3.5541904097242347E+00
     270.0000000000000000   8.3588301589261693E+00   3.4853430657318474E+00
     280.0000000000000000   8.5697209029629100E+00   3.4118604755204855E+00
     290.0000000000000000   8.7752650170604731E+00   3.3503311765295707E+00
     300.0000000000000000   8.9840667387518547E+00   3.2842331663286406E+00
     310.0000000000000000   9.1878430777834108E+00   3.2288761177224292E+00
     320.0000000000000000   9.3947222477549133E+00   3.1690494658747772E+00
     330.0000000000000000   9.6006551846361212E+00   3.1121339371983927E+00
     340.0000000000000000   9.8056789374438438E+00   3.0579128560480022E+00
     350.0000000000000000   1.0009828589172926E+01   3.0061908456527120E+00
     360.0000000000000000   1.0213137337388448E+01   2.9567912739169504E+00
     370.0000000000000000   1.0419138470427304E+01   2.9035726159495714E+00
     380.0000000000000000   1.0620779981539128E+01   2.8585349163953579E+00
     390.0000000000000000   1.0821671120701243E+01   2.8153719298030495E+00
     398.9990000000000236   1.1004152848376098E+01   2.7741931938305489E+00
     399.0009999999999764   1.1004194811844821E+01   2.7741817754024538E+00
     400.0000000000000000   1.1025151593998139E+01   2.7684909329071350E+00
     410.0000000000000000   1.1224545698075975E+01   2.7288824433582164E+00
     415.9990000000000236   1.1346420080573997E+01   2.7016778698688371E+00
     416.0009999999999764   1.1346461746717630E+01   2.7016671658005071E+00
     420.0000000000000000   1.1426470105623700E+01   2.6856321628847191E+00
     430.0000000000000000   1.1627636638300116E+01   2.6440980785720622E+00
     440.0000000000000000   1.1824932232592724E+01   2.6090984457329487E+00
     450.0000000000000000   1.2024684821327746E+01   2.5705744509011894E+00
     460.0000000000000000   1.2223745031477593E+01   2.5334851623410746E+00
     470.0000000000000000   1.2422132369423588E+01   2.4977496798336580E+00
     480.0000000000000000   1.2619866320033417E+01   2.4632919467298273E+00
     490.0000000000000000   1.2814040516275242E+01   2.4344034421525618E+00
     500.0000000000000000   1.3010556823801258E+01   2.4021991857368437E+00
     510.0000000000000000   1.3206472082012937E+01   2.3710819217150814E+00
     510.9989999999999668   1.3226578705689475E+01   2.3671996921769267E+00
     511.0009999999999195   1.3226618953077772E+01   2.3671919339591900E+00
     520.0000000000000000   1.3401802393715981E+01   2.3409953316148333E+00
     530.0000000000000000   1.3599351846794471E+01   2.3078871716275837E+00
     540.0000000000000000   1.3793523790063436E+01   2.2797903873507401E+00
     550.0000000000000000   1.3987154906323330E+01   2.2525747974180379E+00
     560.0000000000000000   1.4180258662352083E+01   2.2261981270115907E+00
     570.0000000000000000   1.4372848054727140E+01   2.2006207225082730E+00
     580.0000000000000000   1.4567588619280668E+01   2.1721785574729675E+00
     590.0000000000000000   1.4759154571524242E+01   2.1481561065536590E+00
     600.0000000000000000   1.4950241735602503E+01   2.1248267195897186E+00
     610.0000000000000000   1.5140860438216688E+01   2.1021607958054025E+00
     620.0000000000000000   1.5333571112984881E+01   2.0767564978939337E+00
     630.0000000000000000   1.5523258023405624E+01   2.0553833506942008E+00
     640.0000000000000000   1.5715011385471129E+01   2.0313412808370370E+00
     650.0000000000000000   1.5903803733101896E+01   2.0111549821708050E+00
     660.0000000000000000   1.6094645281107518E+01   1.9883550291779852E+00
     670.0000000000000000   1.6282576914690800E+01   1.9692624540319887E+00
     680.0000000000000000   1.6472543715356355E+01   1.9476044237580870E+00
     690.0000000000000000   1.6659649943033013E+01   1.9295178451043162E+00
     700.0000000000000000   1.6848773617899646E+01   1.9089158649615259E+00
     710.0000000000000000   1.7035088612864957E+01   1.8917553506908231E+00
     720.0000000000000000   1.7223398583963750E+01   1.8721325736838994E+00
     730.0000000000000000   1.7408955295100700E+01   1.8558252214218220E+00
     740.0000000000000000   1.7596478448282710E+01   1.8371133373972131E+00
     750.0000000000000000   1.7783623465784682E+01   1.8188421962664338E+00
     760.0000000000000000   1.7968070980583100E+01   1.8037289507260093E+00
     770.0000000000000000   1.8154471566793017E+01   1.7862713663750200E+00
     780.0000000000000000   1.8340506881809389E+01   1.7692164937520216E+00
     790.0000000000000000   1.8523909128353068E+01   1.7551663509733146E+00
     800.0000000000000000   1.8709239251299756E+01   1.7388405069682751E+00
     810.0000000000000000   1.8894222163017865E+01   1.7228773500826717E+00
     820.0000000000000000   1.9078854904198362E+01   1.7072740924655789E+00
     830.0000000000000000   1.9260941781400554E+01   1.6944806975134030E+00
     840.0000000000000000   1.9444922929631886E+01   1.6795033336511405E+00
     850.0000000000000000   1.9628576177731915E+01   1.6648457363738700E+00
     860.0000000000000000   1.9811901765303880E+01   1.6505027255537377E+00
     870.0000000000000000   1.9994904928090552E+01   1.6364638585732521E+00
     880.0000000000000000   2.0177596454345640E+01   1.6227130141986303E+00
     890.0000000000000000   2.0357869684271094E+01   1.6115076412996883E+00
     900.0000000000000000   2.0539972407281176E+01   1.5982664534473696E+00
     910.0000000000000000   2.0721773845015971E+01   1.5852916156689376E+00
     920.0000000000000000   2.0903277823811564E+01   1.5725755756960731E+00
     930.0000000000000000   2.1084489161478952E+01   1.5601099199543145E+00
     940.0000000000000000   2.1265413704448498E+01   1.5478853842161502E+00
     950.0000000000000000   2.1446057652559947E+01   1.5358926157026493E+00
     960.0000000000000000   2.1626426194147523E+01   1.5241235537484463E+00
     970.0000000000000000   2.1806523084512271E+01   1.5125717871466720E+00
     980.0000000000000000   2.1986351276131110E+01   1.5012318643166251E+00
     990.0000000000000000   2.2165913620793003E+01   1.4900985669613112E+00
    1000.0000000000000000   2.2345213151345742E+01   1.4791666247901289E+00
    1100.0000000000000000   2.4124455921639072E+01   1.3798134043944594E+00
    1200.0000000000000000   2.5882626290630281E+01   1.2939088434434083E+00
    1300.0000000000000000   2.7622008572242354E+01   1.2185677998812843E+00
    1400.0000000000000000   2.9344503717808998E+01   1.1516715598163179E+00
    1500.0000000000000000   3.1049918055016981E+01   1.0930260658695772E+00
    1600.0000000000000000   3.2741323941870512E+01   1.0399660773036576E+00
    1700.0000000000000000   3.4416773066163735E+01   9.9378438054816931E-01
    1800.0000000000000000   3.6082080994158808E+01   9.5018505661299024E-01
    1843.9990000000000236   3.6809647248660831E+01   9.3317711015048921E-01
    1844.0009999999999764   3.6809680408626420E+01   9.3317625571683638E-01
    1900.0000000000000000   3.7733447474968408E+01   9.1183855511962209E-01
    2000.0000000000000000   3.9374578461729669E+01   8.7618916899677302E-01
    2100.0000000000000000   4.1004945622850904E+01   8.4362459934823875E-01
    2200.0000000000000000   4.2626761207949585E+01   8.1280575379880138E-01
    2300.0000000000000000   4.4237188045378325E+01   7.8548062844501465E-01
    2400.0000000000000000   4.5840143361354713E+01   7.5935161735387247E-01
    2475.9989999999997963   4.7052375119200370E+01   7.4089549820803791E-01
    2476.0010000000002037   4.7052406904363302E+01   7.4089504673905526E-01
    2500.0000000000000000   4.7434199124126486E+01   7.3528769161353891E-01
    2526.9989999999997963   4.7863122043581519E+01   7.2910346744180621E-01
    2527.0010000000002037   4.7863153853000249E+01   7.2910297921010003E-01
    2600.0000000000000000   4.9020132190470250E+01   7.1290120136310930E-01
    2631.9989999999997963   4.9526341039450905E+01   7.0585952369322913E-01
    2632.0010000000002037   4.9526372979622373E+01   7.0585892403244410E-01
    2700.0000000000000000   5.0598340845270450E+01   6.9201460379945567E-01
    2800.0000000000000000   5.2168696523758321E+01   6.7269792862953759E-01
    2871.9989999999997963   5.3296098592944986E+01   6.5896791324918536E-01
    2872.0010000000002037   5.3296129923981951E+01   6.5896750706912310E-01
    2900.0000000000000000   5.3733341073706093E+01   6.5392104350283509E-01
    3000.0000000000000000   5.5290095541307089E+01   6.3684030084663579E-01
    3100.0000000000000000   5.6841993156634274E+01   6.1999856580627044E-01
    3200.0000000000000000   5.8386374792474392E+01   6.0465689007823931E-01
    3300.0000000000000000   5.9925789721225627E+01   5.8974346053348692E-01
    3400.0000000000000000   6.1459192892749094E+01   5.7572220992291467E-01
    3500.0000000000000000   6.2986417093656129E+01   5.6267988710322980E-01
    3600.0000000000000000   6.4508480973581754E+01   5.5022116777156904E-01
    3700.0000000000000000   6.6026245906458101E+01   5.3805123993859716E-01
    3800.0000000000000000   6.7538810951010419E+01   5.2647214065029280E-01
    3900.0000000000000000   6.9045522488551015E+01   5.1586151472802111E-01
    4000.0000000000000000   7.0548303419455436E+01   5.0545567245009893E-01
    4100.0000000000000000   7.2047339149410135E+01   4.9520401336247954E-01
    4200.0000000000000000   7.3541087458982958E+01   4.8567305048293835E-01
    4300.0000000000000000   7.5029983774716484E+01   4.7680806206928283E-01
    4400.0000000000000000   7.6517707299675408E+01   4.6722806769396946E-01
    4500.0000000000000000   7.7997784911066631E+01   4.5928571063337481E-01
    4600.0000000000000000   7.9476134828023234E+01   4.5094982933175298E-01
    4700.0000000000000000   8.0948223968884548E+01   4.4365031596675913E-01
    4800.0000000000000000   8.2419198647672232E+01   4.3585321448867020E-01
    4900.0000000000000000   8.3886689081782691E+01   4.2829136904471804E-01
    5000.0000000000000000   8.5350153455379683E+01   4.2114282091875727E-01
    5100.0000000000000000   8.6809749073226129E+01   4.1437089238797264E-01
    5200.0000000000000000   8.8265558193508610E+01   4.0796312718961303E-01
    5300.0000000000000000   8.9717776702631554E+01   4.0186866349770645E-01
    5400.0000000000000000   9.1165947040264669E+01   3.9622294854154283E-01
    5500.0000000000000000   9.2614663000790657E+01   3.8970253373104791E-01
    5600.0000000000000000   9.4058517124845395E+01   3.8389046678145122E-01
    5700.0000000000000000   9.5496894860597095E+01   3.7890924844061485E-01
    5800.0000000000000000   9.6936771854338787E+01   3.7289667897977397E-01
    5900.0000000000000000   9.8368583803952347E+01   3.6849476011507926E-01
    6000.0000000000000000   9.9803247172345507E+01   3.6274555076121556E-01
    6100.0000000000000000   1.0123386383534003E+02   3.5745595754484244E-01
    6200.0000000000000000   1.0265580390569887E+02   3.5384193260844021E-01
    6300.0000000000000000   1.0408202878750222E+02   3.4860262733056624E-01
    6400.0000000000000000   1.0550380787147931E+02   3.4401708747593263E-01
    6500.0000000000000000   1.0692271422779876E+02   3.3949666745766244E-01
    6600.0000000000000000   1.0834033765133427E+02   3.3495691116529974E-01
    6700.0000000000000000   1.0975381791797379E+02   3.3083557074834613E-01
    6800.0000000000000000   1.1116549598410374E+02   3.2673241019687721E-01
    6900.0000000000000000   1.1257380724112618E+02   3.2299119321549269E-01
    7000.0000000000000000   1.1397968072167590E+02   3.1932435616088989E-01
    7100.0000000000000000   1.1538382483483311E+02   3.1567087758638790E-01
    7200.0000000000000000   1.1678423688622743E+02   3.1242348577943946E-01
    7300.0000000000000000   1.1818241018948957E+02   3.0921892913981897E-01
    7400.0000000000000000   1.1958546933785986E+02   3.0461811870652439E-01
    7500.0000000000000000   1.2097855567948460E+02   3.0171245958682680E-01
    7600.0000000000000000   1.2237094698769536E+02   2.9878163875873087E-01
    7700.0000000000000000   1.2376561090857707E+02   2.9475868696172380E-01
    7800.0000000000000000   1.2515286444992914E+02   2.9205109120939016E-01
    7900.0000000000000000   1.2653835465546089E+02   2.8950258067491663E-01
    8000.0000000000000000   1.2792610916434134E+02   2.8593921823915963E-01
    8100.0000000000000000   1.2930639003515714E+02   2.8357558650103837E-01
    8200.0000000000000000   1.3069135657774225E+02   2.8013446351416948E-01
    8300.0000000000000000   1.3206926088382448E+02   2.7770341440832841E-01
    8400.0000000000000000   1.3344878026090839E+02   2.7448286908680869E-01
    8500.0000000000000000   1.3482634073677940E+02   2.7139660543287719E-01
    8600.0000000000000000   1.3619618080010434E+02   2.6974550185830543E-01
    8700.0000000000000000   1.3757194837003783E+02   2.6664020072065164E-01
    8800.0000000000000000   1.3894497795398036E+02   2.6353109078513004E-01
    8900.0000000000000000   1.4030643050366604E+02   2.6243894324705419E-01
    9000.0000000000000000   1.4167765859792186E+02   2.5916111069006925E-01
    9100.0000000000000000   1.4304299361029547E+02   2.5686655958040133E-01
    9200.0000000000000000   1.4440997310524349E+02   2.5403252971692969E-01
    9300.0000000000000000   1.4577060992083835E+02   2.5215708806302645E-01
    9400.0000000000000000   1.4712721088028621E+02   2.5065523225587494E-01
    9500.0000000000000000   1.4848876023158255E+02   2.4792111594595925E-01
    9600.0000000000000000   1.4984729132803497E+02   2.4556172652018446E-01
    9700.0000000000000000   1.5120311316731278E+02   2.4338519330567418E-01
    9800.0000000000000000   1.5255625004367272E+02   2.4146544436017020E-01
    9900.0000000000000000   1.5390866786614842E+02   2.3945040252352520E-01
   10000.0000000000000000   1.5526007730744931E+02   2.3740108184147923E-01
   11000.0000000000000000   1.6869860014055124E+02   2.1853187016091238E-01
   12000.0000000000000000   1.8199782459778331E+02   2.0351257675889975E-01
   13000.0000000000000000   1.9517965391324597E+02   1.9038547331144459E-01
   14000.0000000000000000   2.0825827410385031E+02   1.7841275841800522E-01
   15000.0000000000000000   2.2123158884023005E+02   1.6841629848778975E-01
   16000.0000000000000000   2.3412076189957833E+02   1.5962187756287979E-01
   17000.0000000000000000   2.4691842916174204E+02   1.5158522218451295E-01
   18000.0000000000000000   2.5963796101250756E+02   1.4517708289385303E-01
   19000.0000000000000000   2.7229669321752402E+02   1.3758223958461005E-01
   20000.0000000000000000   2.8488100223422663E+02   1.3183167160790021E-01
   20005.9989999999997963   2.8495784786551638E+02   1.3163367676040438E-01
   20006.0010000000002037   2.8495787342126630E+02   1.3163362254128855E-01
   21000.0000000000000000   2.9739020395536653E+02   1.2747295367836214E-01
   22000.0000000000000000   3.0985741882803353E+02   1.2133851349740073E-01
   23000.0000000000000000   3.2224532283431250E+02   1.1658170182586698E-01
   24000.0000000000000000   3.3459832563262563E+02   1.1265046285653667E-01
   25000.0000000000000000   3.4688712666624161E+02   1.0958779037299241E-01
   26000.0000000000000000   3.5913421170063611E+02   1.0600609602929127E-01
   27000.0000000000000000   3.7133627123018874E+02   1.0176722450547923E-01
   28000.0000000000000000   3.8346548504148598E+02   9.9114068381415246E-02
   29000.0000000000000000   3.9558501998647483E+02   9.6662554655510047E-02
   30000.0000000000000000   4.0765203738531847E+02   9.2807331232116069E-02
   31000.0000000000000000   4.1970094056345363E+02   9.0325131551858034E-02
   32000.0000000000000000   4.3167132778843956E+02   8.7934228799270611E-02
   33000.0000000000000000   4.4359112219308622E+02   8.6810120466371973E-02
   34000.0000000000000000   4.5550464762637404E+02   8.4632548243595340E-02
   35000.0000000000000000   4.6740862942831694E+02   8.1225021921176158E-02
   36000.0000000000000000   4.7925374161849322E+02   8.0302310475804800E-02
   37000.0000000000000000   4.9109834342282346E+02   7.8749525531339487E-02
   38000.0000000000000000   5.0290549217130388E+02   7.5527154902311919E-02
   39000.0000000000000000   5.1461857028712859E+02   7.3919863543362677E-02
   40000.0000000000000000   5.2640660345049037E+02   7.2101658286040926E-02
   41000.0000000000000000   5.3806587155815157E+02   7.0394519769517550E-02
   42000.0000000000000000   5.4976696863104814E+02   6.9840349790064329E-02
   43000.0000000000000000   5.6136571674307356E+02   6.7741835724362473E-02
   44000.0000000000000000   5.7304146098465822E+02   6.6142888987617804E-02
   45000.0000000000000000   5.8464482609456127E+02   6.5289777567503135E-02
   46000.0000000000000000   5.9616437567629771E+02   6.3943667792051184E-02
   47000.0000000000000000   6.0768296667088225E+02   6.3549453901822206E-02
   48000.0000000000000000   6.1925229698021235E+02   6.1825176644951532E-02
   49000.0000000000000000   6.3075901670690052E+02   6.1331350314022863E-02
   50000.0000000000000000   6.4227114833455687E+02   5.9409835828523300E-02
