       0.1000000000000000   2.1767058530852339E+01   1.3378609143137729E-03
       0.2000000000000000   1.9179444028454224E+01   2.6107076690884512E-03
       0.3000000000000000   1.8330451392399873E+01   3.8702889629167979E-03
       0.4000000000000000   1.8016398684736515E+01   5.0685265781600739E-03
       0.5000000000000000   1.7865347853769045E+01   6.2487337364012831E-03
       0.6000000000000000   1.7792567069620425E+01   7.4134120182052657E-03
       0.7000000000000000   1.7764952770984468E+01   8.5648329288781858E-03
       0.7999999999999999   1.7764328332385464E+01   9.7046191021359363E-03
       0.8999999999999999   1.7782255054413536E+01   1.0831115126689184E-02
       0.9999999999999999   1.7810808845520736E+01   1.1949016832186210E-02
       2.0000000000000000   1.8269019207147846E+01   2.2712587629584644E-02
       3.0000000000000000   1.8686034260867135E+01   3.3077128629401313E-02
       4.0000000000000000   1.8987571745056865E+01   4.3351733518037928E-02
       5.0000000000000000   1.9184364319404185E+01   5.3725287087544718E-02
       6.0000000000000000   1.9294407518819970E+01   6.4326577770684124E-02
       7.0000000000000000   1.9334231092586059E+01   7.5244524428067297E-02
       8.0000000000000000   1.9316499827669826E+01   8.6549898694036800E-02
       9.0000000000000000   1.9251337288055236E+01   9.8301485051543694E-02
      10.0000000000000000   1.9146603867553235E+01   1.1055224257532913E-01
      11.0000000000000000   1.9008734429939171E+01   1.2335025986663292E-01
      12.0000000000000000   1.8842901312066903E+01   1.3674117492450324E-01
      13.0000000000000000   1.8653419259939351E+01   1.5076953321785974E-01
      14.0000000000000000   1.8443702593920410E+01   1.6548155078650353E-01
      15.0000000000000000   1.8216627562720223E+01   1.8092457364992245E-01
      16.0000000000000000   1.7974643459837178E+01   1.9714727877566621E-01
      17.0000000000000000   1.7719743920458342E+01   2.1420206452985888E-01
      18.0000000000000000   1.7453661489249786E+01   2.3214428469822390E-01
      19.0000000000000000   1.7177830292497188E+01   2.5103351073229163E-01
      20.0000000000000000   1.6893477024158329E+01   2.7093440916648381E-01
      21.0000000000000000   1.6601636191917279E+01   2.9191730324274290E-01
      22.0000000000000000   1.6303207924963615E+01   3.1405845352429462E-01
      23.0000000000000000   1.5998957791549721E+01   3.3744132981276859E-01
      24.0000000000000000   1.5689533349737848E+01   3.6215778088529782E-01
      25.0000000000000000   1.5375499776971109E+01   3.8830845138034220E-01
      26.0000000000000000   1.5057347893944049E+01   4.1600400890905725E-01
      27.0000000000000000   1.4735508120165212E+01   4.4536621793767289E-01
      28.0000000000000000   1.4410365451567433E+01   4.7652903714518408E-01
      29.0000000000000000   1.4082266486440647E+01   5.0963991469360492E-01
      30.0000000000000000   1.3751537350924716E+01   5.4486087192135946E-01
      31.0000000000000000   1.3418489021950746E+01   5.8236975187390383E-01
      32.0000000000000000   1.3083436114734250E+01   6.2236105486850424E-01
      33.0000000000000000   1.2746702053778620E+01   6.6504689399926697E-01
      34.0000000000000000   1.2408637816636125E+01   7.1065714741579278E-01
      35.0000000000000000   1.2069634222573264E+01   7.5943908908991531E-01
      36.0000000000000000   1.1730138577709459E+01   8.1165592586407465E-01
      37.0000000000000000   1.1390671763501121E+01   8.6758384523327547E-01
      38.0000000000000000   1.1051846633679238E+01   9.2750701334822183E-01
      39.0000000000000000   1.0714385852058083E+01   9.9170989687011424E-01
      40.0000000000000000   1.0379139464350558E+01   1.0604662298961745E+00
      41.0000000000000000   1.0047097620030499E+01   1.1340241589874458E+00
      41.9990000000000023   9.7197224568731606E+00   1.2125061594326707E+00
      42.0000000000000000   9.7193973399912572E+00   1.2125872748664768E+00
      42.0009999999999977   9.7190722287200515E+00   1.2126683954495845E+00
      43.0000000000000000   9.3973182432831717E+00   1.2962920226560704E+00
      44.0000000000000000   9.0822632960753449E+00   1.3851828059872866E+00
      44.9990000000000023   8.7760229048501674E+00   1.4790909416014983E+00
      45.0000000000000000   8.7757211210429542E+00   1.4791874431283116E+00
      45.0009999999999977   8.7754193472700379E+00   1.4792839495721468E+00
      46.0000000000000000   8.4792097339433923E+00   1.5780964837160656E+00
      47.0000000000000000   8.1942036128463336E+00   1.6815507582882487E+00
      48.0000000000000000   7.9220519462147996E+00   1.7890409195700598E+00
      49.0000000000000000   7.6638989789890521E+00   1.8999211099196973E+00
      50.0000000000000000   7.4206186206278657E+00   2.0134362122137697E+00
      51.0000000000000000   7.1927733527002937E+00   2.1287593311356132E+00
      52.0000000000000000   6.9806024968392828E+00   2.2450341485184104E+00
      53.0000000000000000   6.7840385730572770E+00   2.3614163067491378E+00
      54.0000000000000000   6.6027458107531265E+00   2.4771089371043775E+00
      55.0000000000000000   6.4361720056581575E+00   2.5913893530730894E+00
      56.0000000000000000   6.2836051083065563E+00   2.7036259772337989E+00
      57.0000000000000000   6.1442275752698539E+00   2.8132860784886349E+00
      58.0000000000000000   6.0171635265568009E+00   2.9199364490769764E+00
      59.0000000000000000   5.9015174445877872E+00   3.0232384289870406E+00
      60.0000000000000000   5.7964036057926558E+00   3.1229395102127948E+00
      61.0000000000000000   5.7009665132439791E+00   3.2188635278710787E+00
      62.0000000000000000   5.6143948260248537E+00   3.3108998469341913E+00
      63.0000000000000000   5.5359293664411346E+00   3.3989929893621054E+00
      64.0000000000000000   5.4648669444171691E+00   3.4831329511324216E+00
      65.0000000000000000   5.4005611914501515E+00   3.5633465143046701E+00
      66.0000000000000000   5.3424213244515606E+00   3.6396896549444420E+00
      67.0000000000000000   5.2899095936445066E+00   3.7122410411000506E+00
      67.9989999999999952   5.2425829121501719E+00   3.7810295084990826E+00
      68.0000000000000000   5.2425379572237327E+00   3.7810965531919689E+00
      68.0010000000000048   5.2424930069918005E+00   3.7811635942967934E+00
      69.0000000000000000   5.1998643652166079E+00   3.8463647272822108E+00
      70.0000000000000000   5.1614889203682530E+00   3.9081630086173464E+00
      71.0000000000000000   5.1270500911849579E+00   3.9666147040598734E+00
      72.0000000000000000   5.0962210904028424E+00   4.0218465266897123E+00
      73.0000000000000000   5.0687064780564741E+00   4.0739866380003997E+00
      74.0000000000000000   5.0442390243235948E+00   4.1231631035013194E+00
      75.0000000000000000   5.0225768313290891E+00   4.1695027001083913E+00
      76.0000000000000000   5.0035007793661839E+00   4.2131299496122683E+00
      77.0000000000000000   4.9868121133170371E+00   4.2541664875680967E+00
      78.0000000000000000   4.9723303851715253E+00   4.2927305087971073E+00
      79.0000000000000000   4.9598915581621537E+00   4.3289364160133710E+00
      80.0000000000000000   4.9493463238200963E+00   4.3628945768464877E+00
      81.0000000000000000   4.9405586001717960E+00   4.3947111758978314E+00
      82.0000000000000000   4.9334041946543019E+00   4.4244881419840185E+00
      83.0000000000000000   4.9277696109179736E+00   4.4523231342753418E+00
      84.0000000000000000   4.9235509851699382E+00   4.4783095743867136E+00
      85.0000000000000000   4.9206531405924476E+00   4.5025367134245737E+00
      86.0000000000000000   4.9189887421778913E+00   4.5250897255934674E+00
      87.0000000000000000   4.9184775421672917E+00   4.5460498229354345E+00
      88.0000000000000000   4.9190457130159215E+00   4.5654943758241195E+00
      89.0000000000000000   4.9206252366645122E+00   4.5834970593530784E+00
      90.0000000000000000   4.9231533717706162E+00   4.6001279891806250E+00
      91.0000000000000000   4.9265721709922330E+00   4.6154538687248925E+00
      92.0000000000000000   4.9308280482968145E+00   4.6295381356324841E+00
      93.0000000000000000   4.9358713907739000E+00   4.6424411074375360E+00
      94.0000000000000000   4.9416562096959051E+00   4.6542201251005286E+00
      95.0000000000000000   4.9481398264303698E+00   4.6649296934309339E+00
      96.0000000000000000   4.9552825894229011E+00   4.6746216176561362E+00
      97.0000000000000000   4.9630476188181083E+00   4.6833451356064524E+00
      98.0000000000000000   4.9714005754545658E+00   4.6911470451750983E+00
      99.0000000000000000   4.9803094533405012E+00   4.6980718266819617E+00
     100.0000000000000000   4.9897443886786483E+00   4.7041617603641157E+00
     103.9989999999999952   5.0322018031344244E+00   4.7209449541319355E+00
     104.0010000000000048   5.0322247688992370E+00   4.7209505570731407E+00
     110.0000000000000000   5.1076886033416304E+00   4.7270825452225660E+00
     120.0000000000000000   5.2562911861238577E+00   4.7003915710301145E+00
     130.0000000000000000   5.4242260630920267E+00   4.6433754529646611E+00
     140.0000000000000000   5.6048411278217056E+00   4.5680650637921669E+00
     150.0000000000000000   5.7862943705388856E+00   4.5025753746804744E+00
     153.9989999999999952   5.8688466676730151E+00   4.4562393134392080E+00
     154.0010000000000048   5.8688957698590416E+00   4.4561990007872510E+00
     160.0000000000000000   5.9852369814013748E+00   4.4054799647378786E+00
     167.9989999999999952   6.1435303227379423E+00   4.3342495977066138E+00
     168.0010000000000048   6.1435786940059565E+00   4.3342126774697451E+00
     169.9989999999999952   6.1849139942594800E+00   4.3130073399954680E+00
     170.0000000000000000   6.1849381343017846E+00   4.3129891272815968E+00
     170.0010000000000048   6.1849622729208180E+00   4.3129709169157504E+00
     180.0000000000000000   6.3851000741781263E+00   4.2250234343384232E+00
     190.0000000000000000   6.5915677729021125E+00   4.1281401462694163E+00
     200.0000000000000000   6.7974331175661487E+00   4.0370920482581889E+00
     210.0000000000000000   7.0026639191403541E+00   3.9513854634458210E+00
     220.0000000000000000   7.2072457822562814E+00   3.8705711571692136E+00
     230.0000000000000000   7.4111759613190751E+00   3.7942429838715461E+00
     231.9989999999999952   7.4568219385769190E+00   3.7691287611868391E+00
     232.0010000000000048   7.4568675803176543E+00   3.7691038137746316E+00
     233.9989999999999952   7.4974552863541710E+00   3.7546423749892917E+00
     234.0010000000000048   7.4975008537896040E+00   3.7546176978991861E+00
     236.9989999999999952   7.5559300322048877E+00   3.7382555709501930E+00
     237.0010000000000048   7.5559754785693647E+00   3.7382312518491965E+00
     240.0000000000000000   7.6192273789157801E+00   3.7121038759236011E+00
     250.0000000000000000   7.8262491076774490E+00   3.6347308289366693E+00
     260.0000000000000000   8.0322824421268848E+00   3.5617045719369864E+00
     270.0000000000000000   8.2373679615204480E+00   3.4926536277875111E+00
     280.0000000000000000   8.4457470783950299E+00   3.4189793666982671E+00
     290.0000000000000000   8.6489096069350069E+00   3.3572692687237686E+00
     300.0000000000000000   8.8552144877986816E+00   3.2910003977055755E+00
     310.0000000000000000   9.0566163072950570E+00   3.2354815986277630E+00
     320.0000000000000000   9.2610133153733276E+00   3.1755015699800664E+00
     330.0000000000000000   9.4644726518666200E+00   3.1184403803068279E+00
     340.0000000000000000   9.6670311526847836E+00   3.0640807645237413E+00
     350.0000000000000000   9.8687236775300970E+00   3.0122268160821992E+00
     360.0000000000000000   1.0069583195542060E+01   2.9627014253262356E+00
     370.0000000000000000   1.0273045265508950E+01   2.9093626356728275E+00
     380.0000000000000000   1.0472255072294427E+01   2.8642101005046983E+00
     390.0000000000000000   1.0670721660755570E+01   2.8209372188617996E+00
     398.9990000000000236   1.0850963352760466E+01   2.7796635436632218E+00
     399.0009999999999764   1.0851004778352708E+01   2.7796521045343390E+00
     400.0000000000000000   1.0871692943151794E+01   2.7739509436853806E+00
     410.0000000000000000   1.1068678423799005E+01   2.7342414970489584E+00
     415.9990000000000236   1.1189039849226164E+01   2.7069783196775061E+00
     416.0009999999999764   1.1189080981779483E+01   2.7069675963081807E+00
     420.0000000000000000   1.1268112494235886E+01   2.6908943102784963E+00
     430.0000000000000000   1.1466798245686808E+01   2.6492671225769864E+00
     440.0000000000000000   1.1661708331005569E+01   2.6141779615722691E+00
     450.0000000000000000   1.1858997359785727E+01   2.5755678042714574E+00
     460.0000000000000000   1.2055602790911797E+01   2.5383955257755115E+00
     470.0000000000000000   1.2251543897057090E+01   2.5025800474806728E+00
     480.0000000000000000   1.2446839914465865E+01   2.4680451477290095E+00
     490.0000000000000000   1.2638663762305780E+01   2.4390821527657693E+00
     500.0000000000000000   1.2832756981210542E+01   2.4068059403722062E+00
     510.0000000000000000   1.3026256795178924E+01   2.3756191229637125E+00
     510.9989999999999668   1.3046107158456250E+01   2.3717300722486310E+00
     511.0009999999999195   1.3046146892896004E+01   2.3717223003976220E+00
     520.0000000000000000   1.3219179098974267E+01   2.3454652594053749E+00
     530.0000000000000000   1.3414252392004562E+01   2.3122919915906279E+00
     540.0000000000000000   1.3606031627313524E+01   2.2841321584742813E+00
     550.0000000000000000   1.3797276895381483E+01   2.2568554790652846E+00
     560.0000000000000000   1.3988001488288106E+01   2.2304195853644271E+00
     570.0000000000000000   1.4178218232534702E+01   2.2047847364921882E+00
     580.0000000000000000   1.4370521212104530E+01   2.1762868242131952E+00
     590.0000000000000000   1.4559727993195988E+01   2.1522102464066113E+00
     600.0000000000000000   1.4748462035107073E+01   2.1288282807891239E+00
     610.0000000000000000   1.4936733538762933E+01   2.1061112587582098E+00
     620.0000000000000000   1.5127034576601616E+01   2.0806572791575348E+00
     630.0000000000000000   1.5314386495758541E+01   2.0592358066630831E+00
     640.0000000000000000   1.5503743508461413E+01   2.0351467111641259E+00
     650.0000000000000000   1.5690212599276338E+01   2.0149146329463501E+00
     660.0000000000000000   1.5878670361882612E+01   1.9920700958863780E+00
     670.0000000000000000   1.6064290052657359E+01   1.9729340843050782E+00
     680.0000000000000000   1.6251885099524404E+01   1.9512337199416885E+00
     690.0000000000000000   1.6436690205516634E+01   1.9331058666529806E+00
     700.0000000000000000   1.6623453739906449E+01   1.9124636306753606E+00
     710.0000000000000000   1.6807477941814309E+01   1.8952638408067188E+00
     720.0000000000000000   1.6993438997828139E+01   1.8756027318325441E+00
     730.0000000000000000   1.7176714757801751E+01   1.8592579564607445E+00
     740.0000000000000000   1.7361899875224772E+01   1.8405095251292185E+00
     750.0000000000000000   1.7546712043044241E+01   1.8222026810520306E+00
     760.0000000000000000   1.7728893316581928E+01   1.8070545469976214E+00
     770.0000000000000000   1.7912971315443485E+01   1.7895628600601030E+00
     780.0000000000000000   1.8096689127957646E+01   1.7724746436116801E+00
     790.0000000000000000   1.8277838884973118E+01   1.7583918898623649E+00
     800.0000000000000000   1.8460861189604028E+01   1.7420341430223047E+00
     810.0000000000000000   1.8643541108334425E+01   1.7260397678371167E+00
     820.0000000000000000   1.8825875827512533E+01   1.7104059539115084E+00
     830.0000000000000000   1.9005727524170645E+01   1.6975826430942467E+00
     840.0000000000000000   1.9187419470353401E+01   1.6825759832043483E+00
     850.0000000000000000   1.9368788093414221E+01   1.6678896900211195E+00
     860.0000000000000000   1.9549833686782563E+01   1.6535185645430641E+00
     870.0000000000000000   1.9730561406923005E+01   1.6394521460761968E+00
     880.0000000000000000   1.9910981815534981E+01   1.6256742960652824E+00
     890.0000000000000000   2.0089043580629539E+01   1.6144424467742886E+00
     900.0000000000000000   2.0268883067833748E+01   1.6011752958469341E+00
     910.0000000000000000   2.0448425485991230E+01   1.5881749930271909E+00
     920.0000000000000000   2.0627674612124167E+01   1.5754339713748089E+00
     930.0000000000000000   2.0806635187482172E+01   1.5629438032241632E+00
     940.0000000000000000   2.0985312953830753E+01   1.5506952108085807E+00
     950.0000000000000000   2.1163713996015520E+01   1.5386788283349047E+00
     960.0000000000000000   2.1341843412798283E+01   1.5268865826230222E+00
     970.0000000000000000   2.1519704906324236E+01   1.5153120504267854E+00
     980.0000000000000000   2.1697301395824038E+01   1.5039497685790892E+00
     990.0000000000000000   2.1874635701411353E+01   1.4927945076280722E+00
    1000.0000000000000000   2.2051710818512035E+01   1.4818409865396893E+00
    1100.0000000000000000   2.3808899067830442E+01   1.3822910298022073E+00
    1200.0000000000000000   2.5545281568521133E+01   1.2962188212980046E+00
    1300.0000000000000000   2.7263112910690438E+01   1.2207330534247860E+00
    1400.0000000000000000   2.8964269052051112E+01   1.1537104952196719E+00
    1500.0000000000000000   3.0648581229853576E+01   1.0949537003942238E+00
    1600.0000000000000000   3.2319059586170823E+01   1.0417948334242535E+00
    1700.0000000000000000   3.3973820025428026E+01   9.9552465864327355E-01
    1800.0000000000000000   3.5618541626533741E+01   9.5184565675510457E-01
    1843.9990000000000236   3.6337134922129998E+01   9.3480510037615161E-01
    1844.0009999999999764   3.6337167671351885E+01   9.3480424449174782E-01
    1900.0000000000000000   3.7249532053519395E+01   9.1342699352005541E-01
    2000.0000000000000000   3.8870412104658385E+01   8.7771191933038728E-01
    2100.0000000000000000   4.0480675290861392E+01   8.4508727949288676E-01
    2200.0000000000000000   4.2082485092653840E+01   8.1421327223798934E-01
    2300.0000000000000000   4.3673082981875616E+01   7.8683730040881250E-01
    2400.0000000000000000   4.5256292795181849E+01   7.6066125794417938E-01
    2475.9989999999997963   4.6453602707096934E+01   7.4217168320824611E-01
    2476.0010000000002037   4.6453634101769687E+01   7.4217123088312920E-01
    2500.0000000000000000   4.6830728108268104E+01   7.3655369120603797E-01
    2526.9989999999997963   4.7254374023269591E+01   7.3035821726954508E-01
    2527.0010000000002037   4.7254405440616011E+01   7.3035772821249401E-01
    2600.0000000000000000   4.8397151000677034E+01   7.1412658720579203E-01
    2631.9989999999997963   4.8897129667211608E+01   7.0707250061206040E-01
    2632.0010000000002037   4.8897161210095682E+01   7.0707190018417565E-01
    2700.0000000000000000   4.9955954151956519E+01   6.9320209074844130E-01
    2800.0000000000000000   5.1507016305423463E+01   6.7384996125440533E-01
    2871.9989999999997963   5.2620557744362365E+01   6.6009579956717712E-01
    2872.0010000000002037   5.2620588689448368E+01   6.6009539273153539E-01
    2900.0000000000000000   5.3052429071839583E+01   6.5503983127431165E-01
    3000.0000000000000000   5.4590071852499683E+01   6.3792784773411770E-01
    3100.0000000000000000   5.6122904723589905E+01   6.2105669532359709E-01
    3200.0000000000000000   5.7648338399108980E+01   6.0568726659700711E-01
    3300.0000000000000000   5.9168860815060086E+01   5.9074760751553990E-01
    3400.0000000000000000   6.0683455735425042E+01   5.7670152559416055E-01
    3500.0000000000000000   6.2191962496951653E+01   5.6363565799015902E-01
    3600.0000000000000000   6.3695376417866534E+01   5.5115458044274157E-01
    3700.0000000000000000   6.5194539396244977E+01   5.3896339123084969E-01
    3800.0000000000000000   6.6688575022273682E+01   5.2736404660964309E-01
    3900.0000000000000000   6.8176847843889178E+01   5.1673411845539130E-01
    4000.0000000000000000   6.9661234390435894E+01   5.0630985100981807E-01
    4100.0000000000000000   7.1141917097446850E+01   4.9604058388548766E-01
    4200.0000000000000000   7.2617393813169571E+01   4.8649277557535509E-01
    4300.0000000000000000   7.4088090519675688E+01   4.7761165461959731E-01
    4400.0000000000000000   7.5557596027179443E+01   4.6801619515776405E-01
    4500.0000000000000000   7.7019599973010131E+01   4.6005899886263135E-01
    4600.0000000000000000   7.8479874243757507E+01   4.5170886600591920E-01
    4700.0000000000000000   7.9933999897103831E+01   4.4439565367452377E-01
    4800.0000000000000000   8.1386996192193394E+01   4.3658537350248555E-01
    4900.0000000000000000   8.2836553461892521E+01   4.2901083982430666E-01
    5000.0000000000000000   8.4282144389237004E+01   4.2185006637492112E-01
    5100.0000000000000000   8.5723923326872367E+01   4.1506634993387476E-01
    5200.0000000000000000   8.7161971406839868E+01   4.0864721060315640E-01
    5300.0000000000000000   8.8596480527674615E+01   4.0254176461561575E-01
    5400.0000000000000000   9.0027005334095790E+01   3.9688543880316862E-01
    5500.0000000000000000   9.1458026391617821E+01   3.9035476558769860E-01
    5600.0000000000000000   9.2884271294553955E+01   3.8453277498513644E-01
    5700.0000000000000000   9.4305141437398945E+01   3.7954195122443973E-01
    5800.0000000000000000   9.5727440163169447E+01   3.7352007914079105E-01
    5900.0000000000000000   9.7141841042442778E+01   3.6910914600916367E-01
    6000.0000000000000000   9.8558990583698304E+01   3.6335119721844611E-01
    6100.0000000000000000   9.9972162310619581E+01   3.5805312671293438E-01
    6200.0000000000000000   1.0137684157286610E+02   3.5443087473094098E-01
    6300.0000000000000000   1.0278566937086210E+02   3.4918358146581052E-01
    6400.0000000000000000   1.0419013188837586E+02   3.4459028216211651E-01
    6500.0000000000000000   1.0559176379016026E+02   3.4006232132883268E-01
    6600.0000000000000000   1.0699211607732092E+02   3.3551523352256668E-01
    6700.0000000000000000   1.0838839979144095E+02   3.3138676209019013E-01
    6800.0000000000000000   1.0978289848465786E+02   3.2727666271202932E-01
    6900.0000000000000000   1.1117408670964963E+02   3.2352869124153677E-01
    7000.0000000000000000   1.1256287099261894E+02   3.1985527661141627E-01
    7100.0000000000000000   1.1394994269495274E+02   3.1619539034926919E-01
    7200.0000000000000000   1.1533334902355460E+02   3.1294175408855035E-01
    7300.0000000000000000   1.1671454682212402E+02   3.0973110992230690E-01
    7400.0000000000000000   1.1810048525523230E+02   3.0512436290754691E-01
    7500.0000000000000000   1.1947667283104292E+02   3.0221291247349752E-01
    7600.0000000000000000   1.2085215869475763E+02   2.9927644020485578E-01
    7700.0000000000000000   1.2222983770187014E+02   2.9524797171477779E-01
    7800.0000000000000000   1.2360026605650988E+02   2.9253498914105197E-01
    7900.0000000000000000   1.2496895185322212E+02   2.8998121701636748E-01
    8000.0000000000000000   1.2633982381453437E+02   2.8641271380225336E-01
    8100.0000000000000000   1.2770338435068406E+02   2.8404405788634896E-01
    8200.0000000000000000   1.2907149345942980E+02   2.8059802330684858E-01
    8300.0000000000000000   1.3043269300336092E+02   2.7816217136262189E-01
    8400.0000000000000000   1.3179544683820276E+02   2.7493692830001665E-01
    8500.0000000000000000   1.3315626933400364E+02   2.7184606850947651E-01
    8600.0000000000000000   1.3450954108730971E+02   2.7019046706489835E-01
    8700.0000000000000000   1.3586857433861957E+02   2.6708076313235396E-01
    8800.0000000000000000   1.3722491719771759E+02   2.6396734242395914E-01
    8900.0000000000000000   1.3856994831474020E+02   2.6287097321284453E-01
    9000.0000000000000000   1.3992449521421159E+02   2.5958900528438955E-01
    9100.0000000000000000   1.4127327498877438E+02   2.5729040242392626E-01
    9200.0000000000000000   1.4262364007354589E+02   2.5445240186067464E-01
    9300.0000000000000000   1.4396779993478938E+02   2.5257306809382990E-01
    9400.0000000000000000   1.4530800487171069E+02   2.5106739639648501E-01
    9500.0000000000000000   1.4665301856572663E+02   2.4832953815004941E-01
    9600.0000000000000000   1.4799507040917666E+02   2.4596647856261081E-01
    9700.0000000000000000   1.4933446201203458E+02   2.4378634486825512E-01
    9800.0000000000000000   1.5067121727277905E+02   2.4186306311325428E-01
    9900.0000000000000000   1.5200725402222525E+02   2.3984455420359524E-01
   10000.0000000000000000   1.5334229025277020E+02   2.3779183032502249E-01
   11000.0000000000000000   1.6661804973858432E+02   2.1889173701659601E-01
   12000.0000000000000000   1.7975643826717786E+02   2.0384633852122649E-01
   13000.0000000000000000   1.9277896884519126E+02   1.9069685903687003E-01
   14000.0000000000000000   2.0569960224105748E+02   1.7870473763357161E-01
   15000.0000000000000000   2.1851639547302642E+02   1.6869127608093024E-01
   16000.0000000000000000   2.3125008279407925E+02   1.5988182962296152E-01
   17000.0000000000000000   2.4389355459777667E+02   1.5183179310654024E-01
   18000.0000000000000000   2.5645992048323370E+02   1.4541165632830991E-01
   19000.0000000000000000   2.6896615174843640E+02   1.3780599128240709E-01
   20000.0000000000000000   2.8139900682856677E+02   1.3204560945378416E-01
   20005.9989999999997963   2.8147490882642182E+02   1.3184755848450366E-01
   20006.0010000000002037   2.8147493406912054E+02   1.3184750424668260E-01
   21000.0000000000000000   2.9375786268023245E+02   1.2767794848025982E-01
   22000.0000000000000000   3.0607507566697711E+02   1.2153532298886299E-01
   23000.0000000000000000   3.1831426371830628E+02   1.1677098960727694E-01
   24000.0000000000000000   3.3051879182248763E+02   1.1283281350841122E-01
   25000.0000000000000000   3.4266009950876435E+02   1.0976372163690015E-01
   26000.0000000000000000   3.5476015461937521E+02   1.0617606871605621E-01
   27000.0000000000000000   3.6681575266261962E+02   1.0193165062303074E-01
   28000.0000000000000000   3.7879976901985316E+02   9.9273317854227661E-02
   29000.0000000000000000   3.9077386334091403E+02   9.6816960919740291E-02
   30000.0000000000000000   4.0269625250617906E+02   9.2957195925688116E-02
   31000.0000000000000000   4.1460052627877945E+02   9.0470728470306364E-02
   32000.0000000000000000   4.2642775865010930E+02   8.8075807251593266E-02
   33000.0000000000000000   4.3820521299624983E+02   8.6947908137279151E-02
   34000.0000000000000000   4.4997615780245627E+02   8.4766753647107160E-02
   35000.0000000000000000   4.6173741164648033E+02   8.1355836513895621E-02
   36000.0000000000000000   4.7344085105526835E+02   8.0429910485191325E-02
   37000.0000000000000000   4.8514343981794366E+02   7.8874073544063936E-02
   38000.0000000000000000   4.9680913727667667E+02   7.5648801249647665E-02
   39000.0000000000000000   5.0838270008566951E+02   7.4038747514073980E-02
   40000.0000000000000000   5.2002909193306346E+02   7.2217909192012916E-02
   41000.0000000000000000   5.3154950889529664E+02   7.0508257885154302E-02
   42000.0000000000000000   5.4311044578636120E+02   6.9951687183048936E-02
   43000.0000000000000000   5.5457120366251513E+02   6.7850876992571627E-02
   44000.0000000000000000   5.6610681990147191E+02   6.6249731914677756E-02
   45000.0000000000000000   5.7757152107421723E+02   6.5394513707574001E-02
   46000.0000000000000000   5.8895415209500436E+02   6.4046382992847276E-02
   47000.0000000000000000   6.0033558396776982E+02   6.3650228773564688E-02
   48000.0000000000000000   6.1176627928991354E+02   6.1924086981848883E-02
   49000.0000000000000000   6.2313561886013042E+02   6.1428467473953814E-02
   50000.0000000000000000   6.3450999652307382E+02   5.9505227075817332E-02
