       0.1000000000000000   3.7661499812621301E+01   7.7380522974958429E-04
       0.2000000000000000   3.3095066380324553E+01   1.5158523595401139E-03
       0.3000000000000000   3.1544684413887961E+01   2.2561336192999017E-03
       0.4000000000000000   3.0922707906534814E+01   2.9661515082256219E-03
       0.5000000000000000   3.0583328982536649E+01   3.6710391527532324E-03
       0.6000000000000000   3.0379651506476904E+01   4.3721303324544426E-03
       0.7000000000000000   3.0254113823204221E+01   5.0706633961959549E-03
       0.7999999999999999   3.0175201663018061E+01   5.7675023399051516E-03
       0.8999999999999999   3.0128369221278472E+01   6.4615591154605495E-03
       0.9999999999999999   3.0099789801024972E+01   7.1555608051348616E-03
       2.0000000000000000   3.0113321101977188E+01   1.4111813499463863E-02
       3.0000000000000000   3.0070474693895498E+01   2.1280759347602544E-02
       4.0000000000000000   2.9858539819528744E+01   2.8823466421650158E-02
       5.0000000000000000   2.9506285338374155E+01   3.6841615108500390E-02
       6.0000000000000000   2.9050736716554937E+01   4.5406999058986409E-02
       7.0000000000000000   2.8523573338706381E+01   5.4569209256488727E-02
       8.0000000000000000   2.7947997462006619E+01   6.4368019779163940E-02
       9.0000000000000000   2.7341414624575396E+01   7.4836398062821344E-02
      10.0000000000000000   2.6716402732638073E+01   8.6004398541944013E-02
      11.0000000000000000   2.6082371463965440E+01   9.7899662757235731E-02
      12.0000000000000000   2.5446126230887920E+01   1.1054893525740056E-01
      13.0000000000000000   2.4812664555463524E+01   1.2397948165828332E-01
      14.0000000000000000   2.4185319224463253E+01   1.3822120190283588E-01
      15.0000000000000000   2.3566415260399772E+01   1.5330648092126864E-01
      16.0000000000000000   2.2957539362596386E+01   1.6927032773870809E-01
      17.0000000000000000   2.2359577137962305E+01   1.8615253540664201E-01
      18.0000000000000000   2.1773039045875453E+01   2.0399710029128790E-01
      19.0000000000000000   2.1198070555952757E+01   2.2285332136347524E-01
      20.0000000000000000   2.0634585967175109E+01   2.4277665495760986E-01
      21.0000000000000000   2.0082323321755077E+01   2.6382920719555975E-01
      22.0000000000000000   1.9540930723049456E+01   2.8607998853778316E-01
      23.0000000000000000   1.9009973110379811E+01   3.0960605989588830E-01
      24.0000000000000000   1.8488958414455901E+01   3.3449364336800186E-01
      25.0000000000000000   1.7977383289332142E+01   3.6083847641919470E-01
      26.0000000000000000   1.7474741197587097E+01   3.8874695852803631E-01
      27.0000000000000000   1.6980536938165997E+01   4.1833716053732312E-01
      28.0000000000000000   1.6494300427347543E+01   4.4973986156090334E-01
      29.0000000000000000   1.6015590825578439E+01   4.8309977467543108E-01
      30.0000000000000000   1.5544011749987032E+01   5.1857659089090113E-01
      31.0000000000000000   1.5079213275269652E+01   5.5634616741924892E-01
      32.0000000000000000   1.4620907309029391E+01   5.9660133179272623E-01
      33.0000000000000000   1.4168869014876464E+01   6.3955278718716801E-01
      34.0000000000000000   1.3722952122275499E+01   6.8542923874770256E-01
      35.0000000000000000   1.3283098047540639E+01   7.3447699053438920E-01
      36.0000000000000000   1.2849349170538252E+01   7.8695845792893970E-01
      37.0000000000000000   1.2421862750097283E+01   8.4314919181499237E-01
      38.0000000000000000   1.2000926047908525E+01   9.0333285669900554E-01
      39.0000000000000000   1.1586970912763178E+01   9.6779353421023107E-01
      40.0000000000000000   1.1180587633005995E+01   1.0368046761794460E+00
      41.0000000000000000   1.0782533487783839E+01   1.1106142326337773E+00
      41.9990000000000023   1.0394118554228500E+01   1.1893443093201901E+00
      42.0000000000000000   1.0393734727568232E+01   1.1894256714016369E+00
      42.0009999999999977   1.0393350911237322E+01   1.1895070386290136E+00
      43.0000000000000000   1.0015276642272472E+01   1.2733753756192545E+00
      44.0000000000000000   9.6483780160699109E+00   1.3625077340043383E+00
      44.9990000000000023   9.2946935793106373E+00   1.4566538450093856E+00
      45.0000000000000000   9.2943464201608137E+00   1.4567505830802223E+00
      45.0009999999999977   9.2939992752155760E+00   1.4568473260647565E+00
      46.0000000000000000   8.9545150441758192E+00   1.5558945115600917E+00
      47.0000000000000000   8.6301635526777485E+00   1.6595803967536213E+00
      48.0000000000000000   8.3224317830843795E+00   1.7672989351575430E+00
      49.0000000000000000   8.0322379712723073E+00   1.8784043012170613E+00
      50.0000000000000000   7.7602141223692946E+00   1.9921413933655547E+00
      51.0000000000000000   7.5066683953121522E+00   2.1076833134734057E+00
      52.0000000000000000   7.2715788853721630E+00   2.2241737245241939E+00
      53.0000000000000000   7.0546165415021473E+00   2.3407682381278803E+00
      54.0000000000000000   6.8551901745215638E+00   2.4566699483414092E+00
      55.0000000000000000   6.6725039302877738E+00   2.5711561305223261E+00
      56.0000000000000000   6.5056181015517698E+00   2.6835951733980492E+00
      57.0000000000000000   6.3535061837433728E+00   2.7934543196578900E+00
      58.0000000000000000   6.2151032782876294E+00   2.9003003455778944E+00
      59.0000000000000000   6.0893449184743336E+00   3.0037945865762143E+00
      60.0000000000000000   5.9751957752182312E+00   3.1036845420365173E+00
      61.0000000000000000   5.8716687949569133E+00   3.1997940653628749E+00
      62.0000000000000000   5.7778375567809999E+00   3.2920125500921080E+00
      63.0000000000000000   5.6928425690939344E+00   3.3802845557574832E+00
      64.0000000000000000   5.6158934009372024E+00   3.4646001234487271E+00
      65.0000000000000000   5.5462678988230811E+00   3.5449860866032310E+00
      66.0000000000000000   5.4833094681191987E+00   3.6214984776368158E+00
      67.0000000000000000   5.4264231877160993E+00   3.6942160247608919E+00
      67.9989999999999952   5.3751200579784362E+00   3.7631674650296119E+00
      68.0000000000000000   5.3750713048654033E+00   3.7632346713667695E+00
      68.0010000000000048   5.3750225567974343E+00   3.7633018741129045E+00
      69.0000000000000000   5.3287684880002448E+00   3.8286630183822532E+00
      70.0000000000000000   5.2870770943811856E+00   3.8906185771398958E+00
      71.0000000000000000   5.2496026123110369E+00   3.9492247211044895E+00
      72.0000000000000000   5.2159893778663733E+00   4.0046082300232344E+00
      73.0000000000000000   5.1859166116447266E+00   4.0568973316982300E+00
      74.0000000000000000   5.1590947972927523E+00   4.1062201572623618E+00
      75.0000000000000000   5.1352623890988838E+00   4.1527035482905772E+00
      76.0000000000000000   5.1141829057150616E+00   4.1964720901670480E+00
      77.0000000000000000   5.0956422123521286E+00   4.2376474806817406E+00
      78.0000000000000000   5.0794462056532241E+00   4.2763479755222162E+00
      79.0000000000000000   5.0654186957095586E+00   4.3126880368005303E+00
      80.0000000000000000   5.0533995327125503E+00   4.3467780900272963E+00
      81.0000000000000000   5.0432429416139577E+00   4.3787243761404984E+00
      82.0000000000000000   5.0348160435394620E+00   4.4086288787333308E+00
      83.0000000000000000   5.0279975412746856E+00   4.4365893102170206E+00
      84.0000000000000000   5.0226765506082431E+00   4.4626991438922001E+00
      85.0000000000000000   5.0187515630967008E+00   4.4870476810394146E+00
      86.0000000000000000   5.0161295219153041E+00   4.5097201445471073E+00
      87.0000000000000000   5.0147249979617934E+00   4.5307977936839183E+00
      88.0000000000000000   5.0144594635924014E+00   4.5503580446268836E+00
      89.0000000000000000   5.0152606280973915E+00   4.5684746168925976E+00
      90.0000000000000000   5.0170618599784502E+00   4.5852176692107918E+00
      91.0000000000000000   5.0198016632825100E+00   4.6006539467676317E+00
      92.0000000000000000   5.0234232094906410E+00   4.6148469277123008E+00
      93.0000000000000000   5.0278739180103873E+00   4.6278569688563138E+00
      94.0000000000000000   5.0331050795719685E+00   4.6397414492522104E+00
      95.0000000000000000   5.0390715176726388E+00   4.6505549106554724E+00
      96.0000000000000000   5.0457312838568518E+00   4.6603491941320057E+00
      97.0000000000000000   5.0530453830655979E+00   4.6691735722807355E+00
      98.0000000000000000   5.0609775255518672E+00   4.6770748767240145E+00
      99.0000000000000000   5.0694939037809590E+00   4.6840976205321363E+00
     100.0000000000000000   5.0785629883067545E+00   4.6902841157102477E+00
     103.9989999999999952   5.1197945308933956E+00   4.7074400603980040E+00
     104.0010000000000048   5.1198169697877907E+00   4.7074458445907492E+00
     110.0000000000000000   5.1940237575274590E+00   4.7140998364441016E+00
     120.0000000000000000   5.3416359696674292E+00   4.6881926638026439E+00
     130.0000000000000000   5.5095031836924875E+00   4.6318693463914506E+00
     140.0000000000000000   5.6906538840121073E+00   4.5571762595709489E+00
     150.0000000000000000   5.8729245852678371E+00   4.4921862403050987E+00
     153.9989999999999952   5.9561447647407872E+00   4.4460331788084080E+00
     154.0010000000000048   5.9561944388669872E+00   4.4459929558646376E+00
     160.0000000000000000   6.0733417098155211E+00   4.3955352436628132E+00
     167.9989999999999952   6.2328539945680816E+00   4.3246308215670952E+00
     168.0010000000000048   6.2329029346982248E+00   4.3245939798267798E+00
     169.9989999999999952   6.2746032628685331E+00   4.3034663467576886E+00
     170.0000000000000000   6.2746276871367064E+00   4.3034481725813292E+00
     170.0010000000000048   6.2746521099405186E+00   4.3034300007526429E+00
     180.0000000000000000   6.4764625572736367E+00   4.2158511233698022E+00
     190.0000000000000000   6.6848472188817736E+00   4.1193059087760266E+00
     200.0000000000000000   6.8926650026260736E+00   4.0285691004078394E+00
     210.0000000000000000   7.0998771585653442E+00   3.9431501975073768E+00
     220.0000000000000000   7.3064641988410086E+00   3.8626026502988324E+00
     230.0000000000000000   7.5124193641131569E+00   3.7865225990734466E+00
     231.9989999999999952   7.5586084546369525E+00   3.7614559181984588E+00
     232.0010000000000048   7.5586546395441045E+00   3.7614310180233463E+00
     233.9989999999999952   7.5996479793331693E+00   3.7470164457671071E+00
     234.0010000000000048   7.5996940890390405E+00   3.7469918152691162E+00
     236.9989999999999952   7.6586666977568170E+00   3.7306988201186480E+00
     237.0010000000000048   7.6587126848049421E+00   3.7306745466677906E+00
     240.0000000000000000   7.7226426401719968E+00   3.7046149351118869E+00
     250.0000000000000000   7.9318379338145419E+00   3.6274583429479041E+00
     260.0000000000000000   8.1400455620218555E+00   3.5546350159304780E+00
     270.0000000000000000   8.3473053555719972E+00   3.4857747531358183E+00
     280.0000000000000000   8.5579705370417614E+00   3.4122800424364264E+00
     290.0000000000000000   8.7633013621249241E+00   3.3507393471236271E+00
     300.0000000000000000   8.9718786918690121E+00   3.2846305996755309E+00
     310.0000000000000000   9.1754421802705775E+00   3.2292634155068209E+00
     320.0000000000000000   9.3820981676442514E+00   3.1694271789750799E+00
     330.0000000000000000   9.5878086617548188E+00   3.1125025713435095E+00
     340.0000000000000000   9.7926106986584252E+00   3.0582728767003338E+00
     350.0000000000000000   9.9965393465781887E+00   3.0065426822418977E+00
     360.0000000000000000   1.0199627787098153E+01   2.9571353235259283E+00
     370.0000000000000000   1.0405400064461377E+01   2.9039092465364225E+00
     380.0000000000000000   1.0606822845132283E+01   2.8588644696197631E+00
     390.0000000000000000   1.0807495892595858E+01   2.8156947235146470E+00
     398.9990000000000236   1.0989775835830681E+01   2.7745101584733542E+00
     399.0009999999999764   1.0989817750670193E+01   2.7744987387753395E+00
     400.0000000000000000   1.1010750247455972E+01   2.7688072633434695E+00
     410.0000000000000000   1.1209927706306591E+01   2.7291925870922560E+00
     415.9990000000000236   1.1331665692668327E+01   2.7019844274001570E+00
     416.0009999999999764   1.1331707310584681E+01   2.7019737221513371E+00
     420.0000000000000000   1.1411627734702984E+01   2.6859363785557155E+00
     430.0000000000000000   1.1612570775454454E+01   2.6443966084281709E+00
     440.0000000000000000   1.1809651841408845E+01   2.6093915170098794E+00
     450.0000000000000000   1.2009182533927712E+01   2.5708622770574276E+00
     460.0000000000000000   1.2208021666023832E+01   2.5337679441674106E+00
     470.0000000000000000   1.2406188723048919E+01   2.4980276064521125E+00
     480.0000000000000000   1.2603703167347510E+01   2.4635651964950638E+00
     490.0000000000000000   1.2797666081636518E+01   2.4346721834670531E+00
     500.0000000000000000   1.2993964265948300E+01   2.4024635777895615E+00
     510.0000000000000000   1.3189662116361715E+01   2.3713421151522533E+00
     510.9989999999999668   1.3209745617089707E+01   2.3674594741388741E+00
     511.0009999999999195   1.3209785818193955E+01   2.3674517150987877E+00
     520.0000000000000000   1.3384775716698925E+01   2.3412514691501376E+00
     530.0000000000000000   1.3582102067327742E+01   2.3081393885982968E+00
     540.0000000000000000   1.3776058736683320E+01   2.2800388122255093E+00
     550.0000000000000000   1.3969475222544318E+01   2.2528195522612768E+00
     560.0000000000000000   1.4162364975675608E+01   2.2264393279088983E+00
     570.0000000000000000   1.4354740977043386E+01   2.2008584799567585E+00
     580.0000000000000000   1.4549262076965697E+01   2.1724129767399409E+00
     590.0000000000000000   1.4740615907236418E+01   2.1483872880067039E+00
     600.0000000000000000   1.4931491518253937E+01   2.1250547590008839E+00
     610.0000000000000000   1.5121899225160513E+01   2.1023857846319260E+00
     620.0000000000000000   1.5314393075004872E+01   2.0769785235376417E+00
     630.0000000000000000   1.5503870140978577E+01   2.0556024967415163E+00
     640.0000000000000000   1.5695407934966791E+01   2.0315576272813209E+00
     650.0000000000000000   1.5883991545364308E+01   2.0113686056185824E+00
     660.0000000000000000   1.6074618714332459E+01   1.9885660030404355E+00
     670.0000000000000000   1.6262342678711569E+01   1.9694708487029731E+00
     680.0000000000000000   1.6452096239421167E+01   1.9478103067798185E+00
     690.0000000000000000   1.6638995819928969E+01   1.9297212813217137E+00
     700.0000000000000000   1.6827907354587396E+01   1.9091169166661603E+00
     710.0000000000000000   1.7014016678435173E+01   1.8919540777552946E+00
     720.0000000000000000   1.7202115572551861E+01   1.8723290336874090E+00
     730.0000000000000000   1.7387467543163122E+01   1.8560194697676231E+00
     740.0000000000000000   1.7574780649956139E+01   1.8373054274225626E+00
     750.0000000000000000   1.7761716113432289E+01   1.8190321793456274E+00
     760.0000000000000000   1.7945960279130436E+01   1.8039168763670037E+00
     770.0000000000000000   1.8132152283809351E+01   1.7864572823101306E+00
     780.0000000000000000   1.8317979499836994E+01   1.7694004460231254E+00
     790.0000000000000000   1.8501179698922709E+01   1.7553483840119573E+00
     800.0000000000000000   1.8686302640918672E+01   1.7390206636710357E+00
     810.0000000000000000   1.8871078829695943E+01   1.7230556718821355E+00
     820.0000000000000000   1.9055505319320645E+01   1.7074506193972152E+00
     830.0000000000000000   1.9237391788541125E+01   1.6946554682786326E+00
     840.0000000000000000   1.9421167522019569E+01   1.6796763856768460E+00
     850.0000000000000000   1.9604615789763642E+01   1.6650171058685945E+00
     860.0000000000000000   1.9787736836221100E+01   1.6506724475608012E+00
     870.0000000000000000   1.9970535889626877E+01   1.6366319670209610E+00
     880.0000000000000000   2.0153023717075538E+01   1.6228795419478013E+00
     890.0000000000000000   2.0333098787559170E+01   1.6116726201886296E+00
     900.0000000000000000   2.0514998560130323E+01   1.5984299143345093E+00
     910.0000000000000000   2.0696597447542494E+01   1.5854535884732222E+00
     920.0000000000000000   2.0877899271422180E+01   1.5727360894352937E+00
     930.0000000000000000   2.1058908842349428E+01   1.5602690027814738E+00
     940.0000000000000000   2.1239631996925755E+01   1.5480430634540012E+00
     950.0000000000000000   2.1420074924212557E+01   1.5360489178765091E+00
     960.0000000000000000   2.1600242804126058E+01   1.5242785046173883E+00
     970.0000000000000000   2.1780139386924770E+01   1.5127254117331965E+00
     980.0000000000000000   2.1959767621887647E+01   1.5013841869348941E+00
     990.0000000000000000   2.2139130357752279E+01   1.4902496112440258E+00
    1000.0000000000000000   2.2318230623784721E+01   1.4793164137141401E+00
    1100.0000000000000000   2.4095498753098553E+01   1.3799517752606709E+00
    1200.0000000000000000   2.5851719937522279E+01   1.2940375237300563E+00
    1300.0000000000000000   2.7589175671802373E+01   1.2186881443888067E+00
    1400.0000000000000000   2.9309764534930387E+01   1.1517846517763044E+00
    1500.0000000000000000   3.1013295073799132E+01   1.0931327857367261E+00
    1600.0000000000000000   3.2702833867658747E+01   1.0400671509293966E+00
    1700.0000000000000000   3.4376438433121812E+01   9.9388041376170455E-01
    1800.0000000000000000   3.6039911778327031E+01   9.5027656058486554E-01
    1843.9990000000000236   3.6766678779542573E+01   9.3326676316875579E-01
    1844.0009999999999764   3.6766711902917301E+01   9.3326590865279369E-01
    1900.0000000000000000   3.7689463487753606E+01   9.1192596531897330E-01
    2000.0000000000000000   3.9328791680116403E+01   8.7627285959869916E-01
    2100.0000000000000000   4.0957369983731560E+01   8.4370489434720053E-01
    2200.0000000000000000   4.2577406162928980E+01   8.1288293569609227E-01
    2300.0000000000000000   4.4186070188184843E+01   7.8555494512190938E-01
    2400.0000000000000000   4.5787270739877712E+01   7.5942328756887700E-01
    2475.9989999999997963   4.6998176879583767E+01   7.4096528811484497E-01
    2476.0010000000002037   4.6998208630064568E+01   7.4096483659776891E-01
    2500.0000000000000000   4.7379583552763478E+01   7.3535690944297305E-01
    2526.9989999999997963   4.7808037813304658E+01   7.2917205361717863E-01
    2527.0010000000002037   4.7808069587901329E+01   7.2917156533913863E-01
    2600.0000000000000000   4.8963784112125452E+01   7.1296813982079521E-01
    2631.9989999999997963   4.9469439830793917E+01   7.0592576628720893E-01
    2632.0010000000002037   4.9469471735677381E+01   7.0592516658341498E-01
    2700.0000000000000000   5.0540270169675019E+01   6.9207941781192339E-01
    2800.0000000000000000   5.2108913803137980E+01   6.7276075750031294E-01
    2871.9989999999997963   5.3235086212113160E+01   6.5902939140545180E-01
    2872.0010000000002037   5.3235117508910662E+01   6.5902898518873154E-01
    2900.0000000000000000   5.3671852275693922E+01   6.5398201296807312E-01
    3000.0000000000000000   5.5226911917253190E+01   6.3689952480116230E-01
    3100.0000000000000000   5.6777119298913739E+01   6.2005614776176454E-01
    3200.0000000000000000   5.8319821616981159E+01   6.0471292440215529E-01
    3300.0000000000000000   5.9857562564207221E+01   5.8979803350730198E-01
    3400.0000000000000000   6.1389299690530144E+01   5.7577540065056576E-01
    3500.0000000000000000   6.2914866361986405E+01   5.6273176829460381E-01
    3600.0000000000000000   6.4435279101576981E+01   5.5027180642120466E-01
    3700.0000000000000000   6.5951397509373507E+01   5.3810069791605897E-01
    3800.0000000000000000   6.7462322854989196E+01   5.2652047521572054E-01
    3900.0000000000000000   6.8967403152042621E+01   5.1590877898400700E-01
    4000.0000000000000000   7.0468557096100483E+01   5.0550191573914038E-01
    4100.0000000000000000   7.1965969816965909E+01   4.9524928161772874E-01
    4200.0000000000000000   7.3458102708646507E+01   4.8571738653870766E-01
    4300.0000000000000000   7.4945390334409026E+01   4.7685150593675196E-01
    4400.0000000000000000   7.6431503725759342E+01   4.6727065680668972E-01
    4500.0000000000000000   7.7909984451519151E+01   4.5932748006647628E-01
    4600.0000000000000000   7.9386737510365435E+01   4.5099081199817603E-01
    4700.0000000000000000   8.0857240116110290E+01   4.4369054279335624E-01
    4800.0000000000000000   8.2326627111729437E+01   4.3589271457461670E-01
    4900.0000000000000000   8.3792534134113026E+01   4.2833016980433181E-01
    5000.0000000000000000   8.5254420668865762E+01   4.2118094821054136E-01
    5100.0000000000000000   8.6712443748213545E+01   4.1440837063145330E-01
    5200.0000000000000000   8.8166685522805423E+01   4.0799997947133831E-01
    5300.0000000000000000   8.9617341514000401E+01   4.0190491166759595E-01
    5400.0000000000000000   9.1063955255307917E+01   3.9625861330062767E-01
    5500.0000000000000000   9.2511110339860181E+01   3.8973763471151374E-01
    5600.0000000000000000   9.3953411467074204E+01   3.8392502261978190E-01
    5700.0000000000000000   9.5390245513238412E+01   3.7894327684454421E-01
    5800.0000000000000000   9.6828572612756204E+01   3.7293019678966410E-01
    5900.0000000000000000   9.8258849865491612E+01   3.6852778336027869E-01
    6000.0000000000000000   9.9691969442471731E+01   3.6277809471188094E-01
    6100.0000000000000000   1.0112104865912660E+02   3.5748803675966007E-01
    6200.0000000000000000   1.0254146798353669E+02   3.5387356097863026E-01
    6300.0000000000000000   1.0396616000736185E+02   3.4863381812051408E-01
    6400.0000000000000000   1.0538641361081582E+02   3.4404785336075450E-01
    6500.0000000000000000   1.0680379840751769E+02   3.3952702055797956E-01
    6600.0000000000000000   1.0821990070361089E+02   3.3498686307946779E-01
    6700.0000000000000000   1.0963186667476943E+02   3.3086513258236122E-01
    6800.0000000000000000   1.1104203211712579E+02   3.2676159259215648E-01
    6900.0000000000000000   1.1244883593634832E+02   3.2302000637471134E-01
    7000.0000000000000000   1.1385320514066593E+02   3.1935280987203279E-01
    7100.0000000000000000   1.1525584660619838E+02   3.1569898124516649E-01
    7200.0000000000000000   1.1665476211511422E+02   3.1245124841020316E-01
    7300.0000000000000000   1.1805144170446411E+02   3.0924635941508172E-01
    7400.0000000000000000   1.1945299422609767E+02   3.0464522496521695E-01
    7500.0000000000000000   1.2084459396870339E+02   3.0173924985137274E-01
    7600.0000000000000000   1.2223549818969551E+02   2.9880812075103552E-01
    7700.0000000000000000   1.2362866800689216E+02   2.9478486811816101E-01
    7800.0000000000000000   1.2501444187719819E+02   2.9207697869485849E-01
    7900.0000000000000000   1.2639845438028705E+02   2.8952818139603692E-01
    8000.0000000000000000   1.2778472428709965E+02   2.8596453885667450E-01
    8100.0000000000000000   1.2916353519940469E+02   2.8360063344147091E-01
    8200.0000000000000000   1.3054701959842544E+02   2.8015924298079525E-01
    8300.0000000000000000   1.3192345554308545E+02   2.7772793239150750E-01
    8400.0000000000000000   1.3330150121210204E+02   2.7450713137372423E-01
    8500.0000000000000000   1.3467759054779083E+02   2.7142061761671821E-01
    8600.0000000000000000   1.3604597476443456E+02   2.6976926934693440E-01
    8700.0000000000000000   1.3742027171432153E+02   2.6666372874478972E-01
    8800.0000000000000000   1.3879183503552801E+02   2.6355438440609208E-01
    8900.0000000000000000   1.4015184516726711E+02   2.6246200736406416E-01
    9000.0000000000000000   1.4152160767793123E+02   2.5918395004718192E-01
    9100.0000000000000000   1.4288548847276806E+02   2.5688917877305606E-01
    9200.0000000000000000   1.4425100854340087E+02   2.5405493319815936E-01
    9300.0000000000000000   1.4561019832400714E+02   2.5217928014934382E-01
    9400.0000000000000000   1.4696535957533624E+02   2.5067721713285612E-01
    9500.0000000000000000   1.4832545680988758E+02   2.4794289767354155E-01
    9600.0000000000000000   1.4968254092067355E+02   2.4558330903769884E-01
    9700.0000000000000000   1.5103692024219595E+02   2.4340658043662597E-01
    9800.0000000000000000   1.5238861903118618E+02   2.4148663981678298E-01
    9900.0000000000000000   1.5373959889539833E+02   2.3947140991106380E-01
   10000.0000000000000000   1.5508957116139422E+02   2.3742190466236279E-01
   11000.0000000000000000   1.6851381303388499E+02   2.1855101990000952E-01
   12000.0000000000000000   1.8179893573543990E+02   2.0353031471149541E-01
   13000.0000000000000000   1.9496680679235510E+02   1.9040200307070990E-01
   14000.0000000000000000   2.0803159144142774E+02   1.7842824182435271E-01
   15000.0000000000000000   2.2099120642321321E+02   1.6843086640035215E-01
   16000.0000000000000000   2.3386677675588808E+02   1.5963563735280162E-01
   17000.0000000000000000   2.4665096053632919E+02   1.5159826308193861E-01
   18000.0000000000000000   2.5935710456334897E+02   1.4518947988847064E-01
   19000.0000000000000000   2.7200251189538238E+02   1.3759405632656380E-01
   20000.0000000000000000   2.8457359264636148E+02   1.3184296260241571E-01
   20005.9989999999997963   2.8465035581898627E+02   1.3164496474965801E-01
   20006.0010000000002037   2.8465038134738262E+02   1.3164491052954053E-01
   21000.0000000000000000   2.9706966784643731E+02   1.2748376597147545E-01
   22000.0000000000000000   3.0952378990351224E+02   1.2134888798855059E-01
   23000.0000000000000000   3.2189871815813217E+02   1.1659167430256585E-01
   24000.0000000000000000   3.3423876943423545E+02   1.1266006481908532E-01
   25000.0000000000000000   3.4651470862117344E+02   1.0959704969852951E-01
   26000.0000000000000000   3.5874897542923918E+02   1.0601503751144743E-01
   27000.0000000000000000   3.7093826952487575E+02   1.0177587029667730E-01
   28000.0000000000000000   3.8305483213266263E+02   9.9122438358225859E-02
   29000.0000000000000000   3.9516169657305028E+02   9.6670666722636231E-02
   30000.0000000000000000   4.0721611748826371E+02   9.2815201577015713E-02
   31000.0000000000000000   4.1925242613903185E+02   9.0332774859350942E-02
   32000.0000000000000000   4.3121035119426506E+02   8.7941658433471667E-02
   33000.0000000000000000   4.4311775731966901E+02   8.6817348625762528E-02
   34000.0000000000000000   4.5501887501235905E+02   8.4639586093871455E-02
   35000.0000000000000000   4.6691043781987992E+02   8.1231879709601204E-02
   36000.0000000000000000   4.7874322592560793E+02   8.0308997630083076E-02
   37000.0000000000000000   4.9057547524145838E+02   7.8756050745467127E-02
   38000.0000000000000000   5.0237032270312591E+02   7.5533526211417359E-02
   39000.0000000000000000   5.1407127194595989E+02   7.3926088389194414E-02
   40000.0000000000000000   5.2584699009462713E+02   7.2107743574475441E-02
   41000.0000000000000000   5.3749419082428062E+02   7.0400471921230764E-02
   42000.0000000000000000   5.4918310642577273E+02   6.9846174785321735E-02
   43000.0000000000000000   5.6076986579987044E+02   6.7747539142731919E-02
   44000.0000000000000000   5.7243343410467810E+02   6.6148476043282251E-02
   45000.0000000000000000   5.8402475366072167E+02   6.5295253140747758E-02
   46000.0000000000000000   5.9553241276933852E+02   6.3949036457413178E-02
   47000.0000000000000000   6.0703909326781979E+02   6.3554719953320390E-02
   48000.0000000000000000   6.1859638421197076E+02   6.1830344118753489E-02
   49000.0000000000000000   6.3009117629478294E+02   6.1336423008855938E-02
   50000.0000000000000000   6.4159134848106066E+02   5.9414817324095384E-02
