       0.1000000000000000   3.3159477752121654E+02   8.9145729813413683E-05
       0.2000000000000000   2.7630766752679716E+02   1.8818575760831682E-04
       0.3000000000000000   2.4979654893976328E+02   3.0186034925235521E-04
       0.4000000000000000   2.3271075271873843E+02   4.2623697652931968E-04
       0.5000000000000000   2.1895138375473402E+02   5.6526489197301162E-04
       0.6000000000000000   2.0714011436686047E+02   7.1956672294088699E-04
       0.7000000000000000   1.9669277046273535E+02   8.8972606664618464E-04
       0.7999999999999999   1.8728696591706512E+02   1.0761653268703804E-03
       0.8999999999999999   1.7875950485223265E+02   1.2788141021478881E-03
       0.9999999999999999   1.7094250130201766E+02   1.4983127505795457E-03
       2.0000000000000000   1.1871965858472045E+02   4.5942259606326051E-03
       3.0000000000000000   9.1708395541996467E+01   9.1799426536779780E-03
       4.0000000000000000   7.5632420786517201E+01   1.5026354735025758E-02
       5.0000000000000000   6.4996140266068593E+01   2.1969831517640374E-02
       6.0000000000000000   5.7403684110017181E+01   2.9904342908024587E-02
       7.0000000000000000   5.1680528955887112E+01   3.8756361853384012E-02
       8.0000000000000000   4.7185971141852157E+01   4.8476528313641722E-02
       9.0000000000000000   4.3542729973481258E+01   5.9032250448906733E-02
      10.0000000000000000   4.0513834617572904E+01   7.0404639703064917E-02
      11.0000000000000000   3.7943521214590398E+01   8.2584967927214509E-02
      12.0000000000000000   3.5724870772865600E+01   9.5572684032441721E-02
      13.0000000000000000   3.3782179383196308E+01   1.0937492546256002E-01
      14.0000000000000000   3.2059860490752648E+01   1.2400655403396950E-01
      15.0000000000000000   3.0516447431095621E+01   1.3948905794228528E-01
      16.0000000000000000   2.9120394903308551E+01   1.5584962326611995E-01
      17.0000000000000000   2.7847059020325833E+01   1.7312250001828980E-01
      18.0000000000000000   2.6677066592707046E+01   1.9134792411624371E-01
      19.0000000000000000   2.5594891085685290E+01   2.1057271370306849E-01
      20.0000000000000000   2.4587939473801221E+01   2.3085082157838926E-01
      21.0000000000000000   2.3645890504612854E+01   2.5224354454849823E-01
      22.0000000000000000   2.2760237429952792E+01   2.7481960488107388E-01
      23.0000000000000000   2.1923872236957678E+01   2.9865612680590187E-01
      24.0000000000000000   2.1130804976215369E+01   3.2383964456164233E-01
      25.0000000000000000   2.0375975169651429E+01   3.5046637352927873E-01
      26.0000000000000000   1.9655073862789884E+01   3.7864329491113025E-01
      27.0000000000000000   1.8964415884567249E+01   4.0848912158914596E-01
      28.0000000000000000   1.8300840714015056E+01   4.4013530283162883E-01
      29.0000000000000000   1.7661626886554711E+01   4.7372722424820640E-01
      30.0000000000000000   1.7044435872729668E+01   5.0942524121745880E-01
      31.0000000000000000   1.6447257599934613E+01   5.4740585210487303E-01
      32.0000000000000000   1.5868378964832841E+01   5.8786250021740272E-01
      33.0000000000000000   1.5306348249412412E+01   6.3100647069693938E-01
      34.0000000000000000   1.4759959175464642E+01   6.7706701880732345E-01
      35.0000000000000000   1.4228235358617976E+01   7.2629096359189826E-01
      36.0000000000000000   1.3710422498874246E+01   7.7894120232992581E-01
      37.0000000000000000   1.3205984899098867E+01   8.3529373511885707E-01
      38.0000000000000000   1.2714605776608128E+01   8.9563264471421855E-01
      39.0000000000000000   1.2236189437087411E+01   9.6024240132815419E-01
      40.0000000000000000   1.1770863981804677E+01   1.0293968180874877E+00
      41.0000000000000000   1.1318979923956050E+01   1.1033441803134298E+00
      41.9990000000000023   1.0881533707453292E+01   1.1822067748184688E+00
      42.0000000000000000   1.0881103066045361E+01   1.1822882670698940E+00
      42.0009999999999977   1.0880672439393328E+01   1.1823697644623838E+00
      43.0000000000000000   1.0457995841607170E+01   1.2663657510687032E+00
      44.0000000000000000   1.0050583561934332E+01   1.3556212896283735E+00
      44.9990000000000023   9.6602836814554163E+00   1.4498861142250621E+00
      45.0000000000000000   9.6599017151393536E+00   1.4499829690322268E+00
      45.0009999999999977   9.6595197666327550E+00   1.4500798287489738E+00
      46.0000000000000000   9.2870256335448609E+00   1.5492416103899811E+00
      47.0000000000000000   8.9329852437237314E+00   1.6530383072090593E+00
      48.0000000000000000   8.5986743016847633E+00   1.7608639575577902E+00
      49.0000000000000000   8.2847661470396545E+00   1.8720729237853801E+00
      50.0000000000000000   7.9916488017913503E+00   1.9859102797555299E+00
      51.0000000000000000   7.7193889824149498E+00   2.1015492911272360E+00
      52.0000000000000000   7.4677288611896397E+00   2.2181337741454810E+00
      53.0000000000000000   7.2361125876568311E+00   2.3348194839146941E+00
      54.0000000000000000   7.0237347428324268E+00   2.4508096489804325E+00
      55.0000000000000000   6.8296006009676971E+00   2.5653816708601265E+00
      56.0000000000000000   6.6525887652153513E+00   2.6779040567738899E+00
      57.0000000000000000   6.4915090605649377E+00   2.7878441607943785E+00
      58.0000000000000000   6.3451508602353934E+00   2.8947688639498468E+00
      59.0000000000000000   6.2123211832884433E+00   2.9983396002848357E+00
      60.0000000000000000   6.0918722083867216E+00   3.0983039621949735E+00
      61.0000000000000000   5.9827189512643004E+00   3.1944858907432487E+00
      62.0000000000000000   5.8838500755395184E+00   3.2867748622171251E+00
      63.0000000000000000   5.7943326405925877E+00   3.3751155143810365E+00
      64.0000000000000000   5.7133127785460358E+00   3.4594979622349364E+00
      65.0000000000000000   5.6400135674182970E+00   3.5399491091689526E+00
      66.0000000000000000   5.5737311147973356E+00   3.6165250538394433E+00
      67.0000000000000000   5.5138296170971079E+00   3.6893045872264372E+00
      67.9989999999999952   5.4597873044256042E+00   3.7583164461771403E+00
      68.0000000000000000   5.4597359355178829E+00   3.7583837122586057E+00
      68.0010000000000048   5.4596845718976308E+00   3.7584509747475967E+00
      69.0000000000000000   5.4109340567110351E+00   3.8238710863463656E+00
      70.0000000000000000   5.3669596830202151E+00   3.8858842744932316E+00
      71.0000000000000000   5.3273950943599342E+00   3.9445467011434610E+00
      72.0000000000000000   5.2918643718420277E+00   3.9999851945337723E+00
      73.0000000000000000   5.2600290154619165E+00   4.0523280286092183E+00
      74.0000000000000000   5.2315839666449842E+00   4.1017033784407593E+00
      75.0000000000000000   5.2062540131704500E+00   4.1482381274549400E+00
      76.0000000000000000   5.1837906266135461E+00   4.1920569009762536E+00
      77.0000000000000000   5.1639690246085230E+00   4.2332814348567434E+00
      78.0000000000000000   5.1465856700914365E+00   4.2720300211279429E+00
      79.0000000000000000   5.1314559940317039E+00   4.3084171566124327E+00
      80.0000000000000000   5.1184123860182424E+00   4.3425532999896852E+00
      81.0000000000000000   5.1073024125567228E+00   4.3745447239104092E+00
      82.0000000000000000   5.0979872376946513E+00   4.4044934422993300E+00
      83.0000000000000000   5.0903402230133539E+00   4.4324971966138440E+00
      84.0000000000000000   5.0842456848030624E+00   4.4586494879527692E+00
      85.0000000000000000   5.0795977921674691E+00   4.4830396442342204E+00
      86.0000000000000000   5.0762995875080348E+00   4.5057529138787746E+00
      87.0000000000000000   5.0742621138611987E+00   4.5268705806410523E+00
      88.0000000000000000   5.0734036475501600E+00   4.5464700841863674E+00
      89.0000000000000000   5.0736489957192710E+00   4.5646251665842890E+00
      90.0000000000000000   5.0749288876889223E+00   4.5814060082140946E+00
      91.0000000000000000   5.0771794225870392E+00   4.5968793750627785E+00
      92.0000000000000000   5.0803415767175091E+00   4.6111087652710028E+00
      93.0000000000000000   5.0843607623529650E+00   4.6241545548718586E+00
      94.0000000000000000   5.0891864319908100E+00   4.6360741414067119E+00
      95.0000000000000000   5.0947717229008429E+00   4.6469220844220986E+00
      96.0000000000000000   5.1010731374331337E+00   4.6567502421102409E+00
      97.0000000000000000   5.1080502550934348E+00   4.6656079035627371E+00
      98.0000000000000000   5.1156654727140065E+00   4.6735419162860090E+00
      99.0000000000000000   5.1238837706333538E+00   4.6805968086711767E+00
     100.0000000000000000   5.1326724996241424E+00   4.6868149074804766E+00
     103.9989999999999952   5.1729404581070471E+00   4.7040920652399345E+00
     104.0010000000000048   5.1729624723108767E+00   4.7040979080726562E+00
     110.0000000000000000   5.2461095824925108E+00   4.7109195925142435E+00
     120.0000000000000000   5.3926856369467568E+00   4.6852598487152006E+00
     130.0000000000000000   5.5601240276205930E+00   4.6291510100736240E+00
     140.0000000000000000   5.7412411715048615E+00   4.5546457871956614E+00
     150.0000000000000000   5.9237356633853890E+00   4.4897919582981531E+00
     153.9989999999999952   6.0072562396644047E+00   4.4436874934662933E+00
     154.0010000000000048   6.0073062054664659E+00   4.4436472942843688E+00
     160.0000000000000000   6.1247921389576181E+00   4.3932585509971469E+00
     167.9989999999999952   6.2848480429837226E+00   4.3224394584654631E+00
     168.0010000000000048   6.2848972753937513E+00   4.3224026371829973E+00
     169.9989999999999952   6.3267701018741951E+00   4.3012952339685491E+00
     170.0000000000000000   6.3267946722924817E+00   4.3012770698145202E+00
     170.0010000000000048   6.3268192412222808E+00   4.3012589080080623E+00
     180.0000000000000000   6.5294076877357687E+00   4.2137754122544537E+00
     190.0000000000000000   6.7387211485915088E+00   4.1173168436967122E+00
     200.0000000000000000   6.9474944653117712E+00   4.0266591209677429E+00
     210.0000000000000000   7.1556840554653522E+00   3.9413127204747460E+00
     220.0000000000000000   7.3632666587303603E+00   3.8608319056849423E+00
     230.0000000000000000   7.5702325265859560E+00   3.7848134995018499E+00
     231.9989999999999952   7.6167038376900322E+00   3.7597585837359149E+00
     232.0010000000000048   7.6167503048555076E+00   3.7597336952430944E+00
     233.9989999999999952   7.6579466616428506E+00   3.7453307063920205E+00
     234.0010000000000048   7.6579930531723885E+00   3.7453060874024149E+00
     236.9989999999999952   7.7172329378274878E+00   3.7290301522821672E+00
     237.0010000000000048   7.7172792059211792E+00   3.7290058900862668E+00
     240.0000000000000000   7.7815542390089227E+00   3.7029629706345260E+00
     250.0000000000000000   7.9918513414571581E+00   3.6258594955503711E+00
     260.0000000000000000   8.2011632821430709E+00   3.5530856894347940E+00
     270.0000000000000000   8.4095292025135038E+00   3.4842717152712601E+00
     280.0000000000000000   8.6213659160743461E+00   3.4108203766127558E+00
     290.0000000000000000   8.8278023541922774E+00   3.3493204120087960E+00
     300.0000000000000000   9.0375457806243897E+00   3.2832499951007730E+00
     310.0000000000000000   9.2422133893052010E+00   3.2279189535391879E+00
     320.0000000000000000   9.4500296426818231E+00   3.1681168592402154E+00
     330.0000000000000000   9.6568966864059647E+00   3.1112245598658266E+00
     340.0000000000000000   9.8628515987136698E+00   3.0570254876720839E+00
     350.0000000000000000   1.0067929503020526E+01   3.0053243622449330E+00
     360.0000000000000000   1.0272163645399932E+01   2.9559446378181562E+00
     370.0000000000000000   1.0479127802625690E+01   2.9027448670848788E+00
     380.0000000000000000   1.0681688100966726E+01   2.8577251646187229E+00
     390.0000000000000000   1.0883495370926180E+01   2.8145793481713595E+00
     398.9990000000000236   1.1066825794677015E+01   2.7734154041301604E+00
     399.0009999999999764   1.1066867963323208E+01   2.7734039889231381E+00
     400.0000000000000000   1.1087927210008246E+01   2.7677147517508200E+00
     410.0000000000000000   1.1288231332705950E+01   2.7281219450373628E+00
     415.9990000000000236   1.1410679788938943E+01   2.7009264551741983E+00
     416.0009999999999764   1.1410721658512683E+01   2.7009157540951101E+00
     420.0000000000000000   1.1491099651860996E+01   2.6848866771369426E+00
     430.0000000000000000   1.1693206271780875E+01   2.6433669783734470E+00
     440.0000000000000000   1.1891402869434220E+01   2.6083811436051798E+00
     450.0000000000000000   1.2092088678499234E+01   2.5698703956081022E+00
     460.0000000000000000   1.2292078570817718E+01   2.5327938359259856E+00
     470.0000000000000000   1.2491392140737696E+01   2.4970705949559773E+00
     480.0000000000000000   1.2690048967960799E+01   2.4626246442651545E+00
     490.0000000000000000   1.2885110238029876E+01   2.4337474890254098E+00
     500.0000000000000000   1.3082543439877732E+01   2.4015541729593068E+00
     510.0000000000000000   1.3279372486048388E+01   2.3704474626082503E+00
     510.9989999999999668   1.3299576506255825E+01   2.3665662669466094E+00
     511.0009999999999195   1.3299616948596350E+01   2.3665585107950475E+00
     520.0000000000000000   1.3475613559840495E+01   2.3403710601927896E+00
     530.0000000000000000   1.3674101564043662E+01   2.3072727411263565E+00
     540.0000000000000000   1.3869178006807312E+01   2.2791854688868010E+00
     550.0000000000000000   1.4063710822283669E+01   2.2519790787628260E+00
     560.0000000000000000   1.4257713545446954E+01   2.2256113114701224E+00
     570.0000000000000000   1.4451199239447808E+01   2.2000425278913847E+00
     580.0000000000000000   1.4646862455014150E+01   2.1716087151538797E+00
     590.0000000000000000   1.4839319168616557E+01   2.1475943606006669E+00
     600.0000000000000000   1.5031294612615451E+01   2.1242728259676946E+00
     610.0000000000000000   1.5222799163066203E+01   2.1016145216396493E+00
     620.0000000000000000   1.5416420934958659E+01   2.0762176207905805E+00
     630.0000000000000000   1.5606988660139049E+01   2.0548516581119785E+00
     640.0000000000000000   1.5799647611127392E+01   2.0308165695058418E+00
     650.0000000000000000   1.5989315930647328E+01   2.0106370575528669E+00
     660.0000000000000000   1.6181057853955526E+01   1.9878437049679667E+00
     670.0000000000000000   1.6369860785979188E+01   1.9687575516926386E+00
     680.0000000000000000   1.6560722965636412E+01   1.9471057720884510E+00
     690.0000000000000000   1.6748696017412435E+01   1.9290252798377963E+00
     700.0000000000000000   1.6938710246361140E+01   1.9084292283913120E+00
     710.0000000000000000   1.7125887790264052E+01   1.8912744913205006E+00
     720.0000000000000000   1.7315083649849086E+01   1.8716573459011907E+00
     730.0000000000000000   1.7501498831733652E+01   1.8553554851936696E+00
     740.0000000000000000   1.7689903350360286E+01   1.8366489579845149E+00
     750.0000000000000000   1.7877927568375831E+01   1.8183830439569284E+00
     760.0000000000000000   1.8063227454188404E+01   1.8032749005839481E+00
     770.0000000000000000   1.8250502971385835E+01   1.7858222980063474E+00
     780.0000000000000000   1.8437411096382025E+01   1.7687722910839372E+00
     790.0000000000000000   1.8621660004364806E+01   1.7547269020471543E+00
     800.0000000000000000   1.8807858905467491E+01   1.7384057037447582E+00
     810.0000000000000000   1.8993708581745523E+01   1.7224470882586334E+00
     820.0000000000000000   1.9179206016786768E+01   1.7068482713013735E+00
     830.0000000000000000   1.9362132359521837E+01   1.6940592196702489E+00
     840.0000000000000000   1.9546974523773255E+01   1.6790861050377108E+00
     850.0000000000000000   1.9731486878206411E+01   1.6644326660015087E+00
     860.0000000000000000   1.9915669642117933E+01   1.6500937253997268E+00
     870.0000000000000000   2.0099528084175901E+01   1.6360588434515819E+00
     880.0000000000000000   2.0283073084329484E+01   1.6223119016377967E+00
     890.0000000000000000   2.0464175901801298E+01   1.6111103514270488E+00
     900.0000000000000000   2.0647128807214017E+01   1.5978729088796479E+00
     910.0000000000000000   2.0829778668432411E+01   1.5849017414084752E+00
     920.0000000000000000   2.1012129332594721E+01   1.5721892990324817E+00
     930.0000000000000000   2.1194185649153159E+01   1.5597271703711779E+00
     940.0000000000000000   2.1375953507336753E+01   1.5475060933024805E+00
     950.0000000000000000   2.1557439153842687E+01   1.5355167170687956E+00
     960.0000000000000000   2.1738647813685688E+01   1.5237509829461975E+00
     970.0000000000000000   2.1919583264316849E+01   1.5122024815932997E+00
     980.0000000000000000   2.2100248472424521E+01   1.5008657632226385E+00
     990.0000000000000000   2.2280646303375327E+01   1.4897356112616944E+00
    1000.0000000000000000   2.2460779805869148E+01   1.4788067570788805E+00
    1100.0000000000000000   2.4248283102752669E+01   1.3794815831320391E+00
    1200.0000000000000000   2.6014601500083362E+01   1.2936007670757954E+00
    1300.0000000000000000   2.7762031697374933E+01   1.2182801043278089E+00
    1400.0000000000000000   2.9492485075852372E+01   1.1514015620383695E+00
    1500.0000000000000000   3.1205758752548846E+01   1.0927715899683541E+00
    1600.0000000000000000   3.2904950015066355E+01   1.0397253330927503E+00
    1700.0000000000000000   3.4588085925628661E+01   9.9355587661505385E-01
    1800.0000000000000000   3.6261035772546386E+01   9.4996753670446021E-01
    1843.9990000000000236   3.6991929853752886E+01   9.3296407490328093E-01
    1844.0009999999999764   3.6991963166084901E+01   9.3296322066900117E-01
    1900.0000000000000000   3.7919957593555871E+01   9.1163095069754252E-01
    2000.0000000000000000   3.9568590855335565E+01   8.7599056325224733E-01
    2100.0000000000000000   4.1206399034824194E+01   8.4343419949405107E-01
    2200.0000000000000000   4.2835613563937734E+01   8.1262286944684203E-01
    2300.0000000000000000   4.4453367077769826E+01   7.8530465452647502E-01
    2400.0000000000000000   4.6063613183816877E+01   7.5918202047872896E-01
    2475.9989999999997963   4.7281350890488184E+01   7.4073042877678397E-01
    2476.0010000000002037   4.7281382819673659E+01   7.4072997742356439E-01
    2500.0000000000000000   4.7664907974840332E+01   7.3512399906723735E-01
    2526.9989999999997963   4.8095776945596832E+01   7.2894129485662806E-01
    2527.0010000000002037   4.8095808899614561E+01   7.2894080673640316E-01
    2600.0000000000000000   4.9258034221548492E+01   7.1274299214902892E-01
    2631.9989999999997963   4.9766539174708178E+01   7.0570298760452943E-01
    2632.0010000000002037   4.9766571261418619E+01   7.0570238804714169E-01
    2700.0000000000000000   5.0843392557673809E+01   6.9186150128530466E-01
    2800.0000000000000000   5.2420851785206061E+01   6.7254959446361362E-01
    2871.9989999999997963   5.3553354787422251E+01   6.5882282156200977E-01
    2872.0010000000002037   5.3553386260489461E+01   6.5882241546992593E-01
    2900.0000000000000000   5.3992573222873176E+01   6.5377717254475565E-01
    3000.0000000000000000   5.5556355639715655E+01   6.3670061691529634E-01
    3100.0000000000000000   5.7115260481011831E+01   6.1986281809124444E-01
    3200.0000000000000000   5.8666601958394480E+01   6.0452485009366907E-01
    3300.0000000000000000   6.0212952972527169E+01   5.8961491951855205E-01
    3400.0000000000000000   6.1753257545312508E+01   5.7559697661223663E-01
    3500.0000000000000000   6.3287346073842720E+01   5.6255778580553673E-01
    3600.0000000000000000   6.4816246230332496E+01   5.5010203670664581E-01
    3700.0000000000000000   6.6340826909681965E+01   5.3793492979178303E-01
    3800.0000000000000000   6.7860177888746421E+01   5.2635851331110683E-01
    3900.0000000000000000   6.9373638715254117E+01   5.1575044218536070E-01
    4000.0000000000000000   7.0883150044518331E+01   5.0534703582115525E-01
    4100.0000000000000000   7.2388898473212365E+01   4.9509770203633585E-01
    4200.0000000000000000   7.3889326601570346E+01   4.8556896136290251E-01
    4300.0000000000000000   7.5384873528315168E+01   4.7670609890055038E-01
    4400.0000000000000000   7.6879252864504494E+01   4.6712814046529233E-01
    4500.0000000000000000   7.8365929712041634E+01   4.5918773504313121E-01
    4600.0000000000000000   7.9850877925893982E+01   4.5085372631024079E-01
    4700.0000000000000000   8.1329521162341038E+01   4.4355601124772887E-01
    4800.0000000000000000   8.2807053979577518E+01   4.3576063822410271E-01
    4900.0000000000000000   8.4281083833755304E+01   4.2820045545769453E-01
    5000.0000000000000000   8.5751063465344657E+01   4.2105350798996727E-01
    5100.0000000000000000   8.7217151349000076E+01   4.1428312157201164E-01
    5200.0000000000000000   8.8679430218289056E+01   4.0787684315771860E-01
    5300.0000000000000000   9.0138097514669440E+01   4.0178381390402029E-01
    5400.0000000000000000   9.1592691109023562E+01   3.9613948381035230E-01
    5500.0000000000000000   9.3047847617152044E+01   3.8962040686277855E-01
    5600.0000000000000000   9.4498108576091866E+01   3.8380963317545375E-01
    5700.0000000000000000   9.5942853472636571E+01   3.7882966573302335E-01
    5800.0000000000000000   9.7389123021921847E+01   3.7281830689491835E-01
    5900.0000000000000000   9.8827263196128925E+01   3.6841756032910877E-01
    6000.0000000000000000   1.0026829231375947E+02   3.6266948677674199E-01
    6100.0000000000000000   1.0170524753690486E+02   3.5738099457555000E-01
    6200.0000000000000000   1.0313345561404296E+02   3.5376803747272023E-01
    6300.0000000000000000   1.0456599868594982E+02   3.4852976835333993E-01
    6400.0000000000000000   1.0599406449652436E+02   3.4394523439791391E-01
    6500.0000000000000000   1.0741924061200545E+02   3.3942579135139173E-01
    6600.0000000000000000   1.0884313144765966E+02   3.3488698435734882E-01
    6700.0000000000000000   1.1026284999574639E+02   3.3076656674715527E-01
    6800.0000000000000000   1.1168075882962347E+02   3.2666430362574023E-01
    6900.0000000000000000   1.1309527864290227E+02   3.2292395975025490E-01
    7000.0000000000000000   1.1450734695364858E+02   3.1925797247196247E-01
    7100.0000000000000000   1.1591767859483126E+02   3.1560532128472640E-01
    7200.0000000000000000   1.1732425215543410E+02   3.1235873536616265E-01
    7300.0000000000000000   1.1872857466821594E+02   3.0915496395917552E-01
    7400.0000000000000000   1.2013783655914601E+02   3.0455491890194514E-01
    7500.0000000000000000   1.2153704143494667E+02   3.0165000605982017E-01
    7600.0000000000000000   1.2293555287269822E+02   2.9871991313040308E-01
    7700.0000000000000000   1.2433636580809431E+02   2.9469767153672460E-01
    7800.0000000000000000   1.2572970760110768E+02   2.9199076894210196E-01
    7900.0000000000000000   1.2712127740642390E+02   2.8944293513772124E-01
    8000.0000000000000000   1.2851513992207290E+02   2.8588023359263059E-01
    8100.0000000000000000   1.2990146720217481E+02   2.8351724746591928E-01
    8200.0000000000000000   1.3129253064609659E+02   2.8007675534501120E-01
    8300.0000000000000000   1.3267647387934787E+02   2.7764632286866869E-01
    8400.0000000000000000   1.3406205411466726E+02   2.7442638042578626E-01
    8500.0000000000000000   1.3544566432860566E+02   2.7134070636318125E-01
    8600.0000000000000000   1.3682148988934242E+02   2.6969017953537083E-01
    8700.0000000000000000   1.3820330425248099E+02   2.6658544272301449E-01
    8800.0000000000000000   1.3958236205740675E+02   2.6347688509586703E-01
    8900.0000000000000000   1.4094974293687056E+02   2.6238527823623614E-01
    9000.0000000000000000   1.4232699567688127E+02   2.5910797509815964E-01
    9100.0000000000000000   1.4369830753981788E+02   2.5681394250254214E-01
    9200.0000000000000000   1.4507128525014636E+02   2.5398042058805592E-01
    9300.0000000000000000   1.4643786823965993E+02   2.5210547664375854E-01
    9400.0000000000000000   1.4780038446708488E+02   2.5060410861913990E-01
    9500.0000000000000000   1.4916790050117993E+02   2.4787047046429558E-01
    9600.0000000000000000   1.5053237653839196E+02   2.4551154985369020E-01
    9700.0000000000000000   1.5189412435102935E+02   2.4333547639055772E-01
    9800.0000000000000000   1.5325316839818677E+02   2.4141617839786889E-01
    9900.0000000000000000   1.5461149252829193E+02   2.3940157897035799E-01
   10000.0000000000000000   1.5596880469106387E+02   2.3735269239880169E-01
   11000.0000000000000000   1.6946595944536617E+02   2.1848741313903447E-01
   12000.0000000000000000   1.8282304108447195E+02   2.0347143399995624E-01
   13000.0000000000000000   1.9606210495859457E+02   1.9034716379857702E-01
   14000.0000000000000000   2.0919742627477208E+02   1.7837690023178712E-01
   15000.0000000000000000   2.2222685678019221E+02   1.6838258314973986E-01
   16000.0000000000000000   2.3517172325607694E+02   1.5959005221007533E-01
   17000.0000000000000000   2.4802457111529887E+02   1.5155507686471173E-01
   18000.0000000000000000   2.6079887015870867E+02   1.4514844130734006E-01
   19000.0000000000000000   2.7351209299923619E+02   1.3755495220546748E-01
   20000.0000000000000000   2.8615047775756267E+02   1.3180561048476244E-01
   20005.9989999999997963   2.8622766059343735E+02   1.3160762264467138E-01
   20006.0010000000002037   2.8622768626103851E+02   1.3160756842789106E-01
   21000.0000000000000000   2.9871332019260836E+02   1.2744800844415488E-01
   22000.0000000000000000   3.1123402332820865E+02   1.2131458826477062E-01
   23000.0000000000000000   3.2367491902798594E+02   1.1655871274176120E-01
   24000.0000000000000000   3.3608080175155175E+02   1.1262833615436095E-01
   25000.0000000000000000   3.4842210095886924E+02   1.0956646080525953E-01
   26000.0000000000000000   3.6072149344116195E+02   1.0598550559466736E-01
   27000.0000000000000000   3.7297563231895708E+02   1.0174732140608188E-01
   28000.0000000000000000   3.8515644421230678E+02   9.9094806161985335E-02
   29000.0000000000000000   3.9732764786988889E+02   9.6643891487561251E-02
   30000.0000000000000000   4.0944601969560483E+02   9.2789229314630309E-02
   31000.0000000000000000   4.2154626081845504E+02   9.0307556606408448E-02
   32000.0000000000000000   4.3356743190538344E+02   8.7917149642210354E-02
   33000.0000000000000000   4.4553769780454724E+02   8.6793508644348941E-02
   34000.0000000000000000   4.5750176761844381E+02   8.4616377721434294E-02
   35000.0000000000000000   4.6945633298367812E+02   8.1209268813324312E-02
   36000.0000000000000000   4.8135163061107090E+02   8.0286952814220949E-02
   37000.0000000000000000   4.9324652816168657E+02   7.8734543064031132E-02
   38000.0000000000000000   5.0510375516828219E+02   7.5512528917774199E-02
   39000.0000000000000000   5.1686619519262365E+02   7.3905576717011173E-02
   40000.0000000000000000   5.2870435069081691E+02   7.2087694545402800E-02
   41000.0000000000000000   5.4041271567410138E+02   7.0380864175488472E-02
   42000.0000000000000000   5.5216337358285034E+02   6.9826988431979986E-02
   43000.0000000000000000   5.6381088382040264E+02   6.7728755626994458E-02
   44000.0000000000000000   5.7553615507491418E+02   6.6130078028498379E-02
   45000.0000000000000000   5.8718850546538476E+02   6.5277224403228487E-02
   46000.0000000000000000   5.9875639740120130E+02   6.3931361792413932E-02
   47000.0000000000000000   6.1032340825532106E+02   6.3537385090793222E-02
   48000.0000000000000000   6.2194168347479570E+02   6.1813335647671053E-02
   49000.0000000000000000   6.3349688401383412E+02   6.1319728309078593E-02
   50000.0000000000000000   6.4505762252123179E+02   5.9398424504893993E-02
