       0.1000000000000000   1.5638454594398171E+01   1.8616345980524533E-03
       0.2000000000000000   1.3793657653010142E+01   3.6274114039813853E-03
       0.3000000000000000   1.3196761085267973E+01   5.3693163182618915E-03
       0.4000000000000000   1.2983781724508235E+01   7.0211140606921225E-03
       0.5000000000000000   1.2887866031147020E+01   8.6430291690854644E-03
       0.6000000000000000   1.2848185355345525E+01   1.0238674046081182E-02
       0.7000000000000000   1.2841002735627967E+01   1.1811305079634573E-02
       0.7999999999999999   1.2853270058276884E+01   1.3363273620670585E-02
       0.8999999999999999   1.2878915502196115E+01   1.4892419387447748E-02
       0.9999999999999999   1.2912265897353565E+01   1.6405289723384040E-02
       2.0000000000000000   1.3372433421116462E+01   3.0735468420865841E-02
       3.0000000000000000   1.3805630996337444E+01   4.4141393244874011E-02
       4.0000000000000000   1.4155957259063431E+01   5.7080247753969152E-02
       5.0000000000000000   1.4429332147471687E+01   6.9828096777310847E-02
       6.0000000000000000   1.4637469647106625E+01   8.2569402466649761E-02
       7.0000000000000000   1.4791387239574352E+01   9.5429412578411241E-02
       8.0000000000000000   1.4899539558584355E+01   1.0850517049525084E-01
       9.0000000000000000   1.4968732543602794E+01   1.2187509668678033E-01
      10.0000000000000000   1.5004262596708873E+01   1.3560777321615355E-01
      11.0000000000000000   1.5010502710133192E+01   1.4976374310846705E-01
      12.0000000000000000   1.4990986892139938E+01   1.6439913571791998E-01
      13.0000000000000000   1.4948701016155962E+01   1.7956734781660180E-01
      14.0000000000000000   1.4886024137361312E+01   1.9532269633072444E-01
      15.0000000000000000   1.4804992513895977E+01   2.1171971560054786E-01
      16.0000000000000000   1.4707371108334927E+01   2.2881353592320938E-01
      17.0000000000000000   1.4594621180729956E+01   2.4666264676872654E-01
      18.0000000000000000   1.4468045129458433E+01   2.6532797243377165E-01
      19.0000000000000000   1.4328743007160478E+01   2.8487432205003210E-01
      20.0000000000000000   1.4177685071368773E+01   3.0537129226123105E-01
      21.0000000000000000   1.4015713413602693E+01   3.2689385594230497E-01
      22.0000000000000000   1.3843584403710366E+01   3.4952261034678050E-01
      23.0000000000000000   1.3661964433702906E+01   3.7334513128997648E-01
      24.0000000000000000   1.3471439194658565E+01   3.9845714607543026E-01
      25.0000000000000000   1.3272539440754844E+01   4.2496293500488314E-01
      26.0000000000000000   1.3065744860623607E+01   4.5297658114782635E-01
      27.0000000000000000   1.2851492997746604E+01   4.8262304757739799E-01
      28.0000000000000000   1.2630189836704709E+01   5.1403927587124620E-01
      29.0000000000000000   1.2402213681177116E+01   5.4737550022656778E-01
      30.0000000000000000   1.2167929454127384E+01   5.8279631910767660E-01
      31.0000000000000000   1.1927691502422066E+01   6.2048196117722243E-01
      32.0000000000000000   1.1681859541463670E+01   6.6062910727585589E-01
      33.0000000000000000   1.1430802084238406E+01   7.0345186312760510E-01
      34.0000000000000000   1.1174912989824149E+01   7.4918189944431279E-01
      35.0000000000000000   1.0914622041278488E+01   7.9806808442727539E-01
      36.0000000000000000   1.0650410157728475E+01   8.5037501446832331E-01
      37.0000000000000000   1.0382825300248721E+01   9.0638005567231761E-01
      38.0000000000000000   1.0112500083749060E+01   9.6636833306071990E-01
      39.0000000000000000   9.8401692381841581E+00   1.0306250435905273E+00
      40.0000000000000000   9.5666875239490246E+00   1.0994244114650091E+00
      41.0000000000000000   9.2930436606095217E+00   1.1730148300772762E+00
      41.9990000000000023   9.0206411077863642E+00   1.2515187591703472E+00
      42.0000000000000000   9.0203693304424810E+00   1.2515998912225865E+00
      42.0009999999999977   9.0200975553311853E+00   1.2516810284133657E+00
      43.0000000000000000   8.7499384499554349E+00   1.3353158048019040E+00
      44.0000000000000000   8.4831526780099331E+00   1.4242065266912458E+00
      44.9990000000000023   8.2217682860423302E+00   1.5181027757416801E+00
      45.0000000000000000   8.2215097250833029E+00   1.5181992592124203E+00
      45.0009999999999977   8.2212511708126730E+00   1.5182957475876171E+00
      46.0000000000000000   7.9665536117299203E+00   1.6170838278814814E+00
      47.0000000000000000   7.7198080866603958E+00   1.7205003108805133E+00
      48.0000000000000000   7.4826999433111583E+00   1.8279386693142856E+00
      49.0000000000000000   7.2564821443645879E+00   1.9387525030963764E+00
      50.0000000000000000   7.0421682027670345E+00   2.0521863759115111E+00
      51.0000000000000000   6.8404877712893901E+00   2.1674133464100573E+00
      52.0000000000000000   6.6518690314574593E+00   2.2835773416359837E+00
      53.0000000000000000   6.4764475901367540E+00   2.3998345286396092E+00
      54.0000000000000000   6.3140971313795831E+00   2.5153888061851855E+00
      55.0000000000000000   6.1644740074855395E+00   2.6295184459235785E+00
      56.0000000000000000   6.0270678425629312E+00   2.7415929598961486E+00
      57.0000000000000000   5.9012514601280976E+00   2.8510807814772989E+00
      58.0000000000000000   5.7863252319600145E+00   2.9575498917258245E+00
      59.0000000000000000   5.6815542952946219E+00   3.0606628029659810E+00
      60.0000000000000000   5.5861975861526014E+00   3.1601681319315849E+00
      61.0000000000000000   5.4995286699547430E+00   3.2558907707727105E+00
      62.0000000000000000   5.4208505383667118E+00   3.3477210603086580E+00
      63.0000000000000000   5.3495047908414595E+00   3.4356044108977168E+00
      64.0000000000000000   5.2848767524818800E+00   3.5195316181213396E+00
      65.0000000000000000   5.2263976296240999E+00   3.5995301767981176E+00
      66.0000000000000000   5.1735445435678029E+00   3.6756566932580750E+00
      67.0000000000000000   5.1258391607326450E+00   3.7479903890563451E+00
      67.9989999999999952   5.0828862173596159E+00   3.8165608015367889E+00
      68.0000000000000000   5.0828454420038236E+00   3.8166276278097615E+00
      68.0010000000000048   5.0828046709601269E+00   3.8166944504945119E+00
      69.0000000000000000   5.0441668863768552E+00   3.8816773652040029E+00
      70.0000000000000000   5.0094435385006637E+00   3.9432574090904327E+00
      71.0000000000000000   4.9783489432930654E+00   4.0014913783247970E+00
      72.0000000000000000   4.9505871694037999E+00   4.0565062532126426E+00
      73.0000000000000000   4.9258899706082682E+00   4.1084304231276914E+00
      74.0000000000000000   4.9040141309089673E+00   4.1573921470084159E+00
      75.0000000000000000   4.8847390025656230E+00   4.2035183651710177E+00
      76.0000000000000000   4.8678643088725018E+00   4.2469337365227169E+00
      77.0000000000000000   4.8532080415121648E+00   4.2877600111268190E+00
      78.0000000000000000   4.8406046671977325E+00   4.3261154785734073E+00
      79.0000000000000000   4.8299034613484721E+00   4.3621146192963414E+00
      80.0000000000000000   4.8209670229099517E+00   4.3958678639093804E+00
      81.0000000000000000   4.8136699433186578E+00   4.4274814472770743E+00
      82.0000000000000000   4.8078976177234898E+00   4.4570573375139064E+00
      83.0000000000000000   4.8035451797009889E+00   4.4846932236221013E+00
      84.0000000000000000   4.8005165487383987E+00   4.5104825489305957E+00
      85.0000000000000000   4.7987235818758567E+00   4.5345145792619110E+00
      86.0000000000000000   4.7980853127834537E+00   4.5568744975319246E+00
      87.0000000000000000   4.7985272712718743E+00   4.5776435193487810E+00
      88.0000000000000000   4.7999808799428525E+00   4.5968990142235544E+00
      89.0000000000000000   4.8023829011673422E+00   4.6147146526292682E+00
      90.0000000000000000   4.8056749530210254E+00   4.6311605423838555E+00
      91.0000000000000000   4.8098030707570913E+00   4.6463033763221597E+00
      92.0000000000000000   4.8147173125732197E+00   4.6602065791807226E+00
      93.0000000000000000   4.8203714054852567E+00   4.6729304536150780E+00
      94.0000000000000000   4.8267224265413686E+00   4.6845323240486589E+00
      95.0000000000000000   4.8337305154652661E+00   4.6950666773639123E+00
      96.0000000000000000   4.8413586153956896E+00   4.7045852997037940E+00
      97.0000000000000000   4.8495722386465960E+00   4.7131374088581568E+00
      98.0000000000000000   4.8583392544898123E+00   4.7207697819044441E+00
      99.0000000000000000   4.8676296987070797E+00   4.7275268776980486E+00
     100.0000000000000000   4.8774155972469897E+00   4.7334509545311256E+00
     103.9989999999999952   4.9210038041184072E+00   4.7495887169162394E+00
     104.0010000000000048   4.9210272361759424E+00   4.7495940040457922E+00
     110.0000000000000000   4.9975168774400620E+00   4.7548087603062648E+00
     120.0000000000000000   5.1465520522881638E+00   4.7267127857865816E+00
     130.0000000000000000   5.3138494136447765E+00   4.6684285570120281E+00
     140.0000000000000000   5.4931252250362865E+00   4.5919685686522431E+00
     150.0000000000000000   5.6729696896003396E+00   4.5255063550111716E+00
     153.9989999999999952   5.7544529706338610E+00   4.4788091178376970E+00
     154.0010000000000048   5.7545012328137419E+00   4.4787686277038361E+00
     160.0000000000000000   5.8694995133961454E+00   4.4275308107564362E+00
     167.9989999999999952   6.0258305275141471E+00   4.3556484913572486E+00
     168.0010000000000048   6.0258780678288195E+00   4.3556114134681927E+00
     169.9989999999999952   6.0666469816214761E+00   4.3342498640917784E+00
     170.0000000000000000   6.0666707067290879E+00   4.3342315738300368E+00
     170.0010000000000048   6.0666944304668098E+00   4.3342132859169453E+00
     180.0000000000000000   6.2642089863422923E+00   4.2455207224859324E+00
     190.0000000000000000   6.4677515840135111E+00   4.1479482751700232E+00
     200.0000000000000000   6.6706582349291743E+00   4.0562608194420582E+00
     210.0000000000000000   6.8729032263209966E+00   3.9699593521711094E+00
     220.0000000000000000   7.0744771426549189E+00   3.8885900410198313E+00
     230.0000000000000000   7.2753811285877950E+00   3.8117427540360449E+00
     231.9989999999999952   7.3202403552982744E+00   3.7865287515387700E+00
     232.0010000000000048   7.3202852102348874E+00   3.7865037049362691E+00
     233.9989999999999952   7.3602679302089165E+00   3.7719438051566248E+00
     234.0010000000000048   7.3603127122010950E+00   3.7719190301335277E+00
     236.9989999999999952   7.4179208185624033E+00   3.7554114875962887E+00
     237.0010000000000048   7.4179654818736083E+00   3.7553870724024305E+00
     240.0000000000000000   7.4802188473176567E+00   3.7291169520333214E+00
     250.0000000000000000   7.6840297636511545E+00   3.6512865945231154E+00
     260.0000000000000000   7.8868558220823708E+00   3.5778297443517850E+00
     270.0000000000000000   8.0887380480384401E+00   3.5083725738183857E+00
     280.0000000000000000   8.2937683166679861E+00   3.4343143730195189E+00
     290.0000000000000000   8.4937418498236532E+00   3.3722407746160039E+00
     300.0000000000000000   8.6967211850622359E+00   3.3056271961258137E+00
     310.0000000000000000   8.8949478872091543E+00   3.2497810106210427E+00
     320.0000000000000000   9.0960414406702732E+00   3.1894895965341337E+00
     330.0000000000000000   9.2962094346964381E+00   3.1321318350523293E+00
     340.0000000000000000   9.4954882839698165E+00   3.0774893900974329E+00
     350.0000000000000000   9.6939124331882667E+00   3.0253653865037426E+00
     360.0000000000000000   9.8915144461774815E+00   2.9755818363587441E+00
     370.0000000000000000   1.0091610318012203E+01   2.9219959848202621E+00
     380.0000000000000000   1.0287586014623210E+01   2.8766067580411914E+00
     390.0000000000000000   1.0482828163981225E+01   2.8331068910756301E+00
     398.9990000000000236   1.0660097532526720E+01   2.7916367462146443E+00
     399.0009999999999764   1.0660138248484873E+01   2.7916252642091139E+00
     400.0000000000000000   1.0680472014925044E+01   2.7859027293415441E+00
     410.0000000000000000   1.0874254032872853E+01   2.7459839379258479E+00
     415.9990000000000236   1.0992610458596205E+01   2.7185990592040810E+00
     416.0009999999999764   1.0992650886868720E+01   2.7185882957310090E+00
     420.0000000000000000   1.1070384881765875E+01   2.7024354365136967E+00
     430.0000000000000000   1.1265779554789461E+01   2.6606144934499465E+00
     440.0000000000000000   1.1457516224893991E+01   2.6253387022669794E+00
     450.0000000000000000   1.1651536135857173E+01   2.5865486390867756E+00
     460.0000000000000000   1.1844883544270500E+01   2.5492028081895497E+00
     470.0000000000000000   1.2037577411099173E+01   2.5132197874216669E+00
     480.0000000000000000   1.2229636644564588E+01   2.4785230363602522E+00
     490.0000000000000000   1.2418332205804072E+01   2.4494035850526408E+00
     500.0000000000000000   1.2609207406426943E+01   2.4169760356670125E+00
     510.0000000000000000   1.2799498792688180E+01   2.3856427438145467E+00
     510.9989999999999668   1.2819010110231824E+01   2.3817393180962205E+00
     511.0009999999999195   1.2819049166005193E+01   2.3817315175125344E+00
     520.0000000000000000   1.2989221987880560E+01   2.3553470287709031E+00
     530.0000000000000000   1.3181011705985005E+01   2.3220363086211608E+00
     540.0000000000000000   1.3369610899380687E+01   2.2937432130009299E+00
     550.0000000000000000   1.3557684698928510E+01   2.2663372649227611E+00
     560.0000000000000000   1.3745246170337724E+01   2.2397759126592574E+00
     570.0000000000000000   1.3932307920229150E+01   2.2140192429153935E+00
     580.0000000000000000   1.4121375083291953E+01   2.1854029854861161E+00
     590.0000000000000000   1.4307443603589675E+01   2.1612113859388118E+00
     600.0000000000000000   1.4493046913683587E+01   2.1377175786191067E+00
     610.0000000000000000   1.4678195052028181E+01   2.1148917598403858E+00
     620.0000000000000000   1.4865294784721019E+01   2.0893319010523501E+00
     630.0000000000000000   1.5049538459315830E+01   2.0678073466815534E+00
     640.0000000000000000   1.5235710533998148E+01   2.0436178530127616E+00
     650.0000000000000000   1.5419085901743866E+01   2.0232879529143202E+00
     660.0000000000000000   1.5604374189785624E+01   2.0003480686123125E+00
     670.0000000000000000   1.5786914147540850E+01   1.9811190881576664E+00
     680.0000000000000000   1.5971354519050070E+01   1.9593280420449333E+00
     690.0000000000000000   1.6153093261473884E+01   1.9411117075840114E+00
     700.0000000000000000   1.6336716398880817E+01   1.9203831088603809E+00
     710.0000000000000000   1.6517686987441248E+01   1.9030989966381280E+00
     720.0000000000000000   1.6700521442691311E+01   1.8833555315284345E+00
     730.0000000000000000   1.6880755728096510E+01   1.8669302956859783E+00
     740.0000000000000000   1.7062827611813315E+01   1.8481032323956295E+00
     750.0000000000000000   1.7244532895910844E+01   1.8297195209139749E+00
     760.0000000000000000   1.7423690820293842E+01   1.8144962230574160E+00
     770.0000000000000000   1.7604674537129629E+01   1.7969310177970239E+00
     780.0000000000000000   1.7785304296520181E+01   1.7797708730468020E+00
     790.0000000000000000   1.7963447632599717E+01   1.7656177280706482E+00
     800.0000000000000000   1.8143393769145238E+01   1.7491910765024248E+00
     810.0000000000000000   1.8323003428719908E+01   1.7331292347486353E+00
     820.0000000000000000   1.8502273983632040E+01   1.7174293461882832E+00
     830.0000000000000000   1.8679140542025106E+01   1.7045413084422516E+00
     840.0000000000000000   1.8857779135548817E+01   1.6894712269914907E+00
     850.0000000000000000   1.9036100011125615E+01   1.6747227770660076E+00
     860.0000000000000000   1.9214103532615439E+01   1.6602907208092232E+00
     870.0000000000000000   1.9391794759101863E+01   1.6461645602776893E+00
     880.0000000000000000   1.9569183968886705E+01   1.6323281211892724E+00
     890.0000000000000000   1.9744289710532890E+01   1.6210388015257227E+00
     900.0000000000000000   1.9921107649591043E+01   1.6077152660200820E+00
     910.0000000000000000   2.0097633683315319E+01   1.5946596328084832E+00
     920.0000000000000000   2.0273871528839116E+01   1.5818643045810927E+00
     930.0000000000000000   2.0449825833030335E+01   1.5693208244802170E+00
     940.0000000000000000   2.0625502207637957E+01   1.5570198866674458E+00
     950.0000000000000000   2.0800906594291913E+01   1.5449520983443699E+00
     960.0000000000000000   2.0976043980577540E+01   1.5331093603413404E+00
     970.0000000000000000   2.1150918003478161E+01   1.5214852243905539E+00
     980.0000000000000000   2.1325531542239414E+01   1.5100742032259531E+00
     990.0000000000000000   2.1499887378966751E+01   1.4988710441768012E+00
    1000.0000000000000000   2.1673988463779917E+01   1.4878704438299821E+00
    1100.0000000000000000   2.3401668428503044E+01   1.3878903373380556E+00
    1200.0000000000000000   2.5108866477271246E+01   1.3014502436864284E+00
    1300.0000000000000000   2.6797800719948185E+01   1.2256458826404497E+00
    1400.0000000000000000   2.8470316484578966E+01   1.1583444681172439E+00
    1500.0000000000000000   3.0126278162614579E+01   1.0993413516848685E+00
    1600.0000000000000000   3.1768617401699728E+01   1.0459631606709179E+00
    1700.0000000000000000   3.3395533667685051E+01   9.9949632855474380E-01
    1800.0000000000000000   3.5012531581038800E+01   9.5563989729116339E-01
    1843.9990000000000236   3.5719032554035529E+01   9.3852663206630338E-01
    1844.0009999999999764   3.5719064749846801E+01   9.3852577294602835E-01
    1900.0000000000000000   3.6616058512749660E+01   9.1706026566303334E-01
    2000.0000000000000000   3.8209626387864219E+01   8.8119843110036511E-01
    2100.0000000000000000   3.9792757581216783E+01   8.4843938490891024E-01
    2200.0000000000000000   4.1367553170362633E+01   8.1744178497341058E-01
    2300.0000000000000000   4.2931356978510642E+01   7.8995174325170869E-01
    2400.0000000000000000   4.4487872519402110E+01   7.6367006329656217E-01
    2475.9989999999997963   4.5664999320377731E+01   7.4510526867020643E-01
    2476.0010000000002037   4.5665030186697962E+01   7.4510481441939391E-01
    2500.0000000000000000   4.6035767754776700E+01   7.3946436378201907E-01
    2526.9989999999997963   4.6452273165784391E+01   7.3324357576726262E-01
    2527.0010000000002037   4.6452304052647683E+01   7.3324308485276701E-01
    2600.0000000000000000   4.7575786091006790E+01   7.1694583721805039E-01
    2631.9989999999997963   4.8067330731888987E+01   7.0986379896255891E-01
    2632.0010000000002037   4.8067361737357146E+01   7.0986319680647292E-01
    2700.0000000000000000   4.9108313370467243E+01   6.9593594381796553E-01
    2800.0000000000000000   5.0633238257757554E+01   6.7650384978785527E-01
    2871.9989999999997963   5.1727996651818323E+01   6.6269518539099559E-01
    2872.0010000000002037   5.1728027073889884E+01   6.6269477707511593E-01
    2900.0000000000000000   5.2152587374893749E+01   6.5761867095769722E-01
    3000.0000000000000000   5.3664316412466633E+01   6.4043610197667611E-01
    3100.0000000000000000   5.5171290478540065E+01   6.2349842987305482E-01
    3200.0000000000000000   5.6671011606770186E+01   6.0806619608205137E-01
    3300.0000000000000000   5.8165888030790470E+01   5.9306713531445854E-01
    3400.0000000000000000   5.9654941360908595E+01   5.7896477815258218E-01
    3500.0000000000000000   6.1138019763095670E+01   5.6584551449548803E-01
    3600.0000000000000000   6.2616088315470023E+01   5.5331369859364954E-01
    3700.0000000000000000   6.4089963643396388E+01   5.4107422970618002E-01
    3800.0000000000000000   6.5558801616875954E+01   5.2942888473425975E-01
    3900.0000000000000000   6.7021990787822759E+01   5.1875507347478444E-01
    4000.0000000000000000   6.8481347153185823E+01   5.0828889331610216E-01
    4100.0000000000000000   6.9937049394191973E+01   4.9797955048123699E-01
    4200.0000000000000000   7.1387648047548183E+01   4.8839338201588134E-01
    4300.0000000000000000   7.2833556899623943E+01   4.7947550563662733E-01
    4400.0000000000000000   7.4278246260430237E+01   4.6984479413645891E-01
    4500.0000000000000000   7.5715619560237428E+01   4.6185375631817566E-01
    4600.0000000000000000   7.7151256692520391E+01   4.5347110718451356E-01
    4700.0000000000000000   7.8580888792674102E+01   4.4612662538574549E-01
    4800.0000000000000000   8.0009368258294927E+01   4.3828625027496693E-01
    4900.0000000000000000   8.1434464523766437E+01   4.3068272946405450E-01
    5000.0000000000000000   8.2855669460712136E+01   4.2349401499491285E-01
    5100.0000000000000000   8.4273133661101781E+01   4.1668334651450228E-01
    5200.0000000000000000   8.5686936891620903E+01   4.1023819113536697E-01
    5300.0000000000000000   8.7097265909865115E+01   4.0410761587201044E-01
    5400.0000000000000000   8.8503691548743831E+01   3.9842700177667306E-01
    5500.0000000000000000   8.9910545225385164E+01   3.9187283863255656E-01
    5600.0000000000000000   9.1312732597064056E+01   3.8602811669080106E-01
    5700.0000000000000000   9.2709676232932537E+01   3.8101528304931892E-01
    5800.0000000000000000   9.4107952276891652E+01   3.7497208782966590E-01
    5900.0000000000000000   9.5498548211300346E+01   3.7054048581537974E-01
    6000.0000000000000000   9.6891754354250352E+01   3.6476249194960370E-01
    6100.0000000000000000   9.8281070827725415E+01   3.5944497161673022E-01
    6200.0000000000000000   9.9662135318493739E+01   3.5580383823600714E-01
    6300.0000000000000000   1.0104716567667593E+02   3.5053820679080172E-01
    6400.0000000000000000   1.0242793450994652E+02   3.4592708880489809E-01
    6500.0000000000000000   1.0380592581831813E+02   3.4138180644639687E-01
    6600.0000000000000000   1.0518263936865502E+02   3.3681787321121032E-01
    6700.0000000000000000   1.0655538049849855E+02   3.3267301257453369E-01
    6800.0000000000000000   1.0792635690581619E+02   3.2854696145059809E-01
    6900.0000000000000000   1.0929409500971809E+02   3.2478345795587293E-01
    7000.0000000000000000   1.1065947161946522E+02   3.2109491424501985E-01
    7100.0000000000000000   1.1202315557704317E+02   3.1742028596206151E-01
    7200.0000000000000000   1.1338326021314803E+02   3.1415227969202569E-01
    7300.0000000000000000   1.1474119414134378E+02   3.1092762326005385E-01
    7400.0000000000000000   1.1610367413403812E+02   3.0630720818539658E-01
    7500.0000000000000000   1.1745669517462714E+02   3.0338242104317392E-01
    7600.0000000000000000   1.1880900356199315E+02   3.0043293120465503E-01
    7700.0000000000000000   1.2016339765491969E+02   2.9639175267049522E-01
    7800.0000000000000000   1.2151075080990537E+02   2.9366635653009643E-01
    7900.0000000000000000   1.2285638697081340E+02   2.9110045679775487E-01
    8000.0000000000000000   1.2420410366456775E+02   2.8752010191493504E-01
    8100.0000000000000000   1.2554472218323808E+02   2.8513986071813441E-01
    8200.0000000000000000   1.2688970542606387E+02   2.8168249813599089E-01
    8300.0000000000000000   1.2822797981865540E+02   2.7923556677396799E-01
    8400.0000000000000000   1.2956772595003343E+02   2.7599948457746759E-01
    8500.0000000000000000   1.3090557547290848E+02   2.7289801800636909E-01
    8600.0000000000000000   1.3223609776597462E+02   2.7123203455379019E-01
    8700.0000000000000000   1.3357215928025764E+02   2.6811216613557676E-01
    8800.0000000000000000   1.3490559182751460E+02   2.6498879152620552E-01
    8900.0000000000000000   1.3622806340816746E+02   2.6388267235695057E-01
    9000.0000000000000000   1.3755970387221456E+02   2.6059115205139383E-01
    9100.0000000000000000   1.3888574291022698E+02   2.5828318829840308E-01
    9200.0000000000000000   1.4021328690812263E+02   2.5543601248226544E-01
    9300.0000000000000000   1.4153480678613985E+02   2.5354768349583079E-01
    9400.0000000000000000   1.4285247776793759E+02   2.5203319123228429E-01
    9500.0000000000000000   1.4417477018711537E+02   2.4928668190815778E-01
    9600.0000000000000000   1.4549417418298981E+02   2.4691513577096652E-01
    9700.0000000000000000   1.4681098158261057E+02   2.4472667528844538E-01
    9800.0000000000000000   1.4812521579995385E+02   2.4279522192524877E-01
    9900.0000000000000000   1.4943873070955786E+02   2.4076869218154237E-01
   10000.0000000000000000   1.5075125405944104E+02   2.3870809400462806E-01
   11000.0000000000000000   1.6380309580846429E+02   2.1973648976014587E-01
   12000.0000000000000000   1.7672000340813130E+02   2.0463055802957589E-01
   13000.0000000000000000   1.8952298598472007E+02   1.9142912889961056E-01
   14000.0000000000000000   2.0222571662196805E+02   1.7939190257376206E-01
   15000.0000000000000000   2.1482646886573491E+02   1.6933888621467313E-01
   16000.0000000000000000   2.2734541171230339E+02   1.6049445060049894E-01
   17000.0000000000000000   2.3977578489698712E+02   1.5241322812367827E-01
   18000.0000000000000000   2.5213035583518646E+02   1.4596510854971242E-01
   19000.0000000000000000   2.6442561257277885E+02   1.3833418496010283E-01
   20000.0000000000000000   2.7664883191067543E+02   1.3255088178143959E-01
   20005.9989999999997963   2.7672342897152913E+02   1.3235269969084210E-01
   20006.0010000000002037   2.7672345378125328E+02   1.3235264540931865E-01
   21000.0000000000000000   2.8879947837504795E+02   1.2816232030822794E-01
   22000.0000000000000000   3.0090888496638178E+02   1.2200055400280360E-01
   23000.0000000000000000   3.1294194117407307E+02   1.1721862190943845E-01
   24000.0000000000000000   3.2494060908719553E+02   1.1326420641966843E-01
   25000.0000000000000000   3.3687732828856957E+02   1.1018007976769370E-01
   26000.0000000000000000   3.4877337161838778E+02   1.0657846481629356E-01
   27000.0000000000000000   3.6062567866935677E+02   1.0232104433895155E-01
   28000.0000000000000000   3.7240806632954849E+02   9.9650571245026201E-02
   29000.0000000000000000   3.8418016203902380E+02   9.7182851385827301E-02
   30000.0000000000000000   3.9590160967428216E+02   9.3312427052016006E-02
   31000.0000000000000000   4.0760490170917058E+02   9.0815939177215990E-02
   32000.0000000000000000   4.1923310863248525E+02   8.8411579561838302E-02
   33000.0000000000000000   4.3081260451457132E+02   8.7274773803965422E-02
   34000.0000000000000000   4.4238523177791433E+02   8.5085199838093248E-02
   35000.0000000000000000   4.5394793567614306E+02   8.1666310710014942E-02
   36000.0000000000000000   4.6545422157822486E+02   8.0732824719779772E-02
   37000.0000000000000000   4.7695916528926591E+02   7.9169808087727583E-02
   38000.0000000000000000   4.8842794854135650E+02   7.5937707825505435E-02
   39000.0000000000000000   4.9980719179622264E+02   7.4321152113772868E-02
   40000.0000000000000000   5.1125635492304809E+02   7.2494114550795463E-02
   41000.0000000000000000   5.2258329867235705E+02   7.0778545664543044E-02
   42000.0000000000000000   5.3394896133902807E+02   7.0216319901802715E-02
   43000.0000000000000000   5.4521736319737829E+02   6.8110099740106941E-02
   44000.0000000000000000   5.5655769840050891E+02   6.6503773875832228E-02
   45000.0000000000000000   5.6782908104712419E+02   6.5643589523202414E-02
   46000.0000000000000000   5.7902073991106545E+02   6.4290693977098134E-02
   47000.0000000000000000   5.9021085104915574E+02   6.3889964005652222E-02
   48000.0000000000000000   6.0144819919335259E+02   6.2159424287597034E-02
   49000.0000000000000000   6.1262587433151089E+02   6.1659574310256503E-02
   50000.0000000000000000   6.2380805853054562E+02   5.9732261329359590E-02
