       0.1000000000000000   1.0000000000000000E+30   0.0000000000000000E+00
       0.2000000000000000   1.0000000000000000E+30   0.0000000000000000E+00
       0.3000000000000000   1.0000000000000000E+30   0.0000000000000000E+00
       0.4000000000000000   1.0000000000000000E+30   0.0000000000000000E+00
       0.5000000000000000   1.0000000000000000E+30   0.0000000000000000E+00
       0.6000000000000000   1.0000000000000000E+30   0.0000000000000000E+00
       0.7000000000000000   1.0000000000000000E+30   0.0000000000000000E+00
       0.7999999999999999   1.0000000000000000E+30   0.0000000000000000E+00
       0.8999999999999999   1.0000000000000000E+30   0.0000000000000000E+00
       0.9999999999999999   1.0000000000000000E+30   0.0000000000000000E+00
       2.0000000000000000   1.0000000000000000E+30   0.0000000000000000E+00
       3.0000000000000000   1.0000000000000000E+30   0.0000000000000000E+00
       4.0000000000000000   1.0000000000000000E+30   0.0000000000000000E+00
       5.0000000000000000   1.0000000000000000E+30   0.0000000000000000E+00
       6.0000000000000000   1.0000000000000000E+30   0.0000000000000000E+00
       7.0000000000000000   1.0000000000000000E+30   0.0000000000000000E+00
       8.0000000000000000   1.0000000000000000E+30   0.0000000000000000E+00
       9.0000000000000000   1.0000000000000000E+30   0.0000000000000000E+00
      10.0000000000000000   1.0000000000000000E+30   0.0000000000000000E+00
      11.0000000000000000   1.0000000000000000E+30   0.0000000000000000E+00
      12.0000000000000000   1.0000000000000000E+30   0.0000000000000000E+00
      13.0000000000000000   1.0000000000000000E+30   0.0000000000000000E+00
      14.0000000000000000   1.0000000000000000E+30   0.0000000000000000E+00
      15.0000000000000000   1.0000000000000000E+30   0.0000000000000000E+00
      16.0000000000000000   1.0000000000000000E+30   0.0000000000000000E+00
      17.0000000000000000   1.0000000000000000E+30   0.0000000000000000E+00
      18.0000000000000000   1.0000000000000000E+30   0.0000000000000000E+00
      19.0000000000000000   1.0000000000000000E+30   0.0000000000000000E+00
      20.0000000000000000   1.0000000000000000E+30   0.0000000000000000E+00
      21.0000000000000000   1.0000000000000000E+30   0.0000000000000000E+00
      22.0000000000000000   1.0000000000000000E+30   0.0000000000000000E+00
      23.0000000000000000   1.0000000000000000E+30   0.0000000000000000E+00
      24.0000000000000000   1.0000000000000000E+30   0.0000000000000000E+00
      25.0000000000000000   1.0000000000000000E+30   0.0000000000000000E+00
      26.0000000000000000   1.0000000000000000E+30   0.0000000000000000E+00
      27.0000000000000000   1.0000000000000000E+30   0.0000000000000000E+00
      28.0000000000000000   1.0000000000000000E+30   0.0000000000000000E+00
      29.0000000000000000   1.0000000000000000E+30   0.0000000000000000E+00
      30.0000000000000000   1.0000000000000000E+30   0.0000000000000000E+00
      31.0000000000000000   1.0000000000000000E+30   0.0000000000000000E+00
      32.0000000000000000   1.0000000000000000E+30   0.0000000000000000E+00
      33.0000000000000000   1.0000000000000000E+30   0.0000000000000000E+00
      34.0000000000000000   1.0000000000000000E+30   0.0000000000000000E+00
      35.0000000000000000   1.0000000000000000E+30   0.0000000000000000E+00
      36.0000000000000000   1.0000000000000000E+30   0.0000000000000000E+00
      37.0000000000000000   1.0000000000000000E+30   0.0000000000000000E+00
      38.0000000000000000   1.0000000000000000E+30   0.0000000000000000E+00
      39.0000000000000000   1.0000000000000000E+30   0.0000000000000000E+00
      40.0000000000000000   1.0000000000000000E+30   0.0000000000000000E+00
      41.0000000000000000   1.0000000000000000E+30   0.0000000000000000E+00
      41.9990000000000023   1.0000000000000000E+30   0.0000000000000000E+00
      42.0000000000000000   6.1551189063845265E+08   6.8235887297700479E-08
      42.0009999999999977   6.1556171631578147E+08   6.8230364050863289E-08
      43.0000000000000000   3.1475821746890619E+04   1.3417532101415708E-03
      44.0000000000000000   1.1125039203306869E+04   3.8168612114960537E-03
      44.9990000000000023   6.0497429127649630E+03   7.0566238312775465E-03
      45.0000000000000000   6.0470131446971291E+03   7.0598465470718174E-03
      45.0009999999999977   6.0437240211329008E+03   7.0637280102518393E-03
      46.0000000000000000   3.9235881559066197E+03   1.0938365623997900E-02
      47.0000000000000000   2.8061536825998783E+03   1.5374460987867277E-02
      48.0000000000000000   2.1352652246269413E+03   2.0310088459486710E-02
      49.0000000000000000   1.6958641428614485E+03   2.5704332999283323E-02
      50.0000000000000000   1.3900037642743703E+03   3.1520714746843516E-02
      51.0000000000000000   1.1671630243121172E+03   3.7729366274761186E-02
      52.0000000000000000   9.9896189595617489E+02   4.4304179989791484E-02
      53.0000000000000000   8.6832721094401847E+02   5.1224810862518608E-02
      54.0000000000000000   7.6454505736453393E+02   5.8467855860223163E-02
      55.0000000000000000   6.8043801960557619E+02   6.6020159727808142E-02
      56.0000000000000000   6.1120653997404202E+02   7.3860172552938849E-02
      57.0000000000000000   5.5340428675372743E+02   8.1974394388602198E-02
      58.0000000000000000   5.0454988580599110E+02   9.0350155153182329E-02
      59.0000000000000000   4.6282660319363072E+02   9.8973086739088278E-02
      60.0000000000000000   4.2684978173583636E+02   1.0783352165543648E-01
      61.0000000000000000   3.9557234045219582E+02   1.1691958940035019E-01
      62.0000000000000000   3.6817802656178776E+02   1.2622081390065981E-01
      63.0000000000000000   3.4402081482663692E+02   1.3572861688638815E-01
      64.0000000000000000   3.2259206114653000E+02   1.4543241269469784E-01
      65.0000000000000000   3.0347676187817677E+02   1.5532455959784644E-01
      66.0000000000000000   2.8633667660761546E+02   1.6539854978480240E-01
      67.0000000000000000   2.7089983632446877E+02   1.7564466101459952E-01
      67.9989999999999952   2.5695283733229866E+02   1.8604392859454094E-01
      68.0000000000000000   2.5693962155343235E+02   1.8605436325216368E-01
      68.0010000000000048   2.5692640703991691E+02   1.8606479806766821E-01
      69.0000000000000000   2.4426021325080487E+02   1.9662431230765162E-01
      70.0000000000000000   2.3270645040918293E+02   2.0734466238092111E-01
      71.0000000000000000   2.2214145277960696E+02   2.1821031203958230E-01
      72.0000000000000000   2.1245142737148299E+02   2.2921384900593209E-01
      73.0000000000000000   2.0353779336636933E+02   2.4034934156841675E-01
      74.0000000000000000   1.9531604329060212E+02   2.5161103392791095E-01
      75.0000000000000000   1.8771391919650645E+02   2.6299190047334503E-01
      76.0000000000000000   1.8066750947344988E+02   2.7448705110820559E-01
      77.0000000000000000   1.7412257284435381E+02   2.8608918559066643E-01
      78.0000000000000000   1.6803005771446178E+02   2.9779374220132260E-01
      79.0000000000000000   1.6234785102269620E+02   3.0959454903348443E-01
      80.0000000000000000   1.5703881277405250E+02   3.2148544485049146E-01
      81.0000000000000000   1.5206980993537593E+02   3.3346073790218783E-01
      82.0000000000000000   1.4741135003827773E+02   3.4551506204471116E-01
      83.0000000000000000   1.4303747094542561E+02   3.5764214336751021E-01
      84.0000000000000000   1.3892470741346972E+02   3.6983692426103731E-01
      85.0000000000000000   1.3505240377551283E+02   3.8209258505635391E-01
      86.0000000000000000   1.3140145649385965E+02   3.9440482993084169E-01
      87.0000000000000000   1.2795536596962573E+02   4.0676630593143032E-01
      88.0000000000000000   1.2469866955224981E+02   4.1917209344802814E-01
      89.0000000000000000   1.2161755671596947E+02   4.3161647249594332E-01
      90.0000000000000000   1.1869955414918520E+02   4.4409366431456276E-01
      91.0000000000000000   1.1593335327499069E+02   4.5659757268875856E-01
      92.0000000000000000   1.1330847748225682E+02   4.6912300533891488E-01
      93.0000000000000000   1.1081545019960454E+02   4.8166450324904558E-01
      94.0000000000000000   1.0844582217051116E+02   4.9421550090477800E-01
      95.0000000000000000   1.0619158817403672E+02   5.0677073250964899E-01
      96.0000000000000000   1.0404535463042158E+02   5.1932536427009546E-01
      97.0000000000000000   1.0200062732175768E+02   5.3187288266952759E-01
      98.0000000000000000   1.0005116310061548E+02   5.4440839273346009E-01
      99.0000000000000000   9.8191301428909199E+01   5.5692632149534327E-01
     100.0000000000000000   9.6415771807668378E+01   5.6942165685025614E-01
     103.9989999999999952   9.0066841342522579E+01   6.1905983131948072E-01
     104.0010000000000048   9.0063941641070684E+01   6.1908447519072018E-01
     110.0000000000000000   8.2386313487645509E+01   6.9202953122695132E-01
     120.0000000000000000   7.3104045573854549E+01   8.0740546128437696E-01
     130.0000000000000000   6.6761055206967612E+01   9.1248763959265711E-01
     140.0000000000000000   6.2334195240471267E+01   1.0057287751783450E+00
     150.0000000000000000   5.9206244522697475E+01   1.0868004009153960E+00
     153.9989999999999952   5.8226436358394643E+01   1.1159040379892267E+00
     154.0010000000000048   5.8225979333872417E+01   1.1159181303894583E+00
     160.0000000000000000   5.6987336519433377E+01   1.1561827807402194E+00
     167.9989999999999952   5.5692251603374061E+01   1.2038836791556007E+00
     168.0010000000000048   5.5691971856159242E+01   1.2038947895660277E+00
     169.9989999999999952   5.5422336479750413E+01   1.2148006804012963E+00
     170.0000000000000000   5.5422206434894115E+01   1.2148060405868100E+00
     170.0010000000000048   5.5422076394809871E+01   1.2148114006759487E+00
     180.0000000000000000   5.4338715564742614E+01   1.2637914821067637E+00
     190.0000000000000000   5.3617592442782154E+01   1.3042969966895177E+00
     200.0000000000000000   5.3174303261823290E+01   1.3374254881784713E+00
     210.0000000000000000   5.2947629013656815E+01   1.3641835198817414E+00
     220.0000000000000000   5.2892362187003584E+01   1.3854664442145272E+00
     230.0000000000000000   5.2974541648806984E+01   1.4020573273681682E+00
     231.9989999999999952   5.3005060675521548E+01   1.4048724395982999E+00
     232.0010000000000048   5.3005093385940626E+01   1.4048751771771566E+00
     233.9989999999999952   5.3039859516621604E+01   1.4075337526555771E+00
     234.0010000000000048   5.3039896408163074E+01   1.4075363373654604E+00
     236.9989999999999952   5.3099694751112928E+01   1.4112449325842480E+00
     237.0010000000000048   5.3099737516738877E+01   1.4112472987364251E+00
     240.0000000000000000   5.3168249758960911E+01   1.4146340869304164E+00
     250.0000000000000000   5.3453412817487035E+01   1.4237803082003517E+00
     260.0000000000000000   5.3814283218561798E+01   1.4299963690109139E+00
     270.0000000000000000   5.4238359321299335E+01   1.4337104074099061E+00
     280.0000000000000000   5.4715605561769543E+01   1.4352886764486272E+00
     290.0000000000000000   5.5237888446442824E+01   1.4350443305800658E+00
     300.0000000000000000   5.5798554923807785E+01   1.4332453487640180E+00
     310.0000000000000000   5.6392113799788419E+01   1.4301213971005906E+00
     320.0000000000000000   5.7014005330441627E+01   1.4258692301103015E+00
     330.0000000000000000   5.7660408716883097E+01   1.4206579744383030E+00
     340.0000000000000000   5.8328107219761939E+01   1.4146329214477860E+00
     350.0000000000000000   5.9014372011723346E+01   1.4079192611137918E+00
     360.0000000000000000   5.9716877011526840E+01   1.4006249199123577E+00
     370.0000000000000000   6.0433630431873851E+01   1.3928430354877575E+00
     380.0000000000000000   6.1162916528370950E+01   1.3846541005653874E+00
     390.0000000000000000   6.1903249491786767E+01   1.3761278729392981E+00
     398.9990000000000236   6.2577850964104172E+01   1.3682167736356605E+00
     399.0009999999999764   6.2578001708684425E+01   1.3682149933861429E+00
     400.0000000000000000   6.2653341615639732E+01   1.3673246387065323E+00
     410.0000000000000000   6.3412067715002351E+01   1.3582967572191655E+00
     415.9990000000000236   6.3870957012699364E+01   1.3527922383700275E+00
     416.0009999999999764   6.3871110439372551E+01   1.3527903934408640E+00
     420.0000000000000000   6.4178444456733232E+01   1.3490895957520299E+00
     430.0000000000000000   6.4951607500891981E+01   1.3397425526564963E+00
     440.0000000000000000   6.5730796121796288E+01   1.3302898134930659E+00
     450.0000000000000000   6.6515336268852835E+01   1.3207611378749973E+00
     460.0000000000000000   6.7304632433195792E+01   1.3111822794445391E+00
     470.0000000000000000   6.8098154913134522E+01   1.3015756319054157E+00
     480.0000000000000000   6.8895431442191722E+01   1.2919606453391486E+00
     490.0000000000000000   6.9696040213397566E+01   1.2823541716417461E+00
     500.0000000000000000   7.0499604684802932E+01   1.2727707787133020E+00
     510.0000000000000000   7.1305786100238919E+01   1.2632231007115413E+00
     510.9989999999999668   7.1386455520774817E+01   1.2622716784495649E+00
     511.0009999999999195   7.1386617044416113E+01   1.2622697741636559E+00
     520.0000000000000000   7.2114280702361242E+01   1.2537220165143335E+00
     530.0000000000000000   7.2924815391374182E+01   1.2442768821643135E+00
     540.0000000000000000   7.3737142757682108E+01   1.2348957646712702E+00
     550.0000000000000000   7.4551040180112906E+01   1.2255855407822329E+00
     560.0000000000000000   7.5366305932915608E+01   1.2163520606699050E+00
     570.0000000000000000   7.6182758031342075E+01   1.2072002634347656E+00
     580.0000000000000000   7.7000230012853052E+01   1.1981343413443328E+00
     590.0000000000000000   7.7761344427679518E+01   1.1923914614967661E+00
     600.0000000000000000   7.8626465210269615E+01   1.1814063593006754E+00
     610.0000000000000000   7.9411772313187953E+01   1.1746862544677070E+00
     620.0000000000000000   8.0272987188301485E+01   1.1641673036995508E+00
     630.0000000000000000   8.1056453032573259E+01   1.1577494675989142E+00
     640.0000000000000000   8.1913887597426125E+01   1.1476655571394976E+00
     650.0000000000000000   8.2695589215421364E+01   1.1415291824022349E+00
     660.0000000000000000   8.3549369629451448E+01   1.1318518723611830E+00
     670.0000000000000000   8.4329384123593783E+01   1.1259779807615455E+00
     680.0000000000000000   8.5179634710106214E+01   1.1166812650507401E+00
     690.0000000000000000   8.5958037559834310E+01   1.1110525452121418E+00
     700.0000000000000000   8.6804880303391201E+01   1.1021125951289972E+00
     710.0000000000000000   8.7649862842310355E+01   1.0933685043189110E+00
     720.0000000000000000   8.8425298018999456E+01   1.0881081856099548E+00
     730.0000000000000000   8.9267051789849702E+01   1.0796873304667012E+00
     740.0000000000000000   9.0107035111283935E+01   1.0714445551723673E+00
     750.0000000000000000   9.0945276619959216E+01   1.0633740156926512E+00
     760.0000000000000000   9.1716635271356267E+01   1.0585677525841926E+00
     770.0000000000000000   9.2551875274363084E+01   1.0507812121961229E+00
     780.0000000000000000   9.3385457758226607E+01   1.0431519291621145E+00
     790.0000000000000000   9.4217409228991599E+01   1.0356749706589587E+00
     800.0000000000000000   9.4985064531087900E+01   1.0312657810937513E+00
     810.0000000000000000   9.5814224787009366E+01   1.0240397429069736E+00
     820.0000000000000000   9.6641832265586942E+01   1.0169533252214586E+00
     830.0000000000000000   9.7467911861347531E+01   1.0100023210739399E+00
     840.0000000000000000   9.8292488098745451E+01   1.0031826867424523E+00
     850.0000000000000000   9.9115584946477071E+01   9.9649054374576407E-01
     860.0000000000000000   9.9877705577190653E+01   9.9261070953703423E-01
     870.0000000000000000   1.0069829746174533E+02   9.8612813265139021E-01
     880.0000000000000000   1.0151747906230091E+02   9.7976305566658850E-01
     890.0000000000000000   1.0233527252120527E+02   9.7351214485840887E-01
     900.0000000000000000   1.0315169938007428E+02   9.6737219778026051E-01
     910.0000000000000000   1.0396678096906221E+02   9.6134012377361444E-01
     920.0000000000000000   1.0478053817402908E+02   9.5541294921114439E-01
     930.0000000000000000   1.0559299129338154E+02   9.4958781533408831E-01
     940.0000000000000000   1.0640416056779272E+02   9.4386195735895340E-01
     950.0000000000000000   1.0721406537908973E+02   9.3823272577182837E-01
     960.0000000000000000   1.0802272485327006E+02   9.3269755973871993E-01
     970.0000000000000000   1.0883015804851337E+02   9.2725398136208215E-01
     980.0000000000000000   1.0963638327163046E+02   9.2189961080507832E-01
     990.0000000000000000   1.1044141854453260E+02   9.1663214946563765E-01
    1000.0000000000000000   1.1124528143313017E+02   9.1144938159537958E-01
    1100.0000000000000000   1.1927362801177419E+02   8.6180666378330306E-01
    1200.0000000000000000   1.2719528527821710E+02   8.1905609941267621E-01
    1300.0000000000000000   1.3511461404356683E+02   7.7841753458367646E-01
    1400.0000000000000000   1.4289773339484694E+02   7.4432829587023341E-01
    1500.0000000000000000   1.5068658113078254E+02   7.1121362509863428E-01
    1600.0000000000000000   1.5835629792702611E+02   6.8305829656675854E-01
    1700.0000000000000000   1.6599737387959868E+02   6.5650293691981476E-01
    1800.0000000000000000   1.7361182113368625E+02   6.3134565935506082E-01
    1843.9990000000000236   1.7691141273997630E+02   6.2196354924065844E-01
    1844.0009999999999764   1.7691156767972180E+02   6.2196297423339075E-01
    1900.0000000000000000   1.8112613571348368E+02   6.0965106031182070E-01
    2000.0000000000000000   1.8862126676990050E+02   5.8880123770255555E-01
    2100.0000000000000000   1.9609851073103198E+02   5.6871062430207764E-01
    2200.0000000000000000   2.0348850684776016E+02   5.5121327450458490E-01
    2300.0000000000000000   2.1086586260753245E+02   5.3415744555644074E-01
    2400.0000000000000000   2.1816346401225621E+02   5.1924831248609504E-01
    2475.9989999999997963   2.2370809808467897E+02   5.0796027921518205E-01
    2476.0010000000002037   2.2370824630990597E+02   5.0795992394023115E-01
    2500.0000000000000000   2.2545235944722609E+02   5.0456726476892388E-01
    2526.9989999999997963   2.2741582426227276E+02   5.0071662146236784E-01
    2527.0010000000002037   2.2741597204593151E+02   5.0071627802428642E-01
    2600.0000000000000000   2.3270035613219477E+02   4.9090237950406779E-01
    2631.9989999999997963   2.3502042926340542E+02   4.8650635422790117E-01
    2632.0010000000002037   2.3502057617402073E+02   4.8650603330876757E-01
    2700.0000000000000000   2.3994170012083237E+02   4.7738205292847491E-01
    2800.0000000000000000   2.4711347992872936E+02   4.6547815343783955E-01
    2871.9989999999997963   2.5228294457085872E+02   4.5673621886726579E-01
    2872.0010000000002037   2.5228308966941631E+02   4.5673594156596908E-01
    2900.0000000000000000   2.5428148284265347E+02   4.5360148659369964E-01
    3000.0000000000000000   2.6138418492110821E+02   4.4313358443367246E-01
    3100.0000000000000000   2.6848534974249316E+02   4.3260990840359881E-01
    3200.0000000000000000   2.7555507806678798E+02   4.2268574758723848E-01
    3300.0000000000000000   2.8259464630160022E+02   4.1331035477711342E-01
    3400.0000000000000000   2.8960528110347855E+02   4.0443790150518005E-01
    3500.0000000000000000   2.9658812284148900E+02   3.9602766494835490E-01
    3600.0000000000000000   3.0354422429658092E+02   3.8804351649747115E-01
    3700.0000000000000000   3.1047454401524175E+02   3.8045359325860140E-01
    3800.0000000000000000   3.1740790204554878E+02   3.7269503938815340E-01
    3900.0000000000000000   3.2428911130008220E+02   3.6582089702415560E-01
    4000.0000000000000000   3.3117448348409266E+02   3.5875609271108794E-01
    4100.0000000000000000   3.3800970896280609E+02   3.5250199605652055E-01
    4200.0000000000000000   3.4485014999759539E+02   3.4603894870067770E-01
    4300.0000000000000000   3.5166928437526229E+02   3.3984993407689718E-01
    4400.0000000000000000   3.5844053821822826E+02   3.3438644325907352E-01
    4500.0000000000000000   3.6521858922391584E+02   3.2869166244648168E-01
    4600.0000000000000000   3.7197703804052577E+02   3.2322441713893879E-01
    4700.0000000000000000   3.7871632373461040E+02   3.1797274094722583E-01
    4800.0000000000000000   3.8543694715913051E+02   3.1292425269113849E-01
    4900.0000000000000000   3.9213941738199651E+02   3.0806700867710335E-01
    5000.0000000000000000   3.9882424685583533E+02   3.0338957443188830E-01
    5100.0000000000000000   4.0549192245629422E+02   2.9888143780604104E-01
    5200.0000000000000000   4.1214289344654361E+02   2.9453311959763973E-01
    5300.0000000000000000   4.1877757164242871E+02   2.9033610117974484E-01
    5400.0000000000000000   4.2539631563115859E+02   2.8628299444344130E-01
    5500.0000000000000000   4.3199944038488348E+02   2.8236733958931493E-01
    5600.0000000000000000   4.3858731197517261E+02   2.7858221716604253E-01
    5700.0000000000000000   4.4516030314583111E+02   2.7492082495893228E-01
    5800.0000000000000000   4.5174303339639931E+02   2.7102872114635845E-01
    5900.0000000000000000   4.5828764002438658E+02   2.6759473502875997E-01
    6000.0000000000000000   4.6481788090772613E+02   2.6427369473352830E-01
    6100.0000000000000000   4.7135803462743979E+02   2.6072857530983728E-01
    6200.0000000000000000   4.7786198611556841E+02   2.5759981020624623E-01
    6300.0000000000000000   4.8435212963063947E+02   2.5457387669895759E-01
    6400.0000000000000000   4.9085282953490184E+02   2.5132318252637359E-01
    6500.0000000000000000   4.9731816616864143E+02   2.4846562840546998E-01
    6600.0000000000000000   5.0379333934606046E+02   2.4539879069004661E-01
    6700.0000000000000000   5.1023461360072366E+02   2.4269807928546724E-01
    6800.0000000000000000   5.1668543229850366E+02   2.3979712722437532E-01
    6900.0000000000000000   5.2310327510174363E+02   2.3724378822472866E-01
    7000.0000000000000000   5.2953079578886491E+02   2.3449330809540953E-01
    7100.0000000000000000   5.3594793835104588E+02   2.3180349619935925E-01
    7200.0000000000000000   5.4233135517574715E+02   2.2946083080522542E-01
    7300.0000000000000000   5.4872593463648241E+02   2.2691057533251924E-01
    7400.0000000000000000   5.5508881115919826E+02   2.2467773335333691E-01
    7500.0000000000000000   5.6146135507877659E+02   2.2225932886582622E-01
    7600.0000000000000000   5.6782460156152104E+02   2.1988744228413298E-01
    7700.0000000000000000   5.7415660602332673E+02   2.1782036889318032E-01
    7800.0000000000000000   5.8049843840742938E+02   2.1557218592375232E-01
    7900.0000000000000000   5.8683144699813977E+02   2.1336490915759879E-01
    8000.0000000000000000   5.9315532435015064E+02   2.1120288888827268E-01
    8100.0000000000000000   5.9944733445549105E+02   2.0934223553369979E-01
    8200.0000000000000000   6.0575103436849190E+02   2.0728880557937041E-01
    8300.0000000000000000   6.1204598529741520E+02   2.0527477911234376E-01
    8400.0000000000000000   6.1833236136285257E+02   2.0330010361224901E-01
    8500.0000000000000000   6.2460935958373682E+02   2.0137246046281262E-01
    8600.0000000000000000   6.3085548745492451E+02   1.9972502380834492E-01
    8700.0000000000000000   6.3711449854307261E+02   1.9788209330384887E-01
    8800.0000000000000000   6.4336498136864202E+02   1.9607633304813896E-01
    8900.0000000000000000   6.4960706458470224E+02   1.9430754629421657E-01
    9000.0000000000000000   6.5584133665361412E+02   1.9257043520836123E-01
    9100.0000000000000000   6.6206705395553354E+02   1.9087166086631305E-01
    9200.0000000000000000   6.6828395352323162E+02   1.8921361159423575E-01
    9300.0000000000000000   6.7449289054937708E+02   1.8758828631908536E-01
    9400.0000000000000000   6.8067308447496691E+02   1.8620788409000860E-01
    9500.0000000000000000   6.8686644287549484E+02   1.8464358083459784E-01
    9600.0000000000000000   6.9305218946316768E+02   1.8310851672271589E-01
    9700.0000000000000000   6.9923027186440049E+02   1.8160321598442691E-01
    9800.0000000000000000   7.0540075809546056E+02   1.8012718000661063E-01
    9900.0000000000000000   7.1156377219848457E+02   1.7867940841805566E-01
   10000.0000000000000000   7.1771944240182609E+02   1.7725884411043866E-01
   11000.0000000000000000   7.7891148492154446E+02   1.6420895455029774E-01
   12000.0000000000000000   8.3945920638359746E+02   1.5320105735515985E-01
   13000.0000000000000000   8.9944177412044473E+02   1.4367152432253055E-01
   14000.0000000000000000   9.5892021804874105E+02   1.3526819445166660E-01
   15000.0000000000000000   1.0179185026320328E+03   1.2792639522418545E-01
   16000.0000000000000000   1.0764710441623870E+03   1.2148528123879844E-01
   17000.0000000000000000   1.1346340637505082E+03   1.1564554583391704E-01
   18000.0000000000000000   1.1924314416418761E+03   1.1034956288084889E-01
   19000.0000000000000000   1.2498879102805536E+03   1.0550408467811767E-01
   20000.0000000000000000   1.3069934198651413E+03   1.0122508830360560E-01
   20005.9989999999997963   1.3073336186178876E+03   1.0120833675544369E-01
   20006.0010000000002037   1.3073337323380558E+03   1.0120832961671293E-01
   21000.0000000000000000   1.3638144729074575E+03   9.7204899675678511E-02
   22000.0000000000000000   1.4203211130094653E+03   9.3641168214239873E-02
   23000.0000000000000000   1.4765777333730587E+03   9.0237198229213292E-02
   24000.0000000000000000   1.5325861179610204E+03   8.7042562258836678E-02
   25000.0000000000000000   1.5882963306934914E+03   8.4312185539354906E-02
   26000.0000000000000000   1.6438279343612739E+03   8.1522311365297528E-02
   27000.0000000000000000   1.6991274577476668E+03   7.8966068658110261E-02
   28000.0000000000000000   1.7541925266405481E+03   7.6647435303216369E-02
   29000.0000000000000000   1.8090516199571050E+03   7.4480915107856593E-02
   30000.0000000000000000   1.8637500697331593E+03   7.2316285231816296E-02
   31000.0000000000000000   1.9182238778340786E+03   7.0408854964039785E-02
   32000.0000000000000000   1.9725399280066172E+03   6.8524622638221122E-02
   33000.0000000000000000   2.0266305684416125E+03   6.6920095669240814E-02
   34000.0000000000000000   2.0805891660843463E+03   6.5282389764624776E-02
   35000.0000000000000000   2.1344231301139575E+03   6.3606327633177348E-02
   36000.0000000000000000   2.1880683625729589E+03   6.2120825533935393E-02
   37000.0000000000000000   2.2415156942570534E+03   6.0850528856541040E-02
   38000.0000000000000000   2.2948966747520954E+03   5.9394434136719632E-02
   39000.0000000000000000   2.3481211044998572E+03   5.8053177698431796E-02
   40000.0000000000000000   2.4011949367329298E+03   5.6796485917696447E-02
   41000.0000000000000000   2.4541265785545129E+03   5.5638735320779426E-02
   42000.0000000000000000   2.5069119183210341E+03   5.4570897005241710E-02
   43000.0000000000000000   2.5595843985745714E+03   5.3511537117908216E-02
   44000.0000000000000000   2.6120954812631335E+03   5.2599507967201135E-02
   45000.0000000000000000   2.6645674628036300E+03   5.1526642713487968E-02
   46000.0000000000000000   2.7168795986988662E+03   5.0597333834614178E-02
   47000.0000000000000000   2.7690860045494569E+03   4.9675730085927960E-02
   48000.0000000000000000   2.8211976283959748E+03   4.8767688372490160E-02
   49000.0000000000000000   2.8731995245687381E+03   4.7892684667543275E-02
   50000.0000000000000000   2.9250952594172468E+03   4.7055056382578599E-02
