       0.1000000000000000   1.0065821189778467E+02   2.9037384770542389E-04
       0.2000000000000000   8.7498275586905947E+01   5.7771075046162887E-04
       0.3000000000000000   8.2496631778567490E+01   8.7355701153407162E-04
       0.4000000000000000   8.0018395899608336E+01   1.1663434327299185E-03
       0.5000000000000000   7.8313112127050360E+01   1.4657916968395743E-03
       0.6000000000000000   7.6984956387973980E+01   1.7723850146593606E-03
       0.7000000000000000   7.5877097350607798E+01   2.0866195158367618E-03
       0.7999999999999999   7.4904643396752462E+01   2.4088429754109378E-03
       0.8999999999999999   7.4029157245149321E+01   2.7385721289214160E-03
       0.9999999999999999   7.3212642204975396E+01   3.0769708889976282E-03
       2.0000000000000000   6.6471880991892903E+01   6.9439576161388766E-03
       3.0000000000000000   6.0770780224562671E+01   1.1759721144538944E-02
       4.0000000000000000   5.5775206749796041E+01   1.7565677347337067E-02
       5.0000000000000000   5.1432338627125930E+01   2.4357075912039877E-02
       6.0000000000000000   4.7675397273752935E+01   3.2106740184110021E-02
       7.0000000000000000   4.4425750555792376E+01   4.0776448349476427E-02
       8.0000000000000000   4.1602702329332089E+01   5.0330474206925387E-02
       9.0000000000000000   3.9134130435470979E+01   6.0739724035417893E-02
      10.0000000000000000   3.6958558877199621E+01   7.1984570583333934E-02
      11.0000000000000000   3.5025772782017647E+01   8.4054035292662616E-02
      12.0000000000000000   3.3294987448021942E+01   9.6945075062523964E-02
      13.0000000000000000   3.1733378007429334E+01   1.1066251863682314E-01
      14.0000000000000000   3.0314101906876321E+01   1.2521927923818921E-01
      15.0000000000000000   2.9015443938959603E+01   1.4063523212132087E-01
      16.0000000000000000   2.7819771172632137E+01   1.5693625550649443E-01
      17.0000000000000000   2.6712468973785079E+01   1.7415553814120324E-01
      18.0000000000000000   2.5681524128790759E+01   1.9233245172256222E-01
      19.0000000000000000   2.4716902614401452E+01   2.1151311066053113E-01
      20.0000000000000000   2.3810183068545388E+01   2.3175088554759951E-01
      21.0000000000000000   2.2954252525143655E+01   2.5310659135336322E-01
      22.0000000000000000   2.2143101852760655E+01   2.7564854634282082E-01
      23.0000000000000000   2.1371592738871723E+01   2.9945353487595400E-01
      24.0000000000000000   2.0635303918894660E+01   3.2460780286620455E-01
      25.0000000000000000   1.9930436301616137E+01   3.5120731948752754E-01
      26.0000000000000000   1.9253704417913774E+01   3.7935885418641746E-01
      27.0000000000000000   1.8602260029853174E+01   4.0918093677930545E-01
      28.0000000000000000   1.7973632227040930E+01   4.4080485757682503E-01
      29.0000000000000000   1.7365671689272776E+01   4.7437586342037236E-01
      30.0000000000000000   1.6776517685615371E+01   5.1005418785583045E-01
      31.0000000000000000   1.6204561195130960E+01   5.4801622203213496E-01
      32.0000000000000000   1.5648427782292943E+01   5.8845531418874342E-01
      33.0000000000000000   1.5106952862425382E+01   6.3158266531084473E-01
      34.0000000000000000   1.4579174853794900E+01   6.7762745539221036E-01
      35.0000000000000000   1.4064326588570326E+01   7.2683643637443651E-01
      36.0000000000000000   1.3561833306455357E+01   7.7947244524817361E-01
      37.0000000000000000   1.3071313881803496E+01   8.3581142789178586E-01
      38.0000000000000000   1.2592585044182353E+01   8.9613741809657022E-01
      39.0000000000000000   1.2125666732676827E+01   9.6073484180236846E-01
      40.0000000000000000   1.1670787593151843E+01   1.0298774719821444E+00
      41.0000000000000000   1.1228385984273825E+01   1.1038135574206249E+00
      41.9990000000000023   1.0799527428097404E+01   1.1826653622356635E+00
      42.0000000000000000   1.0799104963128377E+01   1.1827468439144793E+00
      42.0009999999999977   1.0798682512097793E+01   1.1828283307348044E+00
      43.0000000000000000   1.0383775559880982E+01   1.2668139737313517E+00
      44.0000000000000000   9.9833847719735296E+00   1.3560595763725536E+00
      44.9990000000000023   9.5994004773611916E+00   1.4503148671424777E+00
      45.0000000000000000   9.5990245007661681E+00   1.4504117125946547E+00
      45.0009999999999977   9.5986485413334783E+00   1.4505085629567831E+00
      46.0000000000000000   9.2318226468884870E+00   1.5496611800357813E+00
      47.0000000000000000   8.8828590609024509E+00   1.6534490506132040E+00
      48.0000000000000000   8.5530756575168052E+00   1.7612662024638224E+00
      49.0000000000000000   8.2431926982183921E+00   1.8724669795322573E+00
      50.0000000000000000   7.9536440273663107E+00   1.9862964386534037E+00
      51.0000000000000000   7.6845409037939953E+00   2.1019278297049877E+00
      52.0000000000000000   7.4356683557113206E+00   2.2185049542827824E+00
      53.0000000000000000   7.2065111914853635E+00   2.3351835538756207E+00
      54.0000000000000000   6.9963019746147408E+00   2.4511668443561447E+00
      55.0000000000000000   6.8040809118615151E+00   2.5657322154333642E+00
      56.0000000000000000   6.6287582718879277E+00   2.6782481633024440E+00
      57.0000000000000000   6.4691722153266316E+00   2.7881820317360333E+00
      58.0000000000000000   6.3241372021780506E+00   2.8951006921314995E+00
      59.0000000000000000   6.1924822671665876E+00   2.9986655695117093E+00
      60.0000000000000000   6.0730787789240877E+00   3.0986242478135004E+00
      61.0000000000000000   5.9648583970959947E+00   3.1948006601611341E+00
      62.0000000000000000   5.8668241703254127E+00   3.2870842753866523E+00
      63.0000000000000000   5.7780555648995575E+00   3.3754197242323105E+00
      64.0000000000000000   5.6977094008143192E+00   3.4597971150978344E+00
      65.0000000000000000   5.6250179622410821E+00   3.5402433451505528E+00
      66.0000000000000000   5.5592852905466303E+00   3.6168145071778035E+00
      67.0000000000000000   5.4998824267886839E+00   3.6895893866202725E+00
      67.9989999999999952   5.4462930826794196E+00   3.7585967195594456E+00
      68.0000000000000000   5.4462421463433079E+00   3.7586639811704283E+00
      68.0010000000000048   5.4461912152546059E+00   3.7587312391890557E+00
      69.0000000000000000   5.3978535557987390E+00   3.8241469432905597E+00
      70.0000000000000000   5.3542567987988887E+00   3.8861558332990880E+00
      71.0000000000000000   5.3150380171745262E+00   3.9448140712047381E+00
      72.0000000000000000   5.2798246582876951E+00   4.0002484810395940E+00
      73.0000000000000000   5.2482811637809821E+00   4.0525873327605453E+00
      74.0000000000000000   5.2201050523254269E+00   4.1019587976529825E+00
      75.0000000000000000   5.1950233756422008E+00   4.1484897555482299E+00
      76.0000000000000000   5.1727895990524404E+00   4.1923048283517446E+00
      77.0000000000000000   5.1531807008011610E+00   4.2335257486652953E+00
      78.0000000000000000   5.1359947024045010E+00   4.2722708054263281E+00
      79.0000000000000000   5.1210484180892788E+00   4.3086544925107217E+00
      80.0000000000000000   5.1081754681538669E+00   4.3427872657898785E+00
      81.0000000000000000   5.0972245166887893E+00   4.3747753952369797E+00
      82.0000000000000000   5.0880577091327215E+00   4.4047208922231151E+00
      83.0000000000000000   5.0805492863764874E+00   4.4327214957649099E+00
      84.0000000000000000   5.0745843543749283E+00   4.4588707046329246E+00
      85.0000000000000000   5.0700577930053230E+00   4.4832578445191853E+00
      86.0000000000000000   5.0668732857411367E+00   4.5059681617158365E+00
      87.0000000000000000   5.0649424551382287E+00   4.5270829379409241E+00
      88.0000000000000000   5.0641841022229919E+00   4.5466796109113758E+00
      89.0000000000000000   5.0645235104121307E+00   4.5648319208290156E+00
      90.0000000000000000   5.0658918419138592E+00   4.5816100462854168E+00
      91.0000000000000000   5.0682255901586224E+00   4.5970807515533769E+00
      92.0000000000000000   5.0714660912143295E+00   4.6113075331296498E+00
      93.0000000000000000   5.0755590861682442E+00   4.6243507654701155E+00
      94.0000000000000000   5.0804543285477921E+00   4.6362678446022469E+00
      95.0000000000000000   5.0861052316585633E+00   4.6471133286188397E+00
      96.0000000000000000   5.0924685513652053E+00   4.6569390743155390E+00
      97.0000000000000000   5.0995041003572537E+00   4.6657943694417332E+00
      98.0000000000000000   5.1071744902621905E+00   4.6737260602136743E+00
      99.0000000000000000   5.1154448995726352E+00   4.6807786737805550E+00
     100.0000000000000000   5.1242828620672398E+00   4.6869945357105980E+00
     103.9989999999999952   5.1647221431227957E+00   4.7042631450382304E+00
     104.0010000000000048   5.1647442337317804E+00   4.7042689837474665E+00
     110.0000000000000000   5.2380858413918281E+00   4.7110789252826448E+00
     120.0000000000000000   5.3848681231006514E+00   4.6854020427683070E+00
     130.0000000000000000   5.5524150388159352E+00   4.6292785454112417E+00
     140.0000000000000000   5.7335775634661976E+00   4.5547606513356973E+00
     150.0000000000000000   5.9160591164197909E+00   4.4898997935650957E+00
     153.9989999999999952   5.9995412044330392E+00   4.4437929666141809E+00
     154.0010000000000048   5.9995911295190298E+00   4.4437527662787204E+00
     160.0000000000000000   6.1170359756581973E+00   4.3933606808185957E+00
     167.9989999999999952   6.2770226335617059E+00   4.3225374699014614E+00
     168.0010000000000048   6.2770718249737305E+00   4.3225006476338219E+00
     169.9989999999999952   6.3189217277321879E+00   4.3013922707463195E+00
     170.0000000000000000   6.3189462776395855E+00   4.3013741061101687E+00
     170.0010000000000048   6.3189708260621344E+00   4.3013559438215943E+00
     180.0000000000000000   6.5214570037586013E+00   4.2138678713931252E+00
     190.0000000000000000   6.7306448761903344E+00   4.1174051656183188E+00
     200.0000000000000000   6.9392881114214466E+00   4.0267436837195332E+00
     210.0000000000000000   7.1473439329098003E+00   3.9413938514265485E+00
     220.0000000000000000   7.3547897107313336E+00   3.8609098902978287E+00
     230.0000000000000000   7.5616161968059803E+00   3.7848885882666377E+00
     231.9989999999999952   7.6080476284546643E+00   3.7598331209899771E+00
     232.0010000000000048   7.6080940557343535E+00   3.7598082319497146E+00
     233.9989999999999952   7.6492623650234126E+00   3.7454047004738946E+00
     234.0010000000000048   7.6493087167255753E+00   3.7453800809453606E+00
     236.9989999999999952   7.7085120782284955E+00   3.7291033473147017E+00
     237.0010000000000048   7.7085583066002092E+00   3.7290790845922657E+00
     240.0000000000000000   7.7727851745518803E+00   3.7030353846221651E+00
     250.0000000000000000   7.9829288494149377E+00   3.6259294308958769E+00
     260.0000000000000000   8.1920868238391122E+00   3.5531533209927821E+00
     270.0000000000000000   8.4002983628758940E+00   3.4843371996208421E+00
     280.0000000000000000   8.6119708443130225E+00   3.4108838545466837E+00
     290.0000000000000000   8.8182527470765457E+00   3.3493820106099412E+00
     300.0000000000000000   9.0278325636854220E+00   3.2833098294858116E+00
     310.0000000000000000   9.2323456775112209E+00   3.2279771283318017E+00
     320.0000000000000000   9.4399990407756764E+00   3.1681734698228130E+00
     330.0000000000000000   9.6467036877871148E+00   3.1112796934487879E+00
     340.0000000000000000   9.8524966963268792E+00   3.0570792242116882E+00
     350.0000000000000000   1.0057413186750278E+01   3.0053767752350558E+00
     360.0000000000000000   1.0261486400113318E+01   2.9559957949761086E+00
     370.0000000000000000   1.0468282779735132E+01   2.9027948309480180E+00
     380.0000000000000000   1.0670683293934148E+01   2.8577739930654542E+00
     390.0000000000000000   1.0872331236675036E+01   2.8146270948778032E+00
     398.9990000000000236   1.1055513872924442E+01   2.7734622201159955E+00
     399.0009999999999764   1.1055556005728626E+01   2.7734508047064215E+00
     400.0000000000000000   1.1076597353252595E+01   2.7677614665925026E+00
     410.0000000000000000   1.1276743217670880E+01   2.7281676744436982E+00
     415.9990000000000236   1.1399091637705233E+01   2.7009716143842311E+00
     416.0009999999999764   1.1399133471751291E+01   2.7009609131175720E+00
     420.0000000000000000   1.1479447136679317E+01   2.6849314644050581E+00
     430.0000000000000000   1.1681390038784118E+01   2.6434108639468401E+00
     440.0000000000000000   1.1879429967539744E+01   2.6084241653218565E+00
     450.0000000000000000   1.2079953282057728E+01   2.5699125889221328E+00
     460.0000000000000000   1.2279781313171387E+01   2.5328352341058502E+00
     470.0000000000000000   1.2478933640018813E+01   2.4971112292625635E+00
     480.0000000000000000   1.2677429825790103E+01   2.4626645441118717E+00
     490.0000000000000000   1.2872336901544083E+01   2.4337866821225531E+00
     500.0000000000000000   1.3069610533107298E+01   2.4015926854444913E+00
     510.0000000000000000   1.3266280567300031E+01   2.3704853191645130E+00
     510.9989999999999668   1.3286467602633957E+01   2.3666040592789686E+00
     511.0009999999999195   1.3286508010977265E+01   2.3665963029990631E+00
     520.0000000000000000   1.3462363173302119E+01   2.3404082841557328E+00
     530.0000000000000000   1.3660687712054896E+01   2.3073093545815424E+00
     540.0000000000000000   1.3855606816293802E+01   2.2792214927584413E+00
     550.0000000000000000   1.4049982797643278E+01   2.2520145328946910E+00
     560.0000000000000000   1.4243829179060361E+01   2.2256462146994793E+00
     570.0000000000000000   1.4437159011948420E+01   2.2000768981166750E+00
     580.0000000000000000   1.4632661638027628E+01   2.1716425693967643E+00
     590.0000000000000000   1.4824963491592586E+01   2.1476277150629941E+00
     600.0000000000000000   1.5016784523563832E+01   2.1243056960838880E+00
     610.0000000000000000   1.5208135101275538E+01   2.1016469221249436E+00
     620.0000000000000000   1.5401598376438288E+01   2.0762495656855062E+00
     630.0000000000000000   1.5592013039568657E+01   2.0548831608234344E+00
     640.0000000000000000   1.5784514492766188E+01   2.0308476428450692E+00
     650.0000000000000000   1.5974030626932530E+01   2.0106677137706011E+00
     660.0000000000000000   1.6165615998437303E+01   1.9878739557870175E+00
     670.0000000000000000   1.6354267591486682E+01   1.9687874083381207E+00
     680.0000000000000000   1.6544974126215283E+01   1.9471352453158679E+00
     690.0000000000000000   1.6732796649725870E+01   1.9290543799591569E+00
     700.0000000000000000   1.6922656109714360E+01   1.9084579652994451E+00
     710.0000000000000000   1.7109683900357233E+01   1.8913028745117140E+00
     720.0000000000000000   1.7298725838193651E+01   1.8716853844964112E+00
     730.0000000000000000   1.7484992006504360E+01   1.8553831879581817E+00
     740.0000000000000000   1.7673243424825522E+01   1.8366763333464113E+00
     750.0000000000000000   1.7861114936426887E+01   1.8184101000243715E+00
     760.0000000000000000   1.8046266915336506E+01   1.8033016451613337E+00
     770.0000000000000000   1.8233390501789700E+01   1.7858487386094535E+00
     780.0000000000000000   1.8420147081809745E+01   1.7687984349541326E+00
     790.0000000000000000   1.8604249119398620E+01   1.7547527561647411E+00
     800.0000000000000000   1.8790297208262992E+01   1.7384312748415043E+00
     810.0000000000000000   1.8975996438612857E+01   1.7224723828295594E+00
     820.0000000000000000   1.9161343804119163E+01   1.7068732956158428E+00
     830.0000000000000000   1.9344124583585963E+01   1.6940839797824130E+00
     840.0000000000000000   1.9528817347215654E+01   1.6791106067963524E+00
     850.0000000000000000   1.9713180648419922E+01   1.6644569150593256E+00
     860.0000000000000000   1.9897214710012264E+01   1.6501177272220915E+00
     870.0000000000000000   2.0080924794686936E+01   1.6360826033248186E+00
     880.0000000000000000   2.0264321765951831E+01   1.6223354246769974E+00
     890.0000000000000000   2.0445280816056471E+01   1.6111336425834704E+00
     900.0000000000000000   2.0628086291654313E+01   1.5978959729477071E+00
     910.0000000000000000   2.0810589043017650E+01   1.5849245830323746E+00
     920.0000000000000000   2.0992792913483861E+01   1.5722119227124858E+00
     930.0000000000000000   2.1174702746776624E+01   1.5597495804695629E+00
     940.0000000000000000   2.1356324424413852E+01   1.5475282940491779E+00
     950.0000000000000000   2.1537664184663960E+01   1.5355387125667495E+00
     960.0000000000000000   2.1718727245928182E+01   1.5237727771764493E+00
     970.0000000000000000   2.1899517381632048E+01   1.5122240784198215E+00
     980.0000000000000000   2.2080037555851789E+01   1.5008871663969261E+00
     990.0000000000000000   2.2260290631455405E+01   1.4897568244271373E+00
    1000.0000000000000000   2.2440279654240619E+01   1.4788277837749195E+00
    1100.0000000000000000   2.4226352568485115E+01   1.3795009195401577E+00
    1200.0000000000000000   2.5991261154169525E+01   1.2936186772413343E+00
    1300.0000000000000000   2.7737299859019274E+01   1.2182967939783591E+00
    1400.0000000000000000   2.9466378166717085E+01   1.1514171947047911E+00
    1500.0000000000000000   3.1178294772804573E+01   1.0927862978718637E+00
    1600.0000000000000000   3.2876142514370585E+01   1.0397392247184116E+00
    1700.0000000000000000   3.4557952755982839E+01   9.9356904211583630E-01
    1800.0000000000000000   3.6229585276963796E+01   9.4998005184330314E-01
    1843.9990000000000236   3.6959905963578422E+01   9.3297632485148851E-01
    1844.0009999999999764   3.6959939249654902E+01   9.3297547060542363E-01
    1900.0000000000000000   3.7887205432031060E+01   9.1164287977906511E-01
    2000.0000000000000000   3.9534546755894354E+01   8.7600196134061636E-01
    2100.0000000000000000   4.1171074140348949E+01   8.4344511411651779E-01
    2200.0000000000000000   4.2799015622639885E+01   8.1263334192016790E-01
    2300.0000000000000000   4.4415509117156560E+01   7.8531472100248223E-01
    2400.0000000000000000   4.6024501823339605E+01   7.5919171277766806E-01
    2475.9989999999997963   4.7241293300634936E+01   7.4073985571248069E-01
    2476.0010000000002037   4.7241325205074588E+01   7.4073940435247909E-01
    2500.0000000000000000   4.7624552601096390E+01   7.3513334534878916E-01
    2526.9989999999997963   4.8055087226773821E+01   7.2895055212929449E-01
    2527.0010000000002037   4.8055119155947715E+01   7.2895006400254214E-01
    2600.0000000000000000   4.9216443165717877E+01   7.1275201745759587E-01
    2631.9989999999997963   4.9724553761885744E+01   7.0571191504743780E-01
    2632.0010000000002037   4.9724585823418678E+01   7.0571131548400301E-01
    2700.0000000000000000   5.0800573722764973E+01   6.9187022799692377E-01
    2800.0000000000000000   5.2376813519445022E+01   6.7255804265511399E-01
    2871.9989999999997963   5.3508441077639631E+01   6.5883108052425332E-01
    2872.0010000000002037   5.3508472526331744E+01   6.5883067442703691E-01
    2900.0000000000000000   5.3947320453204853E+01   6.5378536030090029E-01
    3000.0000000000000000   5.5509897177611805E+01   6.3670856058604486E-01
    3100.0000000000000000   5.7067600192148767E+01   6.1987053250858160E-01
    3200.0000000000000000   5.8617748357523041E+01   6.0453234875541706E-01
    3300.0000000000000000   6.0162910435079830E+01   5.8962221474504228E-01
    3400.0000000000000000   6.1702032345968938E+01   5.7560407968052529E-01
    3500.0000000000000000   6.3234944894137463E+01   5.6256470706493422E-01
    3600.0000000000000000   6.4762674168047567E+01   5.5010878567860455E-01
    3700.0000000000000000   6.6286087743288661E+01   5.3794151525662937E-01
    3800.0000000000000000   6.7804277008021671E+01   5.2636494338364670E-01
    3900.0000000000000000   6.9316582692743395E+01   5.1575672438103770E-01
    4000.0000000000000000   7.0824942351598793E+01   5.0535317711414540E-01
    4100.0000000000000000   7.2329542368412476E+01   4.9510370891073513E-01
    4200.0000000000000000   7.3828827980669089E+01   4.8557483985797378E-01
    4300.0000000000000000   7.5323237640736693E+01   4.7671185465083954E-01
    4400.0000000000000000   7.6816478967375460E+01   4.6713377873630008E-01
    4500.0000000000000000   7.8302027804931527E+01   4.5919326076311917E-01
    4600.0000000000000000   7.9785848324941341E+01   4.5085914409866679E-01
    4700.0000000000000000   8.1263371701609756E+01   4.4356132544073185E-01
    4800.0000000000000000   8.2739784101563117E+01   4.3576585289739883E-01
    4900.0000000000000000   8.4212696934159766E+01   4.2820557444719448E-01
    5000.0000000000000000   8.5681563881250682E+01   4.2105853491038286E-01
    5100.0000000000000000   8.7146543209636363E+01   4.1428805983368272E-01
    5200.0000000000000000   8.8607717565937975E+01   4.0788169598186241E-01
    5300.0000000000000000   9.0065284117478271E+01   4.0178858433657683E-01
    5400.0000000000000000   9.1518781524032335E+01   3.9614417473457947E-01
    5500.0000000000000000   9.2972838967963497E+01   3.8962502101073027E-01
    5600.0000000000000000   9.4422006833630803E+01   3.8381417313845817E-01
    5700.0000000000000000   9.5865665636546638E+01   3.7883413397126431E-01
    5800.0000000000000000   9.7310844804614064E+01   3.7282270574621107E-01
    5900.0000000000000000   9.8747905865026823E+01   3.6842189201694969E-01
    6000.0000000000000000   1.0018784947569404E+02   3.6267375341770447E-01
    6100.0000000000000000   1.0162372401481065E+02   3.5738519818608799E-01
    6200.0000000000000000   1.0305086373958852E+02   3.5377217997543714E-01
    6300.0000000000000000   1.0448232986978492E+02   3.4853385158277117E-01
    6400.0000000000000000   1.0590932429270195E+02   3.4394926010586951E-01
    6500.0000000000000000   1.0733343206057801E+02   3.3942976121189716E-01
    6600.0000000000000000   1.0875625505504900E+02   3.3489089997122079E-01
    6700.0000000000000000   1.1017491090311033E+02   3.3077042964624437E-01
    6800.0000000000000000   1.1159175843356445E+02   3.2666811527686884E-01
    6900.0000000000000000   1.1300522088160133E+02   3.2292772155887689E-01
    7000.0000000000000000   1.1441623429449584E+02   3.1926168578556730E-01
    7100.0000000000000000   1.1582551239204035E+02   3.1560898739600979E-01
    7200.0000000000000000   1.1723103699873118E+02   3.1236235551598179E-01
    7300.0000000000000000   1.1863431277210039E+02   3.0915853933930693E-01
    7400.0000000000000000   1.2004251875443968E+02   3.0455845065766085E-01
    7500.0000000000000000   1.2144068236661373E+02   3.0165349529229568E-01
    7600.0000000000000000   1.2283815234809170E+02   2.9872336089897134E-01
    7700.0000000000000000   1.2423791891795616E+02   2.9470107886098651E-01
    7800.0000000000000000   1.2563022492777112E+02   2.9199413680390501E-01
    7900.0000000000000000   1.2702076052408150E+02   2.8944626448301608E-01
    8000.0000000000000000   1.2841358400208634E+02   2.8588352533321398E-01
    8100.0000000000000000   1.2979888296247944E+02   2.8352050248107225E-01
    8200.0000000000000000   1.3118890944261412E+02   2.8007997448303934E-01
    8300.0000000000000000   1.3257182579964783E+02   2.7764950694835233E-01
    8400.0000000000000000   1.3395637544636742E+02   2.7442953023774597E-01
    8500.0000000000000000   1.3533895706563004E+02   2.7134382267116497E-01
    8600.0000000000000000   1.3671376519290763E+02   2.6969326307746816E-01
    8700.0000000000000000   1.3809455161402397E+02   2.6658849421280228E-01
    8800.0000000000000000   1.3947258475362636E+02   2.6347990522349224E-01
    8900.0000000000000000   1.4083895827312966E+02   2.6238826766943846E-01
    9000.0000000000000000   1.4221518710302894E+02   2.5911093448323924E-01
    9100.0000000000000000   1.4358548336954377E+02   2.5681687246527490E-01
    9200.0000000000000000   1.4495744186538789E+02   2.5398332173456084E-01
    9300.0000000000000000   1.4632301468228184E+02   2.5210834956131878E-01
    9400.0000000000000000   1.4768452613084244E+02   2.5060695387698184E-01
    9500.0000000000000000   1.4905102858434000E+02   2.4787328861432745E-01
    9600.0000000000000000   1.5041449485355992E+02   2.4551434143120307E-01
    9700.0000000000000000   1.5177523623079244E+02   2.4333824191489162E-01
    9800.0000000000000000   1.5313327714517283E+02   2.4141891837304535E-01
    9900.0000000000000000   1.5449059835201027E+02   2.3940429388568144E-01
   10000.0000000000000000   1.5584690826976501E+02   2.3735538272943163E-01
   11000.0000000000000000   1.6933411183788741E+02   2.1848988100270056E-01
   12000.0000000000000000   1.8268138098206182E+02   2.0347371470976261E-01
   13000.0000000000000000   1.9591074423016883E+02   1.9034928477955829E-01
   14000.0000000000000000   2.0903646094040627E+02   1.7837888322064796E-01
   15000.0000000000000000   2.2205639133171087E+02   1.6838444567528321E-01
   16000.0000000000000000   2.3499183382606438E+02   1.5959180861983607E-01
   17000.0000000000000000   2.4783534902794815E+02   1.5155673905543163E-01
   18000.0000000000000000   2.6060038940156869E+02   1.4515001925643764E-01
   19000.0000000000000000   2.7330440388029695E+02   1.3755645436534503E-01
   20000.0000000000000000   2.8593365406131636E+02   1.3180704408044086E-01
   20005.9989999999997963   2.8601077991589028E+02   1.3160905584872090E-01
   20006.0010000000002037   2.8601080556459198E+02   1.3160900163181005E-01
   21000.0000000000000000   2.9848743893532560E+02   1.2744937970141385E-01
   22000.0000000000000000   3.1099911301866081E+02   1.2131590258744260E-01
   23000.0000000000000000   3.2343106685812143E+02   1.1655997485122986E-01
   24000.0000000000000000   3.3582802899785071E+02   1.1262955020056049E-01
   25000.0000000000000000   3.4816047490353526E+02   1.0956763045590426E-01
   26000.0000000000000000   3.6045104862011243E+02   1.0598663410765412E-01
   27000.0000000000000000   3.7269640954943657E+02   1.0174841168874431E-01
   28000.0000000000000000   3.8486852740011778E+02   9.9095860819971918E-02
   29000.0000000000000000   3.9703102667709072E+02   9.6644912865449017E-02
   30000.0000000000000000   4.0914074936522786E+02   9.2790219529900547E-02
   31000.0000000000000000   4.2123234574742969E+02   9.0308517578048364E-02
   32000.0000000000000000   4.3324496803986221E+02   8.7918083114931919E-02
   33000.0000000000000000   4.4520673980187354E+02   8.6794416209209080E-02
   34000.0000000000000000   4.5716230445498553E+02   8.4617260833481145E-02
   35000.0000000000000000   4.6910835934950410E+02   8.1210128806771018E-02
   36000.0000000000000000   4.8099521559867787E+02   8.0287790915552701E-02
   37000.0000000000000000   4.9288165426869057E+02   7.8735360403374879E-02
   38000.0000000000000000   5.0473046064162764E+02   7.5513326538801190E-02
   39000.0000000000000000   5.1648460307424637E+02   7.3906355585594205E-02
   40000.0000000000000000   5.2831433279727753E+02   7.2088455557212050E-02
   41000.0000000000000000   5.4001444749943767E+02   7.0381608162678827E-02
   42000.0000000000000000   5.5175677732458360E+02   6.9827716169097415E-02
   43000.0000000000000000   5.6339609628278902E+02   6.7729467836208715E-02
   44000.0000000000000000   5.7511304729274991E+02   6.6130775384252466E-02
   45000.0000000000000000   5.8675717049279069E+02   6.5277907536381310E-02
   46000.0000000000000000   5.9831694540897058E+02   6.3932031293941316E-02
   47000.0000000000000000   6.0987582699711322E+02   6.3538041515102617E-02
   48000.0000000000000000   6.2148588470842094E+02   6.1813979515577586E-02
   49000.0000000000000000   6.3303294744135474E+02   6.1320360110483120E-02
   50000.0000000000000000   6.4458552762116028E+02   5.9399044701198528E-02
