       0.1000000000000000   8.8345069921969824E+01   3.3065326444789406E-04
       0.2000000000000000   7.6959784529227491E+01   6.5584476779419524E-04
       0.3000000000000000   7.2716556136111166E+01   9.8862862497556790E-04
       0.4000000000000000   7.0679492255126632E+01   1.3160041053148011E-03
       0.5000000000000000   6.9316484328230828E+01   1.6489526495623331E-03
       0.6000000000000000   6.8280698963429771E+01   1.9880071166818265E-03
       0.7000000000000000   6.7435005414954148E+01   2.3337055549117816E-03
       0.7999999999999999   6.6705017322739195E+01   2.6864204853329983E-03
       0.8999999999999999   6.6056949934320627E+01   3.0456025642445774E-03
       0.9999999999999999   6.5457625266972215E+01   3.4125298118810820E-03
       2.0000000000000000   6.0543319750019172E+01   7.5129144738056656E-03
       3.0000000000000000   5.6243985998028997E+01   1.2475441384258535E-02
       4.0000000000000000   5.2312281285339786E+01   1.8356919927593463E-02
       5.0000000000000000   4.8762051393072035E+01   2.5171842879375041E-02
       6.0000000000000000   4.5591061329882073E+01   3.2911383124318488E-02
       7.0000000000000000   4.2775135154634107E+01   4.1551834107275837E-02
       8.0000000000000000   4.0275768103233681E+01   5.1067545544616344E-02
       9.0000000000000000   3.8051752538767659E+01   6.1435671700220428E-02
      10.0000000000000000   3.6063654048550958E+01   7.2640081420870889E-02
      11.0000000000000000   3.4276770622590654E+01   8.4671507567023824E-02
      12.0000000000000000   3.2661238241836521E+01   9.7527586853056639E-02
      13.0000000000000000   3.1191963527730280E+01   1.1121325593333166E-01
      14.0000000000000000   2.9847644488298581E+01   1.2574127041845842E-01
      15.0000000000000000   2.8610576219063631E+01   1.4113122918509402E-01
      16.0000000000000000   2.7466067246964140E+01   1.5740870611176713E-01
      17.0000000000000000   2.6401694959926374E+01   1.7460659696851219E-01
      18.0000000000000000   2.5407098419318643E+01   1.9276400758522938E-01
      19.0000000000000000   2.4473505088942943E+01   2.1192682024257578E-01
      20.0000000000000000   2.3593470290085271E+01   2.3214820433245067E-01
      21.0000000000000000   2.2760644737619689E+01   2.5348880298451709E-01
      22.0000000000000000   2.1969622558436527E+01   2.7601678696665111E-01
      23.0000000000000000   2.1215747280172078E+01   2.9980881455449226E-01
      24.0000000000000000   2.0494985886325377E+01   3.2495102330800724E-01
      25.0000000000000000   1.9803854655043910E+01   3.5153928899605552E-01
      26.0000000000000000   1.9139326401188999E+01   3.7968030012388454E-01
      27.0000000000000000   1.8498765894929747E+01   4.0949251606454629E-01
      28.0000000000000000   1.7879879082961967E+01   4.4110716559618329E-01
      29.0000000000000000   1.7280664418554263E+01   4.7466944161320007E-01
      30.0000000000000000   1.6699385359698251E+01   5.1033953007372523E-01
      31.0000000000000000   1.6134537759186138E+01   5.4829378007595342E-01
      32.0000000000000000   1.5584836208701507E+01   5.8872550244998700E-01
      33.0000000000000000   1.5049191990061775E+01   6.3184586492804651E-01
      34.0000000000000000   1.4526708464745893E+01   6.7788401769422657E-01
      35.0000000000000000   1.4016674220460628E+01   7.2708668601440107E-01
      36.0000000000000000   1.3518562526112808E+01   7.7971668285230866E-01
      37.0000000000000000   1.3032033745805439E+01   8.3604993241698233E-01
      38.0000000000000000   1.2556940554073895E+01   8.9637044888783257E-01
      39.0000000000000000   1.2093334109171037E+01   9.6096264042685298E-01
      40.0000000000000000   1.1641470270353439E+01   1.0301002638431491E+00
      41.0000000000000000   1.1201811230385070E+01   1.1040315531875011E+00
      41.9990000000000023   1.0775441152507927E+01   1.1828787636350617E+00
      42.0000000000000000   1.0775021059050445E+01   1.1829602408093196E+00
      42.0009999999999977   1.0774600979298553E+01   1.1830417231252726E+00
      43.0000000000000000   1.0361949496789862E+01   1.2670229566482945E+00
      44.0000000000000000   9.9636004236564357E+00   1.3562643189192491E+00
      44.9990000000000023   9.5814554768770144E+00   1.4505155365493934E+00
      45.0000000000000000   9.5810812460633645E+00   1.4506123780027214E+00
      45.0009999999999977   9.5807070322260088E+00   1.4507092243661528E+00
      46.0000000000000000   9.2155343883026752E+00   1.5498579219817952E+00
      47.0000000000000000   8.8680535773379372E+00   1.6536420139690400E+00
      48.0000000000000000   8.5395942023345839E+00   1.7614555239592680E+00
      49.0000000000000000   8.2308897399139784E+00   1.8726527883675130E+00
      50.0000000000000000   7.9423870213440679E+00   1.9864788570512806E+00
      51.0000000000000000   7.6742100013127708E+00   2.1021069734147217E+00
      52.0000000000000000   7.4261559836000011E+00   2.2186809330353126E+00
      53.0000000000000000   7.1977214724000618E+00   2.3353564718007638E+00
      54.0000000000000000   6.9881499962689952E+00   2.4513368003637828E+00
      55.0000000000000000   6.7964918770589282E+00   2.5658993035630315E+00
      56.0000000000000000   6.6216665758460005E+00   2.6784124730424943E+00
      57.0000000000000000   6.4625204969700922E+00   2.7883436483166832E+00
      58.0000000000000000   6.3178754124310315E+00   2.8952596967972877E+00
      59.0000000000000000   6.1865667840955165E+00   2.9988220397697147E+00
      60.0000000000000000   6.0674715904987551E+00   3.0987782576625991E+00
      61.0000000000000000   5.9595263628729347E+00   3.1949522803045718E+00
      62.0000000000000000   5.8617383647678221E+00   3.2872335734291522E+00
      63.0000000000000000   5.7731907011986801E+00   3.3755667648583989E+00
      64.0000000000000000   5.6930433294151150E+00   3.4599419602436279E+00
      65.0000000000000000   5.6205312379589492E+00   3.5403860541589167E+00
      66.0000000000000000   5.5549608004073505E+00   3.6169551369436022E+00
      67.0000000000000000   5.4957050711324937E+00   3.6897279917257144E+00
      67.9989999999999952   5.4422493748464920E+00   3.7587333543460173E+00
      68.0000000000000000   5.4421985661324230E+00   3.7588006140102084E+00
      68.0010000000000048   5.4421477626539323E+00   3.7588678700820934E+00
      69.0000000000000000   5.3939318996243912E+00   3.8242816541902100E+00
      70.0000000000000000   5.3504465237221908E+00   3.8862886706230961E+00
      71.0000000000000000   5.3113297185220736E+00   3.9449450814599487E+00
      72.0000000000000000   5.2762099239732905E+00   4.0003777089704178E+00
      73.0000000000000000   5.2447524494401989E+00   4.0527148214384274E+00
      74.0000000000000000   5.2166555741001357E+00   4.1020845885602091E+00
      75.0000000000000000   5.1916470179518885E+00   4.1486138886569588E+00
      76.0000000000000000   5.1694808350317025E+00   4.1924273421963330E+00
      77.0000000000000000   5.1499345236064586E+00   4.2336466804129698E+00
      78.0000000000000000   5.1328065656730999E+00   4.2723901909417670E+00
      79.0000000000000000   5.1179141842489697E+00   4.3087723664172746E+00
      80.0000000000000000   5.1050913634320336E+00   4.3429036615271830E+00
      81.0000000000000000   5.0941870918433576E+00   4.3748903451152481E+00
      82.0000000000000000   5.0850638051445118E+00   4.4048344274746221E+00
      83.0000000000000000   5.0775960043343513E+00   4.4328336465913081E+00
      84.0000000000000000   5.0716690289989428E+00   4.4589815002518103E+00
      85.0000000000000000   5.0671779693470977E+00   4.4833673132068252E+00
      86.0000000000000000   5.0640266985950104E+00   4.5060763308479075E+00
      87.0000000000000000   5.0621270108461607E+00   4.5271898340309331E+00
      88.0000000000000000   5.0613978624825338E+00   4.5467852596473533E+00
      89.0000000000000000   5.0617646779523779E+00   4.5649363471075572E+00
      90.0000000000000000   5.0631587476727473E+00   4.5817132742448647E+00
      91.0000000000000000   5.0655166818703563E+00   4.5971828046046959E+00
      92.0000000000000000   5.0687799231933779E+00   4.6114084339858721E+00
      93.0000000000000000   5.0728943101532993E+00   4.6244505361742947E+00
      94.0000000000000000   5.0778096854803856E+00   4.6363665065540101E+00
      95.0000000000000000   5.0834795442863250E+00   4.6472109025996318E+00
      96.0000000000000000   5.0898607175757125E+00   4.6570355805126171E+00
      97.0000000000000000   5.0969130871592823E+00   4.6658898274710019E+00
      98.0000000000000000   5.1045993283397673E+00   4.6738204891416277E+00
      99.0000000000000000   5.1128846783610751E+00   4.6808720921443729E+00
     100.0000000000000000   5.1217367252649542E+00   4.6870869615384869E+00
     103.9989999999999952   5.1622247207065843E+00   4.7043517723783568E+00
     104.0010000000000048   5.1622468329161322E+00   4.7043576092531758E+00
     110.0000000000000000   5.2356428959743138E+00   4.7111623176886166E+00
     120.0000000000000000   5.3824807369836041E+00   4.6854777611472365E+00
     130.0000000000000000   5.5500539557899637E+00   4.6293476586553846E+00
     140.0000000000000000   5.7312237610198062E+00   4.5548240161723719E+00
     150.0000000000000000   5.9136987184182068E+00   4.4899594614588558E+00
     153.9989999999999952   5.9971681881820267E+00   4.4438513492705480E+00
     154.0010000000000048   5.9972181003644938E+00   4.4438111483072742E+00
     160.0000000000000000   6.1146491700937942E+00   4.3934172431584981E+00
     167.9989999999999952   6.2746130732781618E+00   4.3225917879697517E+00
     168.0010000000000048   6.2746622517218027E+00   4.3225549651649899E+00
     169.9989999999999952   6.3165047488583763E+00   4.3014460573629627E+00
     170.0000000000000000   6.3165292922791121E+00   4.3014278924638942E+00
     170.0010000000000048   6.3165538342161192E+00   4.3014097299124057E+00
     180.0000000000000000   6.5190068304215423E+00   4.2139191602869408E+00
     190.0000000000000000   6.7281544088574563E+00   4.1174541946819794E+00
     200.0000000000000000   6.9367560197504936E+00   4.0267906574126897E+00
     210.0000000000000000   7.1447691257973114E+00   3.9414389470102078E+00
     220.0000000000000000   7.3521712840827851E+00   3.8609532625105105E+00
     230.0000000000000000   7.5589533948873875E+00   3.7849303730299653E+00
     231.9989999999999952   7.6053722481556179E+00   3.7598746032841039E+00
     232.0010000000000048   7.6054186628550511E+00   3.7598497139435811E+00
     233.9989999999999952   7.6465780488499924E+00   3.7454458848273395E+00
     234.0010000000000048   7.6466243879906983E+00   3.7454212650031704E+00
     236.9989999999999952   7.7058160803505054E+00   3.7291440932928861E+00
     237.0010000000000048   7.7058622961945691E+00   3.7291198302815496E+00
     240.0000000000000000   7.7700739008423811E+00   3.7030757020091265E+00
     250.0000000000000000   7.9801689116307788E+00   3.6259683875318118E+00
     260.0000000000000000   8.1892780745089553E+00   3.5531910120151040E+00
     270.0000000000000000   8.3974406903231884E+00   3.4843737102917509E+00
     280.0000000000000000   8.6090612146423577E+00   3.4109192615904718E+00
     290.0000000000000000   8.8152941730677341E+00   3.3494163833297086E+00
     300.0000000000000000   9.0248222465108654E+00   3.2833432307020676E+00
     310.0000000000000000   9.2292864493865387E+00   3.2280096151761821E+00
     320.0000000000000000   9.4368883090897082E+00   3.1682050944130387E+00
     330.0000000000000000   9.6435416119915267E+00   3.1113105034656874E+00
     340.0000000000000000   9.8492834350572327E+00   3.0571092633949415E+00
     350.0000000000000000   1.0054148897097976E+01   3.0054060838110748E+00
     360.0000000000000000   1.0258171237087014E+01   2.9560244100289705E+00
     370.0000000000000000   1.0464914621857497E+01   2.9028227867423504E+00
     380.0000000000000000   1.0667264625126906E+01   2.8578013213285844E+00
     390.0000000000000000   1.0868862202069664E+01   2.8146538250472197E+00
     398.9990000000000236   1.1051998147236679E+01   2.7734884355095288E+00
     399.0009999999999764   1.1052040268733341E+01   2.7734770199879062E+00
     400.0000000000000000   1.1073075969366316E+01   2.7677876260336554E+00
     410.0000000000000000   1.1273171804956949E+01   2.7281932886423084E+00
     415.9990000000000236   1.1395488630085314E+01   2.7009969130047713E+00
     416.0009999999999764   1.1395530452921696E+01   2.7009862116342900E+00
     420.0000000000000000   1.1475823788878509E+01   2.6849565571374665E+00
     430.0000000000000000   1.1677714969067994E+01   2.6434354574313503E+00
     440.0000000000000000   1.1875705368197018E+01   2.6084482803535640E+00
     450.0000000000000000   1.2076177343226524E+01   2.5699362449933782E+00
     460.0000000000000000   1.2275954232422539E+01   2.5328584495140984E+00
     470.0000000000000000   1.2475055610102167E+01   2.4971340212072644E+00
     480.0000000000000000   1.2673501034238530E+01   2.4626869287816282E+00
     490.0000000000000000   1.2868359354896521E+01   2.4338086747737475E+00
     500.0000000000000000   1.3065582558915811E+01   2.4016143004723558E+00
     510.0000000000000000   1.3262202339406686E+01   2.3705065701675072E+00
     510.9989999999999668   1.3282384012084997E+01   2.3666252746341079E+00
     511.0009999999999195   1.3282424409694279E+01   2.3666175182829634E+00
     520.0000000000000000   1.3458234861103250E+01   2.3404291839939715E+00
     530.0000000000000000   1.3656507759092515E+01   2.3073299154299254E+00
     540.0000000000000000   1.3851377130138212E+01   2.2792417261550550E+00
     550.0000000000000000   1.4045703535193553E+01   2.2520344497849814E+00
     560.0000000000000000   1.4239500493439651E+01   2.2256658254766286E+00
     570.0000000000000000   1.4432781052591054E+01   2.2000962126585764E+00
     580.0000000000000000   1.4628232930880362E+01   2.1716615970999311E+00
     590.0000000000000000   1.4820485821671451E+01   2.1476464648737026E+00
     600.0000000000000000   1.5012258030079517E+01   2.1243241765268244E+00
     610.0000000000000000   1.5203559920702105E+01   2.1016651413295953E+00
     620.0000000000000000   1.5396973097454291E+01   2.0762675314104988E+00
     630.0000000000000000   1.5587339356202733E+01   2.0549008804790176E+00
     640.0000000000000000   1.5779791020786497E+01   2.0308651235139061E+00
     650.0000000000000000   1.5969259022666135E+01   2.0106849622270220E+00
     660.0000000000000000   1.6160794898864140E+01   1.9878909785148677E+00
     670.0000000000000000   1.6349398622263269E+01   1.9688042115473265E+00
     680.0000000000000000   1.6540055942819933E+01   1.9471518349578312E+00
     690.0000000000000000   1.6727830848192621E+01   1.9290707617410738E+00
     700.0000000000000000   1.6917641365534312E+01   1.9084741446976410E+00
     710.0000000000000000   1.7104621778419876E+01   1.8913188567840740E+00
     720.0000000000000000   1.7293615036197568E+01   1.8717011746939782E+00
     730.0000000000000000   1.7479834056121060E+01   1.8553987909359917E+00
     740.0000000000000000   1.7668037048968582E+01   1.8366917537736205E+00
     750.0000000000000000   1.7855860257072344E+01   1.8184253423937349E+00
     760.0000000000000000   1.8040965430723787E+01   1.8033167137980828E+00
     770.0000000000000000   1.8228040954039852E+01   1.7858636376796173E+00
     780.0000000000000000   1.8414749590402941E+01   1.7688131684723467E+00
     790.0000000000000000   1.8598805144018783E+01   1.7547673280015783E+00
     800.0000000000000000   1.8784805516246877E+01   1.7384456887303656E+00
     810.0000000000000000   1.8970457143402967E+01   1.7224866423731526E+00
     820.0000000000000000   1.9155757022325094E+01   1.7068874042922839E+00
     830.0000000000000000   1.9338491722875798E+01   1.6940979409509687E+00
     840.0000000000000000   1.9523137207093946E+01   1.6791244237028580E+00
     850.0000000000000000   1.9707453336472945E+01   1.6644705908412907E+00
     860.0000000000000000   1.9891440334941205E+01   1.6501312649135251E+00
     870.0000000000000000   2.0075103463340596E+01   1.6360960058607801E+00
     880.0000000000000000   2.0258453580052414E+01   1.6223486948979047E+00
     890.0000000000000000   2.0439367107537020E+01   1.6111467832391699E+00
     900.0000000000000000   2.0622125914062465E+01   1.5979089867013290E+00
     910.0000000000000000   2.0804582095444793E+01   1.5849374724639806E+00
     920.0000000000000000   2.0986739493846674E+01   1.5722246903225292E+00
     930.0000000000000000   2.1168602951213671E+01   1.5597622286821651E+00
     940.0000000000000000   2.1350178346664777E+01   1.5475408252152414E+00
     950.0000000000000000   2.1531471915844229E+01   1.5355511289669084E+00
     960.0000000000000000   2.1712488875096518E+01   1.5237850810238749E+00
     970.0000000000000000   2.1893232996599924E+01   1.5122362718628866E+00
     980.0000000000000000   2.2073707243625616E+01   1.5008992515217383E+00
     990.0000000000000000   2.2253914478271916E+01   1.4897688032599499E+00
    1000.0000000000000000   2.2433857745440431E+01   1.4788396582844241E+00
    1100.0000000000000000   2.4219477566390005E+01   1.3795118478693105E+00
    1200.0000000000000000   2.5983939414166507E+01   1.2936288064376562E+00
    1300.0000000000000000   2.7729537038984670E+01   1.2183062387320003E+00
    1400.0000000000000000   2.9458179336927259E+01   1.1514260462672583E+00
    1500.0000000000000000   3.1169665506350203E+01   1.0927946300860834E+00
    1600.0000000000000000   3.2867086993890283E+01   1.0397470982178194E+00
    1700.0000000000000000   3.4548476521978785E+01   9.9357650732344305E-01
    1800.0000000000000000   3.6219690887211257E+01   9.4998715116127508E-01
    1843.9990000000000236   3.6949829524140576E+01   9.3298327491941679E-01
    1844.0009999999999764   3.6949862801881380E+01   9.3298242066671855E-01
    1900.0000000000000000   3.7876897749170020E+01   9.1164964921839486E-01
    2000.0000000000000000   3.9523828781871039E+01   8.7600843175487819E-01
    2100.0000000000000000   4.1159949326063511E+01   8.4345131215014968E-01
    2200.0000000000000000   4.2787486354109504E+01   8.1263929074729724E-01
    2300.0000000000000000   4.4403579445869063E+01   7.8532044090964359E-01
    2400.0000000000000000   4.6012173786180284E+01   7.5919722162852110E-01
    2475.9989999999997963   4.7228664476441637E+01   7.4074521483744959E-01
    2476.0010000000002037   4.7228696373014309E+01   7.4074476347362084E-01
    2500.0000000000000000   4.7611829109192897E+01   7.3513865895849007E-01
    2526.9989999999997963   4.8042257439292889E+01   7.2895581550466781E-01
    2527.0010000000002037   4.8042289360568482E+01   7.2895532737423152E-01
    2600.0000000000000000   4.9203326800420200E+01   7.1275714989717986E-01
    2631.9989999999997963   4.9711312002625277E+01   7.0571699223591267E-01
    2632.0010000000002037   4.9711344056153834E+01   7.0571639266906394E-01
    2700.0000000000000000   5.0787066932944640E+01   6.9187519184288804E-01
    2800.0000000000000000   5.2362918896678629E+01   6.7256284919566822E-01
    2871.9989999999997963   5.3494267993916367E+01   6.5883578016324862E-01
    2872.0010000000002037   5.3494299434855137E+01   6.5883537406313231E-01
    2900.0000000000000000   5.3933039512280089E+01   6.5379001970764128E-01
    3000.0000000000000000   5.5495232660309107E+01   6.3671308205780819E-01
    3100.0000000000000000   5.7052553281889494E+01   6.1987492439272940E-01
    3200.0000000000000000   5.8602321706189343E+01   6.0453661865069719E-01
    3300.0000000000000000   6.0147105389952308E+01   5.8962636958928760E-01
    3400.0000000000000000   6.1685850855164738E+01   5.7560812582581034E-01
    3500.0000000000000000   6.3218389035739634E+01   5.6256865034228731E-01
    3600.0000000000000000   6.4745745521450900E+01   5.5011263145397693E-01
    3700.0000000000000000   6.6268787472344243E+01   5.3794526847950586E-01
    3800.0000000000000000   6.7786606786594774E+01   5.2636860862943446E-01
    3900.0000000000000000   6.9298544569592678E+01   5.1576030588816624E-01
    4000.0000000000000000   7.0806537396733830E+01   5.0535667881665536E-01
    4100.0000000000000000   7.2310771585385922E+01   4.9510713446699889E-01
    4200.0000000000000000   7.3809693207472634E+01   4.8557819267608920E-01
    4300.0000000000000000   7.5303740512101967E+01   4.7671513791115006E-01
    4400.0000000000000000   7.6796619224242633E+01   4.6713699541142378E-01
    4500.0000000000000000   7.8281808585634451E+01   4.5919641363581259E-01
    4600.0000000000000000   7.9765269706629311E+01   4.5086223577779783E-01
    4700.0000000000000000   8.1242436139799722E+01   4.4356435837559932E-01
    4800.0000000000000000   8.2718491398198111E+01   4.3576882939059952E-01
    4900.0000000000000000   8.4191048142138982E+01   4.2820849666621202E-01
    5000.0000000000000000   8.5659560351972047E+01   4.2106140489804872E-01
    5100.0000000000000000   8.7124186229419195E+01   4.1429087951763854E-01
    5200.0000000000000000   8.8585008394240717E+01   4.0788446718313587E-01
    5300.0000000000000000   9.0042223927615964E+01   4.0179130877737074E-01
    5400.0000000000000000   9.1495371739642081E+01   3.9614685404535771E-01
    5500.0000000000000000   9.2949078659905524E+01   3.8962765673667688E-01
    5600.0000000000000000   9.4397897874022775E+01   3.8381676674537479E-01
    5700.0000000000000000   9.5841210224016265E+01   3.7883668685096344E-01
    5800.0000000000000000   9.7286041564033596E+01   3.7282521922145712E-01
    5900.0000000000000000   9.8722758347675253E+01   3.6842436734599171E-01
    6000.0000000000000000   1.0016235564000316E+02   3.6267619179844102E-01
    6100.0000000000000000   1.0159788537185999E+02   3.5738760075989956E-01
    6200.0000000000000000   1.0302468417985997E+02   3.5377454783071760E-01
    6300.0000000000000000   1.0445580665642390E+02   3.4853618575818612E-01
    6400.0000000000000000   1.0588245916981251E+02   3.4395156159336654E-01
    6500.0000000000000000   1.0730622597620300E+02   3.3943203095949065E-01
    6600.0000000000000000   1.0872870815467049E+02   3.3489313888557093E-01
    6700.0000000000000000   1.1014702480132620E+02   3.3077263859504913E-01
    6800.0000000000000000   1.1156353355860580E+02   3.2667029509108408E-01
    6900.0000000000000000   1.1297665846759138E+02   3.2292987303477977E-01
    7000.0000000000000000   1.1438733510971319E+02   3.1926380968667672E-01
    7100.0000000000000000   1.1579627685214589E+02   3.1561108445487390E-01
    7200.0000000000000000   1.1720146654546036E+02   3.1236442643584572E-01
    7300.0000000000000000   1.1860440809447752E+02   3.0916058479566833E-01
    7400.0000000000000000   1.2001227693190144E+02   3.0456047129972336E-01
    7500.0000000000000000   1.2141010803027353E+02   3.0165549174432804E-01
    7600.0000000000000000   1.2280724542437034E+02   2.9872533376157911E-01
    7700.0000000000000000   1.2420667783737981E+02   2.9470302871230347E-01
    7800.0000000000000000   1.2559865303451363E+02   2.9199606420071000E-01
    7900.0000000000000000   1.2698885830556353E+02   2.8944816996178124E-01
    8000.0000000000000000   1.2838134991470804E+02   2.8588540941108864E-01
    8100.0000000000000000   1.2976632039470690E+02   2.8352236565680794E-01
    8200.0000000000000000   1.3115601564052517E+02   2.8008181723786002E-01
    8300.0000000000000000   1.3253860395239968E+02   2.7765132974677270E-01
    8400.0000000000000000   1.3392282436484399E+02   2.7443133352834348E-01
    8500.0000000000000000   1.3530507737140562E+02   2.7134560688730636E-01
    8600.0000000000000000   1.3667956041704994E+02   2.6969502863799572E-01
    8700.0000000000000000   1.3806001841088522E+02   2.6659024152268124E-01
    8800.0000000000000000   1.3943772415239533E+02   2.6348163467442232E-01
    8900.0000000000000000   1.4080377575611445E+02   2.6238997964043193E-01
    9000.0000000000000000   1.4217967740682715E+02   2.5911262934116774E-01
    9100.0000000000000000   1.4354964912289014E+02   2.5681855056538710E-01
    9200.0000000000000000   1.4492128190962629E+02   2.5398498342097209E-01
    9300.0000000000000000   1.4628653187794114E+02   2.5210999516747595E-01
    9400.0000000000000000   1.4764772218072090E+02   2.5060858372610323E-01
    9500.0000000000000000   1.4901390068428179E+02   2.4787490301982062E-01
    9600.0000000000000000   1.5037704420450072E+02   2.4551594069706142E-01
    9700.0000000000000000   1.5173746388149792E+02   2.4333982633607060E-01
    9800.0000000000000000   1.5309518413512566E+02   2.4142048823582063E-01
    9900.0000000000000000   1.5445218473859958E+02   2.3940584946798879E-01
   10000.0000000000000000   1.5580817425932398E+02   2.3735692430119071E-01
   11000.0000000000000000   1.6929219601645070E+02   2.1849129575358375E-01
   12000.0000000000000000   1.8263632661597845E+02   2.0347502271319745E-01
   13000.0000000000000000   1.9586258615874334E+02   1.9035050163398279E-01
   14000.0000000000000000   2.0898522904154930E+02   1.7838002129554240E-01
   15000.0000000000000000   2.2200211824528003E+02   1.6838551495025542E-01
   16000.0000000000000000   2.3493454322599442E+02   1.5959281726681876E-01
   17000.0000000000000000   2.4777506947250342E+02   1.5155769385313594E-01
   18000.0000000000000000   2.6053714397399608E+02   1.4515092589203352E-01
   19000.0000000000000000   2.7323820815838747E+02   1.3755731765837736E-01
   20000.0000000000000000   2.8586453113286723E+02   1.3180786815191456E-01
   20005.9989999999997963   2.8594163873033949E+02   1.3160987969613627E-01
   20006.0010000000002037   2.8594166437298549E+02   1.3160982547915076E-01
   21000.0000000000000000   2.9841541295011649E+02   1.2745016810344637E-01
   22000.0000000000000000   3.1092419269359584E+02   1.2131665840405506E-01
   23000.0000000000000000   3.2335327963893599E+02   1.1656070077767680E-01
   24000.0000000000000000   3.3574738133798712E+02   1.1263024860647190E-01
   25000.0000000000000000   3.4807698794448282E+02   1.0956830343605850E-01
   26000.0000000000000000   3.6036473307824042E+02   1.0598728352318702E-01
   27000.0000000000000000   3.7260727815977492E+02   1.0174903920088350E-01
   28000.0000000000000000   3.8477660666204372E+02   9.9096467917870440E-02
   29000.0000000000000000   3.9693631303181752E+02   9.6645500889318517E-02
   30000.0000000000000000   4.0904326019291426E+02   9.2790789690367609E-02
   31000.0000000000000000   4.2113208221024195E+02   9.0309070972452762E-02
   32000.0000000000000000   4.3314196053687925E+02   8.7918620741130202E-02
   33000.0000000000000000   4.4510100556544711E+02   8.6794938977329414E-02
   34000.0000000000000000   4.5705383975329244E+02   8.4617769575984644E-02
   35000.0000000000000000   4.6899716227940638E+02   8.1210624287105085E-02
   36000.0000000000000000   4.8088130802813390E+02   8.0288273835626867E-02
   37000.0000000000000000   4.9276503041307092E+02   7.8735831410046933E-02
   38000.0000000000000000   5.0461113253103446E+02   7.5513786229527230E-02
   39000.0000000000000000   5.1636260984214630E+02   7.3906804513368882E-02
   40000.0000000000000000   5.2818963330843769E+02   7.2088894234903944E-02
   41000.0000000000000000   5.3988709766632871E+02   7.0382037066847661E-02
   42000.0000000000000000   5.5162675211727912E+02   6.9828135743366021E-02
   43000.0000000000000000   5.6326343926953268E+02   6.7729878494250939E-02
   44000.0000000000000000   5.7497771709229539E+02   6.6131177512448236E-02
   45000.0000000000000000   5.8661919670001294E+02   6.5278301496182758E-02
   46000.0000000000000000   5.9817636310245234E+02   6.3932417423986712E-02
   47000.0000000000000000   6.0973263212101801E+02   6.3538420133110146E-02
   48000.0000000000000000   6.2134004890474603E+02   6.1814350920045572E-02
   49000.0000000000000000   6.3288449606085214E+02   6.1320724582220452E-02
   50000.0000000000000000   6.4443445396627760E+02   5.9399402504705004E-02
