       0.1000000000000000   1.0000000000000000E+30   0.0000000000000000E+00
       0.2000000000000000   1.0000000000000000E+30   0.0000000000000000E+00
       0.3000000000000000   1.0000000000000000E+30   0.0000000000000000E+00
       0.4000000000000000   1.0000000000000000E+30   0.0000000000000000E+00
       0.5000000000000000   1.0000000000000000E+30   0.0000000000000000E+00
       0.6000000000000000   1.0000000000000000E+30   0.0000000000000000E+00
       0.7000000000000000   1.0000000000000000E+30   0.0000000000000000E+00
       0.7999999999999999   1.0000000000000000E+30   0.0000000000000000E+00
       0.8999999999999999   1.0000000000000000E+30   0.0000000000000000E+00
       0.9999999999999999   1.0000000000000000E+30   0.0000000000000000E+00
       2.0000000000000000   1.0000000000000000E+30   0.0000000000000000E+00
       3.0000000000000000   1.0000000000000000E+30   0.0000000000000000E+00
       4.0000000000000000   1.0000000000000000E+30   0.0000000000000000E+00
       5.0000000000000000   1.0000000000000000E+30   0.0000000000000000E+00
       6.0000000000000000   1.0000000000000000E+30   0.0000000000000000E+00
       7.0000000000000000   1.0000000000000000E+30   0.0000000000000000E+00
       8.0000000000000000   1.0000000000000000E+30   0.0000000000000000E+00
       9.0000000000000000   1.0000000000000000E+30   0.0000000000000000E+00
      10.0000000000000000   1.0000000000000000E+30   0.0000000000000000E+00
      11.0000000000000000   1.0000000000000000E+30   0.0000000000000000E+00
      12.0000000000000000   1.0000000000000000E+30   0.0000000000000000E+00
      13.0000000000000000   1.0000000000000000E+30   0.0000000000000000E+00
      14.0000000000000000   1.0000000000000000E+30   0.0000000000000000E+00
      15.0000000000000000   1.0000000000000000E+30   0.0000000000000000E+00
      16.0000000000000000   1.0000000000000000E+30   0.0000000000000000E+00
      17.0000000000000000   1.0000000000000000E+30   0.0000000000000000E+00
      18.0000000000000000   1.0000000000000000E+30   0.0000000000000000E+00
      19.0000000000000000   1.0000000000000000E+30   0.0000000000000000E+00
      20.0000000000000000   1.0000000000000000E+30   0.0000000000000000E+00
      21.0000000000000000   1.0000000000000000E+30   0.0000000000000000E+00
      22.0000000000000000   1.0000000000000000E+30   0.0000000000000000E+00
      23.0000000000000000   1.0000000000000000E+30   0.0000000000000000E+00
      24.0000000000000000   1.0000000000000000E+30   0.0000000000000000E+00
      25.0000000000000000   1.0000000000000000E+30   0.0000000000000000E+00
      26.0000000000000000   1.0000000000000000E+30   0.0000000000000000E+00
      27.0000000000000000   1.0000000000000000E+30   0.0000000000000000E+00
      28.0000000000000000   1.0000000000000000E+30   0.0000000000000000E+00
      29.0000000000000000   1.0000000000000000E+30   0.0000000000000000E+00
      30.0000000000000000   1.0000000000000000E+30   0.0000000000000000E+00
      31.0000000000000000   1.0000000000000000E+30   0.0000000000000000E+00
      32.0000000000000000   1.0000000000000000E+30   0.0000000000000000E+00
      33.0000000000000000   1.0000000000000000E+30   0.0000000000000000E+00
      34.0000000000000000   1.0000000000000000E+30   0.0000000000000000E+00
      35.0000000000000000   1.0000000000000000E+30   0.0000000000000000E+00
      36.0000000000000000   1.0000000000000000E+30   0.0000000000000000E+00
      37.0000000000000000   1.0000000000000000E+30   0.0000000000000000E+00
      38.0000000000000000   1.0000000000000000E+30   0.0000000000000000E+00
      39.0000000000000000   1.0000000000000000E+30   0.0000000000000000E+00
      40.0000000000000000   1.0000000000000000E+30   0.0000000000000000E+00
      41.0000000000000000   1.0000000000000000E+30   0.0000000000000000E+00
      41.9990000000000023   1.0000000000000000E+30   0.0000000000000000E+00
      42.0000000000000000   1.0000000000000000E+30   0.0000000000000000E+00
      42.0009999999999977   1.0000000000000000E+30   0.0000000000000000E+00
      43.0000000000000000   1.0000000000000000E+30   0.0000000000000000E+00
      44.0000000000000000   1.0000000000000000E+30   0.0000000000000000E+00
      44.9990000000000023   1.0000000000000000E+30   0.0000000000000000E+00
      45.0000000000000000   1.0000000000000000E+30   0.0000000000000000E+00
      45.0009999999999977   1.0000000000000000E+30   0.0000000000000000E+00
      46.0000000000000000   1.0000000000000000E+30   0.0000000000000000E+00
      47.0000000000000000   1.0000000000000000E+30   0.0000000000000000E+00
      48.0000000000000000   1.0000000000000000E+30   0.0000000000000000E+00
      49.0000000000000000   1.0000000000000000E+30   0.0000000000000000E+00
      50.0000000000000000   1.0000000000000000E+30   0.0000000000000000E+00
      51.0000000000000000   1.0000000000000000E+30   0.0000000000000000E+00
      52.0000000000000000   1.0000000000000000E+30   0.0000000000000000E+00
      53.0000000000000000   1.0000000000000000E+30   0.0000000000000000E+00
      54.0000000000000000   1.0000000000000000E+30   0.0000000000000000E+00
      55.0000000000000000   1.0000000000000000E+30   0.0000000000000000E+00
      56.0000000000000000   1.0000000000000000E+30   0.0000000000000000E+00
      57.0000000000000000   1.0000000000000000E+30   0.0000000000000000E+00
      58.0000000000000000   1.0000000000000000E+30   0.0000000000000000E+00
      59.0000000000000000   1.0000000000000000E+30   0.0000000000000000E+00
      60.0000000000000000   1.0000000000000000E+30   0.0000000000000000E+00
      61.0000000000000000   1.0000000000000000E+30   0.0000000000000000E+00
      62.0000000000000000   1.0000000000000000E+30   0.0000000000000000E+00
      63.0000000000000000   1.0000000000000000E+30   0.0000000000000000E+00
      64.0000000000000000   1.0000000000000000E+30   0.0000000000000000E+00
      65.0000000000000000   1.0000000000000000E+30   0.0000000000000000E+00
      66.0000000000000000   1.0000000000000000E+30   0.0000000000000000E+00
      67.0000000000000000   1.0000000000000000E+30   0.0000000000000000E+00
      67.9989999999999952   1.0000000000000000E+30   0.0000000000000000E+00
      68.0000000000000000   4.4188358136213646E+09   1.5388668615019671E-08
      68.0010000000000048   4.4190658114517460E+09   1.5387867685469187E-08
      69.0000000000000000   2.8507560545731173E+05   2.3935115111536131E-04
      70.0000000000000000   1.0065926860250170E+05   6.8015746251936680E-04
      71.0000000000000000   5.4592590089540579E+04   1.2582956156005933E-03
      72.0000000000000000   3.5315243781703983E+04   1.9516143000685346E-03
      73.0000000000000000   2.5174667248865364E+04   2.7467609465678900E-03
      74.0000000000000000   1.9085080686679576E+04   3.6350275968261596E-03
      75.0000000000000000   1.5096442466611248E+04   4.6103596043902129E-03
      76.0000000000000000   1.2322537536999049E+04   5.6663976659112438E-03
      77.0000000000000000   1.0303362926490161E+04   6.7985562108224470E-03
      78.0000000000000000   8.7796061307170949E+03   8.0039162352725426E-03
      79.0000000000000000   7.5973616805388419E+03   9.2787287064330856E-03
      80.0000000000000000   6.6594214699318618E+03   1.0618938470090978E-02
      81.0000000000000000   5.8997976400910302E+03   1.2023774079368756E-02
      82.0000000000000000   5.2753740361053742E+03   1.3488977304383094E-02
      83.0000000000000000   4.7546860178477436E+03   1.5012691878567708E-02
      84.0000000000000000   4.3153253041269445E+03   1.6592401562839663E-02
      85.0000000000000000   3.9403374972699471E+03   1.8227498603602642E-02
      86.0000000000000000   3.6176657969792154E+03   1.9914274539461839E-02
      87.0000000000000000   3.3374445465449467E+03   2.1652457585460156E-02
      88.0000000000000000   3.0924482863960184E+03   2.3439167564688158E-02
      89.0000000000000000   2.8767768362645538E+03   2.5273024165350946E-02
      90.0000000000000000   2.6857646537572850E+03   2.7152534065673570E-02
      91.0000000000000000   2.5156298789971420E+03   2.9076532442719089E-02
      92.0000000000000000   2.3633292995142215E+03   3.1043619967232091E-02
      93.0000000000000000   2.2263982391706800E+03   3.3051938801907987E-02
      94.0000000000000000   2.1027437201029370E+03   3.5100483828707937E-02
      95.0000000000000000   1.9906246088278660E+03   3.7188296409318207E-02
      96.0000000000000000   1.8886220490932976E+03   3.9313648615440518E-02
      97.0000000000000000   1.7954852722162093E+03   4.1475916471684415E-02
      98.0000000000000000   1.7101985450932784E+03   4.3673412973759936E-02
      99.0000000000000000   1.6318680205516637E+03   4.5905151147547875E-02
     100.0000000000000000   1.5597069480000948E+03   4.8170705519231839E-02
     103.9989999999999952   1.3210321162936680E+03   5.7543697479131704E-02
     104.0010000000000048   1.3209291199838963E+03   5.7548521142978766E-02
     110.0000000000000000   1.0676156846128122E+03   7.2449066066022652E-02
     120.0000000000000000   8.0308734565512964E+02   9.9079712580562029E-02
     130.0000000000000000   6.4253919740893843E+02   1.2728817349158805E-01
     140.0000000000000000   5.3715777252206840E+02   1.5635468611540312E-01
     150.0000000000000000   4.6417929359043205E+02   1.8560081445868684E-01
     153.9989999999999952   4.4118796945373305E+02   1.9720542365363630E-01
     154.0010000000000048   4.4117720037122155E+02   1.9721119884231220E-01
     160.0000000000000000   4.1167806465345967E+02   2.1440843674576254E-01
     167.9989999999999952   3.7974297764980736E+02   2.3677823980942064E-01
     168.0010000000000048   3.7973587257565970E+02   2.3678373992777704E-01
     169.9989999999999952   3.7284102327540717E+02   2.4224803659616398E-01
     170.0000000000000000   3.7283767047609621E+02   2.4225075636082954E-01
     170.0010000000000048   3.7283431777043808E+02   2.4225347611164369E-01
     180.0000000000000000   3.4349160908578438E+02   2.6871680939261855E-01
     190.0000000000000000   3.2095827219097714E+02   2.9351849034462502E-01
     200.0000000000000000   3.0343990745634648E+02   3.1648309988326639E-01
     210.0000000000000000   2.8969273700888249E+02   3.3753487322377090E-01
     220.0000000000000000   2.7883359852992498E+02   3.5667311718507039E-01
     230.0000000000000000   2.7022176538334116E+02   3.7395098665324256E-01
     231.9989999999999952   2.6872580347680514E+02   3.7718908909380588E-01
     232.0010000000000048   2.6872434150598946E+02   3.7719229283254652E-01
     233.9989999999999952   2.6729656572809404E+02   3.8035865282389097E-01
     234.0010000000000048   2.6729516966004030E+02   3.8036178690756639E-01
     236.9989999999999952   2.6527267609488939E+02   3.8498347529751770E-01
     237.0010000000000048   2.6527137351161650E+02   3.8498650654564598E-01
     240.0000000000000000   2.6338385388768580E+02   3.8945707789175965E-01
     250.0000000000000000   2.5796454592814246E+02   4.0330082429149544E-01
     260.0000000000000000   2.5369294133042843E+02   4.1560252145559351E-01
     270.0000000000000000   2.5035985237746203E+02   4.2648560190747509E-01
     280.0000000000000000   2.4780182788873142E+02   4.3607152941714217E-01
     290.0000000000000000   2.4588966394994642E+02   4.4447671741280259E-01
     300.0000000000000000   2.4452011962677844E+02   4.5181083963313712E-01
     310.0000000000000000   2.4360994854949098E+02   4.5817570028265220E-01
     320.0000000000000000   2.4309138353537608E+02   4.6366501955462480E-01
     330.0000000000000000   2.4290880123474992E+02   4.6836449948409387E-01
     340.0000000000000000   2.4301620318725054E+02   4.7235202949039856E-01
     350.0000000000000000   2.4337524909085960E+02   4.7569824963610124E-01
     360.0000000000000000   2.4395380117409971E+02   4.7846695621911312E-01
     370.0000000000000000   2.4472469915539972E+02   4.8071578166302453E-01
     380.0000000000000000   2.4566487858621821E+02   4.8249668991534456E-01
     390.0000000000000000   2.4675466563249105E+02   4.8385640022847554E-01
     398.9990000000000236   2.4784923148283394E+02   4.8475485456063910E-01
     399.0009999999999764   2.4784948589522500E+02   4.8475502216396216E-01
     400.0000000000000000   2.4797714854020577E+02   4.8483705255023729E-01
     410.0000000000000000   2.4931774304006225E+02   4.8547657231859265E-01
     415.9990000000000236   2.5017331634489150E+02   4.8571086224416593E-01
     416.0009999999999764   2.5017360765403896E+02   4.8571092264685556E-01
     420.0000000000000000   2.5076381635762112E+02   4.8580908249991495E-01
     430.0000000000000000   2.5230435608819926E+02   4.8586537000506441E-01
     440.0000000000000000   2.5392975674937688E+02   4.8567311844691363E-01
     450.0000000000000000   2.5563158132590976E+02   4.8525730438344322E-01
     460.0000000000000000   2.5740239934128658E+02   4.8464047123993204E-01
     470.0000000000000000   2.5923564159637749E+02   4.8384296878992783E-01
     480.0000000000000000   2.6112549684103169E+02   4.8288313984399300E-01
     490.0000000000000000   2.6306678804449859E+02   4.8177758937920506E-01
     500.0000000000000000   2.6505490259678015E+02   4.8054132096839813E-01
     510.0000000000000000   2.6708570988958314E+02   4.7918792556442513E-01
     510.9989999999999668   2.6729078814528106E+02   4.7904676750282676E-01
     511.0009999999999195   2.6729119910782640E+02   4.7904648384252813E-01
     520.0000000000000000   2.6915551512280916E+02   4.7772968459989840E-01
     530.0000000000000000   2.7126098932364630E+02   4.7617774799939200E-01
     540.0000000000000000   2.7339913714837945E+02   4.7454221236638189E-01
     550.0000000000000000   2.7556725054615458E+02   4.7283224478443148E-01
     560.0000000000000000   2.7776288552645588E+02   4.7105614263059364E-01
     570.0000000000000000   2.7998381651167148E+02   4.6922147337163211E-01
     580.0000000000000000   2.8222803221543234E+02   4.6733507638390004E-01
     590.0000000000000000   2.8449368704806636E+02   4.6540321159369602E-01
     600.0000000000000000   2.8677911076002738E+02   4.6343153194139081E-01
     610.0000000000000000   2.8908277449507148E+02   4.6142518928598097E-01
     620.0000000000000000   2.9140327684602602E+02   4.5938888252021232E-01
     630.0000000000000000   2.9373933147422576E+02   4.5732688701365021E-01
     640.0000000000000000   2.9608976373992135E+02   4.5524308414612658E-01
     650.0000000000000000   2.9845349105856195E+02   4.5314101028221127E-01
     660.0000000000000000   3.0082951591636817E+02   4.5102389383050234E-01
     670.0000000000000000   3.0321692160027732E+02   4.4889466778028070E-01
     680.0000000000000000   3.0561485632209246E+02   4.4675601491473999E-01
     690.0000000000000000   3.0802254160974491E+02   4.4461035830402079E-01
     700.0000000000000000   3.1043925415203358E+02   4.4245990908580218E-01
     710.0000000000000000   3.1286431979463447E+02   4.4030669846161136E-01
     720.0000000000000000   3.1529711815236203E+02   4.3815255622848837E-01
     730.0000000000000000   3.1773707311710717E+02   4.3599915103741488E-01
     740.0000000000000000   3.2018364817411680E+02   4.3384800085483344E-01
     750.0000000000000000   3.2263634395962310E+02   4.3170049167787267E-01
     760.0000000000000000   3.2509469942081211E+02   4.2955786505482396E-01
     770.0000000000000000   3.2755828151628918E+02   4.2742126414141851E-01
     780.0000000000000000   3.3002668650996657E+02   4.2529171993589254E-01
     790.0000000000000000   3.3249954015638548E+02   4.2317016068162017E-01
     800.0000000000000000   3.3497649097289212E+02   4.2105743290248193E-01
     810.0000000000000000   3.3745721252375688E+02   4.1895429235869119E-01
     820.0000000000000000   3.3994139584814707E+02   4.1686143468618297E-01
     830.0000000000000000   3.4242875786942892E+02   4.1477946302809687E-01
     840.0000000000000000   3.4491902577325402E+02   4.1270894575958200E-01
     850.0000000000000000   3.4741195275463662E+02   4.1065036390141912E-01
     860.0000000000000000   3.4990729913248242E+02   4.0860417165481866E-01
     870.0000000000000000   3.5209920529997265E+02   4.0773851056198873E-01
     880.0000000000000000   3.5462687755647892E+02   4.0567590924067376E-01
     890.0000000000000000   3.5715156635319875E+02   4.0364453041905107E-01
     900.0000000000000000   3.5967330326040911E+02   4.0164363826803184E-01
     910.0000000000000000   3.6219212446246542E+02   3.9967250569834983E-01
     920.0000000000000000   3.6470806155945985E+02   3.9773044158159404E-01
     930.0000000000000000   3.6722115122907792E+02   3.9581676170644303E-01
     940.0000000000000000   3.6973142794315419E+02   3.9393081054536155E-01
     950.0000000000000000   3.7223892622146383E+02   3.9207195204238965E-01
     960.0000000000000000   3.7474368068746094E+02   3.9023956780790353E-01
     970.0000000000000000   3.7724572740634687E+02   3.8843305546009338E-01
     980.0000000000000000   3.7974509985954319E+02   3.8665183532695752E-01
     990.0000000000000000   3.8224183369991249E+02   3.8489534172062723E-01
    1000.0000000000000000   3.8473596368114698E+02   3.8316302451176165E-01
    1100.0000000000000000   4.0986053689979263E+02   3.6594119998332902E-01
    1200.0000000000000000   4.3501172592048795E+02   3.4984314252925475E-01
    1300.0000000000000000   4.5988289186234033E+02   3.3566536202349784E-01
    1400.0000000000000000   4.8477576178017534E+02   3.2221493826408010E-01
    1500.0000000000000000   5.0967878261614567E+02   3.0942040089588851E-01
    1600.0000000000000000   5.3408293332285052E+02   2.9868196510721040E-01
    1700.0000000000000000   5.5876373320376933E+02   2.8759581008467044E-01
    1800.0000000000000000   5.8298745924656646E+02   2.7819846958869099E-01
    1843.9990000000000236   5.9373250293819854E+02   2.7393083802207002E-01
    1844.0009999999999764   5.9373301151319561E+02   2.7393059104492662E-01
    1900.0000000000000000   6.0724834994447360E+02   2.6901897478659403E-01
    2000.0000000000000000   6.3132003967801825E+02   2.6062159038697830E-01
    2100.0000000000000000   6.5521617596841895E+02   2.5290646966244401E-01
    2200.0000000000000000   6.7915832639397524E+02   2.4527521215889905E-01
    2300.0000000000000000   7.0273231865332491E+02   2.3871304566244000E-01
    2400.0000000000000000   7.2636280287725913E+02   2.3215037830347926E-01
    2475.9989999999997963   7.4423289249952234E+02   2.2745406832482790E-01
    2476.0010000000002037   7.4423337726913371E+02   2.2745391229612585E-01
    2500.0000000000000000   7.4984934057799069E+02   2.2604622538376279E-01
    2526.9989999999997963   7.5618245842280930E+02   2.2443495836088512E-01
    2527.0010000000002037   7.5618294164525366E+02   2.2443480731529183E-01
    2600.0000000000000000   7.7320006482681276E+02   2.2035245831502792E-01
    2631.9989999999997963   7.8069805715253847E+02   2.1849164775231683E-01
    2632.0010000000002037   7.8069853732030458E+02   2.1849150621602928E-01
    2700.0000000000000000   7.9661127368182918E+02   2.1461543172351022E-01
    2800.0000000000000000   8.1970784784945749E+02   2.0963951163763286E-01
    2871.9989999999997963   8.3624349071380232E+02   2.0629076798313806E-01
    2872.0010000000002037   8.3624396444899116E+02   2.0629064487615278E-01
    2900.0000000000000000   8.4287165858430342E+02   2.0458243467397899E-01
    3000.0000000000000000   8.6573912783526362E+02   2.0019374406162557E-01
    3100.0000000000000000   8.8867845491150126E+02   1.9569811018604980E-01
    3200.0000000000000000   9.1151196881523447E+02   1.9145320867890564E-01
    3300.0000000000000000   9.3424417930207414E+02   1.8743800210639872E-01
    3400.0000000000000000   9.5687928722744243E+02   1.8363378611212064E-01
    3500.0000000000000000   9.7942122608375450E+02   1.8002384715171976E-01
    3600.0000000000000000   1.0018736753480575E+03   1.7659321899005564E-01
    3700.0000000000000000   1.0244036774193478E+03   1.7303460049953046E-01
    3800.0000000000000000   1.0466848208417043E+03   1.6993179814794851E-01
    3900.0000000000000000   1.0688862127302368E+03   1.6697132000162035E-01
    4000.0000000000000000   1.0911683329413113E+03   1.6387308629102942E-01
    4100.0000000000000000   1.1132161097453741E+03   1.6117556966443600E-01
    4200.0000000000000000   1.1353463250098191E+03   1.5833657876032783E-01
    4300.0000000000000000   1.1574039679205707E+03   1.5561747003974782E-01
    4400.0000000000000000   1.1792384906246989E+03   1.5325575277840037E-01
    4500.0000000000000000   1.2011579700006935E+03   1.5074925931498570E-01
    4600.0000000000000000   1.2230111775734601E+03   1.4834185038731582E-01
    4700.0000000000000000   1.2447998895836388E+03   1.4602778929893787E-01
    4800.0000000000000000   1.2665258354347397E+03   1.4380173129595269E-01
    4900.0000000000000000   1.2881907436587987E+03   1.4165862487000153E-01
    5000.0000000000000000   1.3097962979762108E+03   1.3959375313560066E-01
    5100.0000000000000000   1.3313441048452394E+03   1.3760275512936573E-01
    5200.0000000000000000   1.3528356882861781E+03   1.3568160678810864E-01
    5300.0000000000000000   1.3742724943443586E+03   1.3382659048393594E-01
    5400.0000000000000000   1.3956558862838524E+03   1.3203428039461851E-01
    5500.0000000000000000   1.4169871349106829E+03   1.3030153669927705E-01
    5600.0000000000000000   1.4384055906588515E+03   1.2843620318494403E-01
    5700.0000000000000000   1.4596350334289307E+03   1.2681730504255961E-01
    5800.0000000000000000   1.4808162821274873E+03   1.2524903586481756E-01
    5900.0000000000000000   1.5019503578838437E+03   1.2372910429685821E-01
    6000.0000000000000000   1.5231720711293501E+03   1.2208007623274345E-01
    6100.0000000000000000   1.5442128482878129E+03   1.2065425467190292E-01
    6200.0000000000000000   1.5652101152260625E+03   1.1926953521783173E-01
    6300.0000000000000000   1.5862951600844237E+03   1.1775864919866179E-01
    6400.0000000000000000   1.6072048693479837E+03   1.1645599237500179E-01
    6500.0000000000000000   1.6282043367874121E+03   1.1502709782008244E-01
    6600.0000000000000000   1.6490300233333387E+03   1.1379948386494741E-01
    6700.0000000000000000   1.6699468552279272E+03   1.1244622329373992E-01
    6800.0000000000000000   1.6906921261972475E+03   1.1128704627602708E-01
    6900.0000000000000000   1.7115290962925794E+03   1.1000371812002512E-01
    7000.0000000000000000   1.7321972649876534E+03   1.0890716804621162E-01
    7100.0000000000000000   1.7529570580795480E+03   1.0768856664475836E-01
    7200.0000000000000000   1.7736793309845957E+03   1.0650143889327722E-01
    7300.0000000000000000   1.7942363498441644E+03   1.0549091986778214E-01
    7400.0000000000000000   1.8148859978487669E+03   1.0436067267363354E-01
    7500.0000000000000000   1.8353725856162439E+03   1.0340154949149835E-01
    7600.0000000000000000   1.8559514519860884E+03   1.0232473140392696E-01
    7700.0000000000000000   1.8764961143074067E+03   1.0127370767490212E-01
    7800.0000000000000000   1.8970057456460395E+03   1.0024905096340174E-01
    7900.0000000000000000   1.9173584870597424E+03   9.9382138365157940E-02
    8000.0000000000000000   1.9378034299495807E+03   9.8401905292284722E-02
    8100.0000000000000000   1.9582156933867066E+03   9.7444672740288354E-02
    8200.0000000000000000   1.9785946303030005E+03   9.6510827023455384E-02
    8300.0000000000000000   1.9988223125531154E+03   9.5723415705655165E-02
    8400.0000000000000000   2.0191413319284125E+03   9.4827291930766389E-02
    8500.0000000000000000   2.0394298809291176E+03   9.3950981270997588E-02
    8600.0000000000000000   2.0596878538746741E+03   9.3094392371795759E-02
    8700.0000000000000000   2.0799151827640217E+03   9.2257365576201594E-02
    8800.0000000000000000   2.1001138009471792E+03   9.1437805133181574E-02
    8900.0000000000000000   2.1201683676405282E+03   9.0750470425202179E-02
    9000.0000000000000000   2.1403120347170320E+03   8.9961882105252342E-02
    9100.0000000000000000   2.1604279815658078E+03   8.9189419954750618E-02
    9200.0000000000000000   2.1805165228544761E+03   8.8432654927211835E-02
    9300.0000000000000000   2.2005776164926283E+03   8.7691484615227022E-02
    9400.0000000000000000   2.2206115170929338E+03   8.6965539746663698E-02
    9500.0000000000000000   2.2406188663368157E+03   8.6254110331460188E-02
    9600.0000000000000000   2.2606003464066334E+03   8.5556464593432455E-02
    9700.0000000000000000   2.2805564607741176E+03   8.4872046701276072E-02
    9800.0000000000000000   2.3004875483558449E+03   8.4200461629230533E-02
    9900.0000000000000000   2.3203938751855926E+03   8.3541390205151084E-02
   10000.0000000000000000   2.3402756980669806E+03   8.2894529911377385E-02
   11000.0000000000000000   2.5378119449073497E+03   7.7027264506266527E-02
   12000.0000000000000000   2.7334011765850751E+03   7.1909108518863840E-02
   13000.0000000000000000   2.9270515599021360E+03   6.7530265827823677E-02
   14000.0000000000000000   3.1189423424814981E+03   6.3743935464380008E-02
   15000.0000000000000000   3.3093388891967647E+03   6.0361468945363553E-02
   16000.0000000000000000   3.4983670695627438E+03   5.7310945139082844E-02
   17000.0000000000000000   3.6860283626597234E+03   5.4604040498575229E-02
   18000.0000000000000000   3.8724431431625353E+03   5.2174031853086000E-02
   19000.0000000000000000   4.0577796236441422E+03   4.9930007668616015E-02
   20000.0000000000000000   4.2418810140114128E+03   4.7971811559727948E-02
   20005.9989999999997963   4.2429866286434517E+03   4.7958196701416669E-02
   20006.0010000000002037   4.2429869974790017E+03   4.7958192049245542E-02
   21000.0000000000000000   4.4251785394862591E+03   4.6070094482981633E-02
   22000.0000000000000000   4.6073976803247861E+03   4.4386444175718395E-02
   23000.0000000000000000   4.7886974279830047E+03   4.2841838151308660E-02
   24000.0000000000000000   4.9692088710057042E+03   4.1379229163100995E-02
   25000.0000000000000000   5.1488884664817342E+03   4.0030407559223151E-02
   26000.0000000000000000   5.3277883468203227E+03   3.8777342961897637E-02
   27000.0000000000000000   5.5060009698188014E+03   3.7588190849366092E-02
   28000.0000000000000000   5.6834720865876834E+03   3.6484692647873823E-02
   29000.0000000000000000   5.8602234304705125E+03   3.5471759139622611E-02
   30000.0000000000000000   6.0364184828912666E+03   3.4481719868715469E-02
   31000.0000000000000000   6.2120256814363529E+03   3.3539884897902598E-02
   32000.0000000000000000   6.3868201266152209E+03   3.2726684091140816E-02
   33000.0000000000000000   6.5612066053693889E+03   3.1899881726327371E-02
   34000.0000000000000000   6.7350201539837517E+03   3.1123040822880157E-02
   35000.0000000000000000   6.9082434856215286E+03   3.0403998776238731E-02
   36000.0000000000000000   7.0811607473736012E+03   2.9652260917521506E-02
   37000.0000000000000000   7.2533658745497987E+03   2.9005616145146806E-02
   38000.0000000000000000   7.4252078936277767E+03   2.8352583477848747E-02
   39000.0000000000000000   7.5963598225012283E+03   2.7797769407644092E-02
   40000.0000000000000000   7.7672177851244332E+03   2.7217770546929265E-02
   41000.0000000000000000   7.9375810045517310E+03   2.6682583725632654E-02
   42000.0000000000000000   8.1077094541449032E+03   2.6112943242994315E-02
   43000.0000000000000000   8.2773476462092713E+03   2.5591384539266650E-02
   44000.0000000000000000   8.4463901772918580E+03   2.5142428830314912E-02
   45000.0000000000000000   8.6153076431371501E+03   2.4637578425563949E-02
   46000.0000000000000000   8.7835892982598525E+03   2.4221426238040463E-02
   47000.0000000000000000   8.9517020426066119E+03   2.3768917291810972E-02
   48000.0000000000000000   9.1193960413005243E+03   2.3346320904156583E-02
   49000.0000000000000000   9.2865482876075457E+03   2.2985826435989013E-02
   50000.0000000000000000   9.4534633758706987E+03   2.2613124396066921E-02
