       0.1000000000000000   1.6725157174878248E+01   1.7407634574997397E-03
       0.2000000000000000   1.4749463512149552E+01   3.3927854870184084E-03
       0.3000000000000000   1.4108611933866586E+01   5.0233805520335838E-03
       0.4000000000000000   1.3878430987828805E+01   6.5705025172359864E-03
       0.5000000000000000   1.3773454756961575E+01   8.0904721815084589E-03
       0.6000000000000000   1.3728618837019171E+01   9.5866446022929604E-03
       0.7000000000000000   1.3718528033531801E+01   1.1062047918308893E-02
       0.7999999999999999   1.3729225462156256E+01   1.2518864392097451E-02
       0.8999999999999999   1.3754219108009686E+01   1.3955049412699439E-02
       0.9999999999999999   1.3787437755941465E+01   1.5376722157421887E-02
       2.0000000000000000   1.4254478355115538E+01   2.8882650545985294E-02
       3.0000000000000000   1.4691957597957384E+01   4.1583878825180068E-02
       4.0000000000000000   1.5040564691049626E+01   5.3902953030709626E-02
       5.0000000000000000   1.5306969719481778E+01   6.6095487965030134E-02
       6.0000000000000000   1.5503933330192128E+01   7.8332862932610506E-02
       7.0000000000000000   1.5643406495254425E+01   9.0731790412920788E-02
       8.0000000000000000   1.5734561318196164E+01   1.0338316813573432E-01
       9.0000000000000000   1.5784775231473040E+01   1.1636086239881226E-01
      10.0000000000000000   1.5799791143499448E+01   1.2972987792035318E-01
      11.0000000000000000   1.5784347003300603E+01   1.4354795579527724E-01
      12.0000000000000000   1.5742272122462371E+01   1.5786891518459573E-01
      13.0000000000000000   1.5676797870233841E+01   1.7274425108114058E-01
      14.0000000000000000   1.5590500016452278E+01   1.8822657502375936E-01
      15.0000000000000000   1.5485580095950860E+01   2.0436894402700084E-01
      16.0000000000000000   1.5363943241417841E+01   2.2122519412205793E-01
      17.0000000000000000   1.5227165537452349E+01   2.3885260980216047E-01
      18.0000000000000000   1.5076647642231961E+01   2.5731103355208790E-01
      19.0000000000000000   1.4913571513353904E+01   2.7666426789495846E-01
      20.0000000000000000   1.4738976188740507E+01   2.9698096811535329E-01
      21.0000000000000000   1.4553761332341649E+01   3.1833522228583799E-01
      22.0000000000000000   1.4358732281635570E+01   3.4080680543432457E-01
      23.0000000000000000   1.4154596195898392E+01   3.6448251214455613E-01
      24.0000000000000000   1.3941972415459507E+01   3.8945732689633905E-01
      25.0000000000000000   1.3721419915551076E+01   4.1583482936513672E-01
      26.0000000000000000   1.3493441776750212E+01   4.4372843820119251E-01
      27.0000000000000000   1.3258494925113164E+01   4.7326248752180788E-01
      28.0000000000000000   1.3017001465765562E+01   5.0457332562248380E-01
      29.0000000000000000   1.2769353079171372E+01   5.3781062526060042E-01
      30.0000000000000000   1.2515926002272662E+01   5.7313845925333307E-01
      31.0000000000000000   1.2257084277890241E+01   6.1073656353016115E-01
      32.0000000000000000   1.1993196282879943E+01   6.5080116412504674E-01
      33.0000000000000000   1.1724638494725223E+01   6.9354594744261744E-01
      34.0000000000000000   1.1451812529300714E+01   7.3920220565096917E-01
      35.0000000000000000   1.1175156098981146E+01   7.8801847132308067E-01
      36.0000000000000000   1.0895158575251122E+01   8.4025905260922307E-01
      37.0000000000000000   1.0612377199223182E+01   8.9620107964036855E-01
      38.0000000000000000   1.0327454923553306E+01   9.5612949962938609E-01
      39.0000000000000000   1.0041138015590542E+01   1.0203293961634183E+00
      40.0000000000000000   9.7542939619348932E+00   1.0890749516923626E+00
      41.0000000000000000   9.4679251861247735E+00   1.1626145945405082E+00
      41.9990000000000023   9.1834611197739022E+00   1.2410709465265124E+00
      42.0000000000000000   9.1831775993991318E+00   1.2411520325896646E+00
      42.0009999999999977   9.1828940819227132E+00   1.2412331237946999E+00
      43.0000000000000000   8.9013391049818829E+00   1.3248236734402756E+00
      44.0000000000000000   8.6238240311734042E+00   1.4136737474884684E+00
      44.9990000000000023   8.3524083041012762E+00   1.5075333469112746E+00
      45.0000000000000000   8.3521400482340571E+00   1.5076297958028200E+00
      45.0009999999999977   8.3518717997496790E+00   1.5077262496031683E+00
      46.0000000000000000   8.0878368689080826E+00   1.6064820272898899E+00
      47.0000000000000000   7.8324381048316356E+00   1.7098709202152709E+00
      48.0000000000000000   7.5873632801018882E+00   1.8172868193774405E+00
      49.0000000000000000   7.3538501623297803E+00   1.9280836574029934E+00
      50.0000000000000000   7.1328890485141443E+00   2.0415062488192368E+00
      51.0000000000000000   6.9251790034380738E+00   2.1567277984072954E+00
      52.0000000000000000   6.7311115383234901E+00   2.2728922632046817E+00
      53.0000000000000000   6.5507812200465105E+00   2.3891557243509940E+00
      54.0000000000000000   6.3840181827056748E+00   2.5047218892696304E+00
      55.0000000000000000   6.2304344842985984E+00   2.6188687504138310E+00
      56.0000000000000000   6.0894762072993327E+00   2.7309654742590266E+00
      57.0000000000000000   5.9604745342326249E+00   2.8404801038757501E+00
      58.0000000000000000   5.8426908700241551E+00   2.9469802054682823E+00
      59.0000000000000000   5.7353545167435858E+00   3.0501278690781675E+00
      60.0000000000000000   5.6376918998635865E+00   3.1496712953849797E+00
      61.0000000000000000   5.5489473914070917E+00   3.2454349764192636E+00
      62.0000000000000000   5.4683979757223860E+00   3.3373088757954319E+00
      63.0000000000000000   5.3953622148149565E+00   3.4252380537176235E+00
      64.0000000000000000   5.3292051103420581E+00   3.5092129847310596E+00
      65.0000000000000000   5.2693399870376947E+00   3.5892608722941319E+00
      66.0000000000000000   5.2152282581928207E+00   3.6654380604865775E+00
      67.0000000000000000   5.1663778015501105E+00   3.7378235364196200E+00
      67.9989999999999952   5.1223822463277582E+00   3.8064465759731227E+00
      68.0000000000000000   5.1223404743944778E+00   3.8065134553125262E+00
      68.0010000000000048   5.1222987068640187E+00   3.8065803310644197E+00
      69.0000000000000000   5.0827091457657847E+00   3.8716165884783034E+00
      70.0000000000000000   5.0471145158821091E+00   3.9332505813222389E+00
      71.0000000000000000   5.0152219048099012E+00   3.9915389100519856E+00
      72.0000000000000000   4.9867281307148348E+00   4.0466084301009158E+00
      73.0000000000000000   4.9613585448904791E+00   4.0985874218258660E+00
      74.0000000000000000   4.9388642672083334E+00   4.1476040492278763E+00
      75.0000000000000000   4.9190196291134400E+00   4.1937851701306927E+00
      76.0000000000000000   4.9016198947391674E+00   4.2372553719704511E+00
      77.0000000000000000   4.8864790867225922E+00   4.2781363429722807E+00
      78.0000000000000000   4.8734281319798320E+00   4.3165463193909916E+00
      79.0000000000000000   4.8623131422973831E+00   4.3525997357708475E+00
      80.0000000000000000   4.8529938833090247E+00   4.3864069833571673E+00
      81.0000000000000000   4.8453424037802382E+00   4.4180742633519952E+00
      82.0000000000000000   4.8392418123023315E+00   4.4477035151951068E+00
      83.0000000000000000   4.8345851821570358E+00   4.4753924035770360E+00
      84.0000000000000000   4.8312745728149364E+00   4.5012343513191722E+00
      85.0000000000000000   4.8292201588159589E+00   4.5253186070624478E+00
      86.0000000000000000   4.8283394490820166E+00   4.5477303394432456E+00
      87.0000000000000000   4.8285565890293185E+00   4.5685507523209461E+00
      88.0000000000000000   4.8298017422264730E+00   4.5878572056744105E+00
      89.0000000000000000   4.8320105237861064E+00   4.6057233623665850E+00
      90.0000000000000000   4.8351235047982026E+00   4.6222193242880358E+00
      91.0000000000000000   4.8390857633711999E+00   4.6374117798131946E+00
      92.0000000000000000   4.8438464813010933E+00   4.6513641504965388E+00
      93.0000000000000000   4.8493585818799216E+00   4.6641367369254967E+00
      94.0000000000000000   4.8555784039623147E+00   4.6757868624256131E+00
      95.0000000000000000   4.8624654082656402E+00   4.6863690136259484E+00
      96.0000000000000000   4.8699819124667671E+00   4.6959349771505208E+00
      97.0000000000000000   4.8780928519363860E+00   4.7045339719083747E+00
      98.0000000000000000   4.8867655630496429E+00   4.7122127766484052E+00
      99.0000000000000000   4.8959695886759684E+00   4.7190158523814771E+00
     100.0000000000000000   4.9056764983394903E+00   4.7249854599656747E+00
     103.9989999999999952   4.9490150718153707E+00   4.7413008727838015E+00
     104.0010000000000048   4.9490384031428274E+00   4.7413062470123526E+00
     110.0000000000000000   5.0253165778678541E+00   4.7467746334175569E+00
     120.0000000000000000   5.1743101923084023E+00   4.7190694815512213E+00
     130.0000000000000000   5.3418268096636412E+00   4.6611400831567336E+00
     140.0000000000000000   5.5214930891084331E+00   4.5850032625820445E+00
     150.0000000000000000   5.7017894505856104E+00   4.5188172067495236E+00
     153.9989999999999952   5.7835599168010212E+00   4.4722228646277777E+00
     154.0010000000000048   5.7836083996505225E+00   4.4721824250866371E+00
     160.0000000000000000   5.8989709551032279E+00   4.4210926137328563E+00
     167.9989999999999952   6.0558299196117638E+00   4.3493966295176696E+00
     168.0010000000000048   6.0558776778949861E+00   4.3493595967311549E+00
     169.9989999999999952   6.0967975750279892E+00   4.3280427480073511E+00
     170.0000000000000000   6.0968214089601735E+00   4.3280244799412655E+00
     170.0010000000000048   6.0968452415089454E+00   4.3280062142236559E+00
     180.0000000000000000   6.2950610128775306E+00   4.2395271314096696E+00
     190.0000000000000000   6.4993800196158382E+00   4.1421525265762291E+00
     200.0000000000000000   6.7030705767239489E+00   4.0506489293857033E+00
     210.0000000000000000   6.9061054948008254E+00   3.9645187887845643E+00
     220.0000000000000000   7.1084742278326658E+00   3.8833095340867607E+00
     230.0000000000000000   7.3101770410545130E+00   3.8066121332854150E+00
     231.9989999999999952   7.3552421593398289E+00   3.7814269601332571E+00
     232.0010000000000048   7.3552872201798989E+00   3.7814019421928511E+00
     233.9989999999999952   7.3954295531614793E+00   3.7668704967663036E+00
     234.0010000000000048   7.3954745406961075E+00   3.7668457500479509E+00
     236.9989999999999952   7.4533000319056351E+00   3.7503802422383918E+00
     237.0010000000000048   7.4533449001270320E+00   3.7503558548260090E+00
     240.0000000000000000   7.5158607900599366E+00   3.7241270095979577E+00
     250.0000000000000000   7.7205165844247361E+00   3.6464289676487613E+00
     260.0000000000000000   7.9241862539935841E+00   3.5730968150686429E+00
     270.0000000000000000   8.1269107536292253E+00   3.5037573828333395E+00
     280.0000000000000000   8.3328201608625125E+00   3.4298105455525092E+00
     290.0000000000000000   8.5336317999285232E+00   3.3678424562975411E+00
     300.0000000000000000   8.7374838985050598E+00   3.3013289973938855E+00
     310.0000000000000000   8.9365447477341551E+00   3.2455779583212054E+00
     320.0000000000000000   9.1385050794710843E+00   3.1853770916473607E+00
     330.0000000000000000   9.3395366170344580E+00   3.1281056156509370E+00
     340.0000000000000000   9.5396758950603839E+00   3.0735454987788660E+00
     350.0000000000000000   9.7389574752282648E+00   3.0215001416724085E+00
     360.0000000000000000   9.9374140346831172E+00   2.9717918068249851E+00
     370.0000000000000000   1.0138392202010015E+01   2.9182779672689532E+00
     380.0000000000000000   1.0335216286528309E+01   2.8729577569905169E+00
     390.0000000000000000   1.0531304268687895E+01   2.8295241010031429E+00
     398.9990000000000236   1.0709352854795007E+01   2.7881112851396641E+00
     399.0009999999999764   1.0709393756500239E+01   2.7880998156473016E+00
     400.0000000000000000   1.0729820287152734E+01   2.7823835187024617E+00
     410.0000000000000000   1.0924442634473086E+01   2.7425258348283394E+00
     415.9990000000000236   1.1043324495692522E+01   2.7151764898257582E+00
     416.0009999999999764   1.1043365108328580E+01   2.7151657380630771E+00
     420.0000000000000000   1.1121439343606307E+01   2.6990361158486009E+00
     430.0000000000000000   1.1317696722329295E+01   2.6572717653012807E+00
     440.0000000000000000   1.1510265865533004E+01   2.6220505014528217E+00
     450.0000000000000000   1.1705142771319487E+01   2.5833130157004822E+00
     460.0000000000000000   1.1899344296661935E+01   2.5460179190283005E+00
     470.0000000000000000   1.2092889484533403E+01   2.5100838882039400E+00
     480.0000000000000000   1.2285797329187059E+01   2.4754344746463239E+00
     490.0000000000000000   1.2475313603440162E+01   2.4463607937930409E+00
     500.0000000000000000   1.2667032546279973E+01   2.4139775273129001E+00
     510.0000000000000000   1.2858165191827068E+01   2.3826871049320291E+00
     510.9989999999999668   1.2877765311586534E+01   2.3787878869207573E+00
     511.0009999999999195   1.2877804545115445E+01   2.3787800947475017E+00
     520.0000000000000000   1.3048727234369517E+01   2.3524329151082046E+00
     530.0000000000000000   1.3241377504175487E+01   2.3191624405834443E+00
     540.0000000000000000   1.3430810618426282E+01   2.2909083714928133E+00
     550.0000000000000000   1.3619716121475395E+01   2.2635402875230710E+00
     560.0000000000000000   1.3808107138123225E+01   2.2370156900964537E+00
     570.0000000000000000   1.3995996332350412E+01   2.2112947158156020E+00
     580.0000000000000000   1.4185911730966842E+01   2.1827131413687053E+00
     590.0000000000000000   1.4372803376170753E+01   2.1585552564371029E+00
     600.0000000000000000   1.4559227866036418E+01   2.1350942369061543E+00
     610.0000000000000000   1.4745195281412505E+01   2.1123003182418194E+00
     620.0000000000000000   1.4933134356303803E+01   2.0867715088300978E+00
     630.0000000000000000   1.5118193407271850E+01   2.0652771879738721E+00
     640.0000000000000000   1.5305200609461130E+01   2.0411171449174819E+00
     650.0000000000000000   1.5489387608485904E+01   2.0208159437033797E+00
     660.0000000000000000   1.5675507042746196E+01   1.9979040360669278E+00
     670.0000000000000000   1.5858855024605708E+01   1.9787023380143791E+00
     680.0000000000000000   1.6044122732690134E+01   1.9569379065437504E+00
     690.0000000000000000   1.6226666052790542E+01   1.9387475441106305E+00
     700.0000000000000000   1.6411112851726447E+01   1.9180442986752322E+00
     710.0000000000000000   1.6592884731827962E+01   1.9007849436856101E+00
     720.0000000000000000   1.6776539298103909E+01   1.8810656613202963E+00
     730.0000000000000000   1.6957571747122817E+01   1.8646640542533490E+00
     740.0000000000000000   1.7140460302172333E+01   1.8458600853046587E+00
     750.0000000000000000   1.7322980624918831E+01   1.8274989523404390E+00
     760.0000000000000000   1.7502932044262085E+01   1.8122977349161300E+00
     770.0000000000000000   1.7684727557490362E+01   1.7947541289221303E+00
     780.0000000000000000   1.7866167511733298E+01   1.7776151184194033E+00
     790.0000000000000000   1.8045099983427285E+01   1.7634826580905314E+00
     800.0000000000000000   1.8225853257383843E+01   1.7470762563008326E+00
     810.0000000000000000   1.8406268535249399E+01   1.7310342435393571E+00
     820.0000000000000000   1.8586343141257501E+01   1.7153537766544804E+00
     830.0000000000000000   1.8763993356289365E+01   1.7024847661566880E+00
     840.0000000000000000   1.8943433220249606E+01   1.6874333298679716E+00
     850.0000000000000000   1.9122553925292522E+01   1.6727031548400437E+00
     860.0000000000000000   1.9301355817004477E+01   1.6582890145460192E+00
     870.0000000000000000   1.9479843979518662E+01   1.6441804219057687E+00
     880.0000000000000000   1.9658028764231204E+01   1.6303612130581433E+00
     890.0000000000000000   1.9833910670096806E+01   1.6190887959860627E+00
     900.0000000000000000   2.0011521702623053E+01   1.6057818450251131E+00
     910.0000000000000000   2.0188839502378858E+01   1.5927424875352350E+00
     920.0000000000000000   2.0365867801875776E+01   1.5799631350703711E+00
     930.0000000000000000   2.0542611272272442E+01   1.5674353392941660E+00
     940.0000000000000000   2.0719075558820009E+01   1.5551498025636830E+00
     950.0000000000000000   2.0895266640067973E+01   1.5430971399657272E+00
     960.0000000000000000   2.1071189532248564E+01   1.5312692599203244E+00
     970.0000000000000000   2.1246847889104004E+01   1.5196597214676659E+00
     980.0000000000000000   2.1422244600132540E+01   1.5082630443811276E+00
     990.0000000000000000   2.1597382457180615E+01   1.4970739827732018E+00
    1000.0000000000000000   2.1772264421995231E+01   1.4860872397694793E+00
    1100.0000000000000000   2.3507693546451847E+01   1.3862337854351114E+00
    1200.0000000000000000   2.5222557635881586E+01   1.2999020705739539E+00
    1300.0000000000000000   2.6919084188941902E+01   1.2241916116685678E+00
    1400.0000000000000000   2.8599126412767315E+01   1.1569724216077040E+00
    1500.0000000000000000   3.0262540050255421E+01   1.0980419632733551E+00
    1600.0000000000000000   3.1912277037041235E+01   1.0447284882837453E+00
    1700.0000000000000000   3.3546515115860721E+01   9.9831970128876668E-01
    1800.0000000000000000   3.5170804113802539E+01   9.5451565409054617E-01
    1843.9990000000000236   3.5880485791307365E+01   9.3742385928777516E-01
    1844.0009999999999764   3.5880518132674133E+01   9.3742300112308252E-01
    1900.0000000000000000   3.6781555112230258E+01   9.1598355842009715E-01
    2000.0000000000000000   3.8382308251584803E+01   8.8016507391452836E-01
    2100.0000000000000000   3.9972578379606773E+01   8.4744573702977744E-01
    2200.0000000000000000   4.1554482751345034E+01   8.1648465873235643E-01
    2300.0000000000000000   4.3125338569128829E+01   7.8902833080729617E-01
    2400.0000000000000000   4.4688880581921438E+01   7.6277787773569516E-01
    2475.9989999999997963   4.5871320586965609E+01   7.4423532157011474E-01
    2476.0010000000002037   4.5871351592386681E+01   7.4423486788866078E-01
    2500.0000000000000000   4.6243762593606313E+01   7.3860119130921809E-01
    2526.9989999999997963   4.6662147915175659E+01   7.3238788816530898E-01
    2527.0010000000002037   4.6662178941697512E+01   7.3238739780003403E-01
    2600.0000000000000000   4.7790732839641564E+01   7.1610969800466395E-01
    2631.9989999999997963   4.8284498153368332E+01   7.0903592572267693E-01
    2632.0010000000002037   4.8284529300305607E+01   7.0903532407767278E-01
    2700.0000000000000000   4.9330178917914061E+01   6.9512505968415450E-01
    2800.0000000000000000   5.0861986891148717E+01   6.7571661732646582E-01
    2871.9989999999997963   5.1961691999179287E+01   6.6192407534628006E-01
    2872.0010000000002037   5.1961722558990587E+01   6.6192366746828868E-01
    2900.0000000000000000   5.2388200268902608E+01   6.5685363902995619E-01
    3000.0000000000000000   5.3906754876951084E+01   6.3969195274832669E-01
    3100.0000000000000000   5.5420540519180570E+01   6.2277396273909302E-01
    3200.0000000000000000   5.6927035448610887E+01   6.0736031396463019E-01
    3300.0000000000000000   5.8428668629633030E+01   5.9237883292318161E-01
    3400.0000000000000000   5.9924451807972225E+01   5.7829313187736520E-01
    3500.0000000000000000   6.1414230836498824E+01   5.6518967366535122E-01
    3600.0000000000000000   6.2898978655354419E+01   5.5267287788446717E-01
    3700.0000000000000000   6.4379518462527216E+01   5.4044770251975893E-01
    3800.0000000000000000   6.5854997710573159E+01   5.2881597740247555E-01
    3900.0000000000000000   6.7324798686425964E+01   5.1815516016768970E-01
    4000.0000000000000000   6.8790753148140482E+01   5.0770139155323568E-01
    4100.0000000000000000   7.0253040748588418E+01   4.9740391716187526E-01
    4200.0000000000000000   7.1710198285560935E+01   4.8782910989744510E-01
    4300.0000000000000000   7.3162642713956600E+01   4.7892212020152303E-01
    4400.0000000000000000   7.4613875226626917E+01   4.6930185079675124E-01
    4500.0000000000000000   7.6057743514730532E+01   4.6132083791504913E-01
    4600.0000000000000000   7.7499877516453580E+01   4.5294782174577430E-01
    4700.0000000000000000   7.8935969230830281E+01   4.4561260410986864E-01
    4800.0000000000000000   8.0370914559183859E+01   4.3778114571461091E-01
    4900.0000000000000000   8.1802462305260491E+01   4.3018621388568423E-01
    5000.0000000000000000   8.3230099330203629E+01   4.2300577889431229E-01
    5100.0000000000000000   8.4653977200427903E+01   4.1620309727062732E-01
    5200.0000000000000000   8.6074176032699171E+01   4.0976565178726609E-01
    5300.0000000000000000   8.7490883920026079E+01   4.0364252400547057E-01
    5400.0000000000000000   8.8903667466173104E+01   3.9796910850892414E-01
    5500.0000000000000000   9.0316897000447682E+01   3.9142190768478535E-01
    5600.0000000000000000   9.1725431716085055E+01   3.8558392353947052E-01
    5700.0000000000000000   9.3128688648570105E+01   3.8057761414833757E-01
    5800.0000000000000000   9.4533303230720264E+01   3.7454073989639275E-01
    5900.0000000000000000   9.5930181014392787E+01   3.7011526517424048E-01
    6000.0000000000000000   9.7329705280829643E+01   3.6434321392779589E-01
    6100.0000000000000000   9.8725317005492514E+01   3.5903145998710911E-01
    6200.0000000000000000   1.0011261409992389E+02   3.5539592470276887E-01
    6300.0000000000000000   1.0150392487690047E+02   3.5013573051406344E-01
    6400.0000000000000000   1.0289094716805560E+02   3.4552989596067063E-01
    6500.0000000000000000   1.0427517819646457E+02   3.4098974981882096E-01
    6600.0000000000000000   1.0565813110408514E+02   3.3643081181424106E-01
    6700.0000000000000000   1.0703708660275254E+02   3.3229081130054072E-01
    6800.0000000000000000   1.0841427219492464E+02   3.2816949074360763E-01
    6900.0000000000000000   1.0978820075185219E+02   3.2441059350739060E-01
    7000.0000000000000000   1.1115975684038058E+02   3.2072653671057855E-01
    7100.0000000000000000   1.1252961518187105E+02   3.1705628069681335E-01
    7200.0000000000000000   1.1389587183289132E+02   3.1379253650385275E-01
    7300.0000000000000000   1.1525994800165734E+02   3.1057203617881723E-01
    7400.0000000000000000   1.1662862116854323E+02   3.0595567524706480E-01
    7500.0000000000000000   1.1798775923034739E+02   3.0303484408768960E-01
    7600.0000000000000000   1.1934618759736897E+02   3.0008921568649582E-01
    7700.0000000000000000   1.2070672984069304E+02   2.9605180748098142E-01
    7800.0000000000000000   1.2206017645076595E+02   2.9333009383057485E-01
    7900.0000000000000000   1.2341189948224762E+02   2.9076779186286589E-01
    8000.0000000000000000   1.2476573074401850E+02   2.8719095298523550E-01
    8100.0000000000000000   1.2611240819840984E+02   2.8481414886141349E-01
    8200.0000000000000000   1.2746349851416427E+02   2.8136014711666241E-01
    8300.0000000000000000   1.2880782761649502E+02   2.7891650292998105E-01
    8400.0000000000000000   1.3015365012227630E+02   2.7568363670421925E-01
    8500.0000000000000000   1.3149756703172508E+02   2.7258531724714452E-01
    8600.0000000000000000   1.3283409837688268E+02   2.7092241429628799E-01
    8700.0000000000000000   1.3417622712844820E+02   2.6780556191412258E-01
    8800.0000000000000000   1.3551571094317055E+02   2.6468514092927481E-01
    8900.0000000000000000   1.3684414217772067E+02   2.6358191493966016E-01
    9000.0000000000000000   1.3818183306201490E+02   2.6029322925264231E-01
    9100.0000000000000000   1.3951387928425262E+02   2.5798804336236453E-01
    9200.0000000000000000   1.4084745155382495E+02   2.5514359038396328E-01
    9300.0000000000000000   1.4217495243358587E+02   2.5325793087054171E-01
    9400.0000000000000000   1.4349857677111066E+02   2.5174605630853136E-01
    9500.0000000000000000   1.4482687160034740E+02   2.4900211444407913E-01
    9600.0000000000000000   1.4615225888351176E+02   2.4663308699385553E-01
    9700.0000000000000000   1.4747503300325030E+02   2.4444709783727150E-01
    9800.0000000000000000   1.4879521749795808E+02   2.4251806979598550E-01
    9900.0000000000000000   1.5011468296550206E+02   2.4049392067513908E-01
   10000.0000000000000000   1.5143315460213887E+02   2.3843565967746966E-01
   11000.0000000000000000   1.6454416623633932E+02   2.1948528293071146E-01
   12000.0000000000000000   1.7751961254528641E+02   2.0439732332163355E-01
   13000.0000000000000000   1.9038063365799292E+02   1.9121132036843569E-01
   14000.0000000000000000   2.0314097729882141E+02   1.7918748965800449E-01
   15000.0000000000000000   2.1579885975984166E+02   1.6914622213917085E-01
   16000.0000000000000000   2.2837459756724186E+02   1.6031218048766002E-01
   17000.0000000000000000   2.4086133855118021E+02   1.5224022320330494E-01
   18000.0000000000000000   2.5327193938836012E+02   1.4580041801861177E-01
   19000.0000000000000000   2.6562301445034382E+02   1.3817700007825265E-01
   20000.0000000000000000   2.7790170444341402E+02   1.3240050863914127E-01
   20005.9989999999997963   2.7797664668768124E+02   1.3220236551667761E-01
   20006.0010000000002037   2.7797667161194136E+02   1.3220231124814208E-01
   21000.0000000000000000   2.9010745066789531E+02   1.2801815885776316E-01
   22000.0000000000000000   3.0227185416405223E+02   1.2186208169488941E-01
   23000.0000000000000000   3.1435947087716028E+02   1.1708538076743531E-01
   24000.0000000000000000   3.2641263054078291E+02   1.1313579271650408E-01
   25000.0000000000000000   3.3840351035619005E+02   1.1005613569853215E-01
   26000.0000000000000000   3.5035356527701850E+02   1.0645867171939034E-01
   27000.0000000000000000   3.6225969698730808E+02   1.0220511713033212E-01
   28000.0000000000000000   3.7409547525725856E+02   9.9538253814177080E-02
   29000.0000000000000000   3.8592106054071814E+02   9.7073912759129549E-02
   30000.0000000000000000   3.9769572225452623E+02   9.3206658174651610E-02
   31000.0000000000000000   4.0945224069940463E+02   9.0713150197170411E-02
   32000.0000000000000000   4.2113316236340643E+02   8.8311597524463423E-02
   33000.0000000000000000   4.3276509455758202E+02   8.7177440684518243E-02
   34000.0000000000000000   4.4439025391632617E+02   8.4990370854249708E-02
   35000.0000000000000000   4.5600555242808576E+02   8.1573852867681595E-02
   36000.0000000000000000   4.6756406783954992E+02   8.0642615554384775E-02
   37000.0000000000000000   4.7912137151203848E+02   7.9081734570157172E-02
   38000.0000000000000000   4.9064232422993933E+02   7.5851665407397767E-02
   39000.0000000000000000   5.0207305700582685E+02   7.4237043891310417E-02
   40000.0000000000000000   5.1357447478862468E+02   7.2411850529704697E-02
   41000.0000000000000000   5.2495268827699783E+02   7.0698042111888085E-02
   42000.0000000000000000   5.3637009481339305E+02   7.0137498772509868E-02
   43000.0000000000000000   5.4768947530388846E+02   6.8032888168071681E-02
   44000.0000000000000000   5.5908155846872603E+02   6.6428103721038412E-02
   45000.0000000000000000   5.7040417473858588E+02   6.5569396967584695E-02
   46000.0000000000000000   5.8164645195322180E+02   6.4217919162959491E-02
   47000.0000000000000000   5.9288727399309107E+02   6.3818550711348829E-02
   48000.0000000000000000   6.0417586637121826E+02   6.2089319635955251E-02
   49000.0000000000000000   6.1540434467036005E+02   6.1590728505820265E-02
   50000.0000000000000000   6.2663747197611565E+02   5.9664627421099861E-02
