       0.1000000000000000   2.7588795478551727E+01   1.0558311724945301E-03
       0.2000000000000000   2.4285168535013121E+01   2.0632670786202185E-03
       0.3000000000000000   2.3187239355940410E+01   3.0631695977798548E-03
       0.4000000000000000   2.2768050615140123E+01   4.0172446929647131E-03
       0.5000000000000000   2.2555576503817623E+01   4.9597081868833154E-03
       0.6000000000000000   2.2442344831208203E+01   5.8924712440790285E-03
       0.7000000000000000   2.2386321320233836E+01   6.8172825074312906E-03
       0.7999999999999999   2.2364450163564353E+01   7.7353793244700382E-03
       0.8999999999999999   2.2366050635528946E+01   8.6453845740515796E-03
       0.9999999999999999   2.2381047149461722E+01   9.5510039776990144E-03
       2.0000000000000000   2.2747947822603081E+01   1.8403229084593860E-02
       3.0000000000000000   2.3062815424679773E+01   2.7151859454262933E-02
       4.0000000000000000   2.3235808092526845E+01   3.6029598551482342E-02
       5.0000000000000000   2.3283473688268735E+01   4.5180586825913097E-02
       6.0000000000000000   2.3230513177894384E+01   5.4704950269927069E-02
       7.0000000000000000   2.3099095609408465E+01   6.4672593592154534E-02
       8.0000000000000000   2.2906066387789142E+01   7.5140057309908539E-02
       9.0000000000000000   2.2664702438896700E+01   8.6154932118614316E-02
      10.0000000000000000   2.2385175654010272E+01   9.7760714313825131E-02
      11.0000000000000000   2.2075652190047922E+01   1.0999739121621992E-01
      12.0000000000000000   2.1742562202048720E+01   1.2290328919147228E-01
      13.0000000000000000   2.1391125713976731E+01   1.3651635331156833E-01
      14.0000000000000000   2.1025351849008043E+01   1.5087650846098097E-01
      15.0000000000000000   2.0648500949496704E+01   1.6602526866089645E-01
      16.0000000000000000   2.0263245339189922E+01   1.8200588723633696E-01
      17.0000000000000000   1.9871657650903614E+01   1.9886561087149263E-01
      18.0000000000000000   1.9475455345476060E+01   2.1665502129074538E-01
      19.0000000000000000   1.9075979672931975E+01   2.3542922791296145E-01
      20.0000000000000000   1.8674305887701262E+01   2.5524875424499843E-01
      21.0000000000000000   1.8271276228515163E+01   2.7618009283397693E-01
      22.0000000000000000   1.7867573077130562E+01   2.9829600277061452E-01
      23.0000000000000000   1.7463725045973202E+01   3.2167674230183607E-01
      24.0000000000000000   1.7060131302506502E+01   3.4641123441771693E-01
      25.0000000000000000   1.6657105650725164E+01   3.7259747795648007E-01
      26.0000000000000000   1.6254888335314959E+01   4.0034375410142892E-01
      27.0000000000000000   1.5853663872288640E+01   4.2976968595197601E-01
      28.0000000000000000   1.5453578918486155E+01   4.6100732111078924E-01
      29.0000000000000000   1.5054751098738606E+01   4.9420240390452846E-01
      30.0000000000000000   1.4657288603400440E+01   5.2951545003608869E-01
      31.0000000000000000   1.4261296507639162E+01   5.6712297236601306E-01
      32.0000000000000000   1.3866896346802481E+01   6.0721830776960339E-01
      33.0000000000000000   1.3474231532183031E+01   6.5001255129534374E-01
      34.0000000000000000   1.3083486342857228E+01   6.9573469949553501E-01
      35.0000000000000000   1.2694898288207360E+01   7.4463126652819844E-01
      36.0000000000000000   1.2308774561500043E+01   7.9696481047077428E-01
      37.0000000000000000   1.1925508829430377E+01   8.5301097022091177E-01
      38.0000000000000000   1.1545599114803879E+01   9.1305345393548809E-01
      39.0000000000000000   1.1169664961171046E+01   9.7737635158430802E-01
      40.0000000000000000   1.0798463965380696E+01   1.0462530945459103E+00
      41.0000000000000000   1.0432903091623583E+01   1.1199315909188159E+00
      41.9990000000000023   1.0074398708911234E+01   1.1985340138587370E+00
      42.0000000000000000   1.0074043587688365E+01   1.1986152497756324E+00
      42.0009999999999977   1.0073688474365044E+01   1.1986964908416682E+00
      43.0000000000000000   9.7230942969723735E+00   1.2824403828607198E+00
      44.0000000000000000   9.3813895422182423E+00   1.3714512991466108E+00
      44.9990000000000023   9.0506733308119252E+00   1.4654791291964848E+00
      45.0000000000000000   9.0503480976994641E+00   1.4655757503610458E+00
      45.0009999999999977   9.0500228766980388E+00   1.4656723764422617E+00
      46.0000000000000000   8.7314135427174548E+00   1.5646042378157536E+00
      47.0000000000000000   8.4259782310356321E+00   1.6681775512261221E+00
      48.0000000000000000   8.1352992506533397E+00   1.7757863007853709E+00
      49.0000000000000000   7.8604177264629982E+00   1.8867845771313074E+00
      50.0000000000000000   7.6020938968459415E+00   2.0004171978301564E+00
      51.0000000000000000   7.3607679417854674E+00   2.1158571871103349E+00
      52.0000000000000000   7.1365512828432793E+00   2.2322481330809691E+00
      53.0000000000000000   6.9292465643968670E+00   2.3487455748961024E+00
      54.0000000000000000   6.7383897901394807E+00   2.4645525361197387E+00
      55.0000000000000000   6.5633053598880879E+00   2.5789462232133049E+00
      56.0000000000000000   6.4031651066405173E+00   2.6912949572531408E+00
      57.0000000000000000   6.2570442842325731E+00   2.8010659144872183E+00
      58.0000000000000000   6.1239695706170005E+00   2.9078258058936699E+00
      59.0000000000000000   6.0029579967537758E+00   3.0112359028169613E+00
      60.0000000000000000   5.8930461310724898E+00   3.1110436417523326E+00
      61.0000000000000000   5.7933099385967699E+00   3.2070728147610508E+00
      62.0000000000000000   5.7028779680581803E+00   3.2992127555572606E+00
      63.0000000000000000   5.6209385245251271E+00   3.3874079654839835E+00
      64.0000000000000000   5.5467426522948200E+00   3.4716484292171015E+00
      65.0000000000000000   5.4796041553121979E+00   3.5519609255796172E+00
      66.0000000000000000   5.4188976084969607E+00   3.6284014342186572E+00
      67.0000000000000000   5.3640551243565131E+00   3.7010486324381215E+00
      67.9989999999999952   5.3146094007146241E+00   3.7699312763718011E+00
      68.0000000000000000   5.3145624215911980E+00   3.7699984145700900E+00
      68.0010000000000048   5.3145154473488470E+00   3.7700655491787938E+00
      69.0000000000000000   5.2699545770473266E+00   3.8353593343263754E+00
      70.0000000000000000   5.2298117241134001E+00   3.8972488575986288E+00
      71.0000000000000000   5.1937548655008534E+00   3.9557903141829733E+00
      72.0000000000000000   5.1614419071903930E+00   4.0111104418514945E+00
      73.0000000000000000   5.1325639659834863E+00   4.0633374280750330E+00
      74.0000000000000000   5.1068419791209028E+00   4.1125993652395358E+00
      75.0000000000000000   5.0840236091220437E+00   4.1590230577070137E+00
      76.0000000000000000   5.0638805051331124E+00   4.2027330550770072E+00
      77.0000000000000000   5.0462057294467817E+00   4.2438510207886599E+00
      78.0000000000000000   5.0308115645409970E+00   4.2824951775072764E+00
      79.0000000000000000   5.0175275002198809E+00   4.3187799556038113E+00
      80.0000000000000000   5.0061984502835264E+00   4.3528157500719988E+00
      81.0000000000000000   4.9966831644102587E+00   4.3847087725022851E+00
      82.0000000000000000   4.9888528163461814E+00   4.4145609782594715E+00
      83.0000000000000000   4.9825897465503743E+00   4.4424700525843130E+00
      84.0000000000000000   4.9777863429714158E+00   4.4685294426329980E+00
      85.0000000000000000   4.9743440469527700E+00   4.4928284245105266E+00
      86.0000000000000000   4.9721724662055289E+00   4.5154521968578738E+00
      87.0000000000000000   4.9711885834972085E+00   4.5364819955818101E+00
      88.0000000000000000   4.9713160581688616E+00   4.5559952143454066E+00
      89.0000000000000000   4.9724845868794993E+00   4.5740655509567949E+00
      90.0000000000000000   4.9746293469280713E+00   4.5907631432135725E+00
      91.0000000000000000   4.9776904917958325E+00   4.6061547161075804E+00
      92.0000000000000000   4.9816126996177381E+00   4.6203037283003852E+00
      93.0000000000000000   4.9863447683348756E+00   4.6332705177919271E+00
      94.0000000000000000   4.9918392520333565E+00   4.6451124454701178E+00
      95.0000000000000000   4.9980521338299466E+00   4.6558840355450899E+00
      96.0000000000000000   5.0049425312962947E+00   4.6656371121304216E+00
      97.0000000000000000   5.0124724308119326E+00   4.6744209314407765E+00
      98.0000000000000000   5.0206064474533791E+00   4.6822823092616472E+00
      99.0000000000000000   5.0293116091757080E+00   4.6892657433389973E+00
     100.0000000000000000   5.0385571588053484E+00   4.6954135308633527E+00
     103.9989999999999952   5.0803847917888616E+00   4.7124204219166268E+00
     104.0010000000000048   5.0804074889722202E+00   4.7124261337718956E+00
     110.0000000000000000   5.1552397298180219E+00   4.7188723490677580E+00
     120.0000000000000000   5.3033845942586444E+00   4.6926552222125899E+00
     130.0000000000000000   5.4713590506293528E+00   4.6360598836783433E+00
     140.0000000000000000   5.6523390864250196E+00   4.5611258994708148E+00
     150.0000000000000000   5.8343016532344798E+00   4.4959447732105744E+00
     153.9989999999999952   5.9172445432468477E+00   4.4497221373243541E+00
     154.0010000000000048   5.9172939721314854E+00   4.4496818803067546E+00
     160.0000000000000000   6.0341120158017674E+00   4.3991250422728099E+00
     167.9989999999999952   6.1931193516250582E+00   4.3280973499273037E+00
     168.0010000000000048   6.1931680473611808E+00   4.3280604785487409E+00
     169.9989999999999952   6.2347149691207502E+00   4.3069035177297419E+00
     170.0000000000000000   6.2347392712549814E+00   4.3068853290139293E+00
     170.0010000000000048   6.2347635719431862E+00   4.3068671426459213E+00
     180.0000000000000000   6.4358739333196642E+00   4.2191494517516519E+00
     190.0000000000000000   6.6434478629089462E+00   4.1224773630150739E+00
     200.0000000000000000   6.8504377842720352E+00   4.0316240995129844E+00
     210.0000000000000000   7.0568080899021215E+00   3.9460978821005761E+00
     220.0000000000000000   7.2625417359247706E+00   3.8654510871700247E+00
     230.0000000000000000   7.4676338928627191E+00   3.7892789459916196E+00
     231.9989999999999952   7.5135889723643885E+00   3.7641946445432355E+00
     232.0010000000000048   7.5136349232355339E+00   3.7641697268643819E+00
     233.9989999999999952   7.5544552661193389E+00   3.7497377919933923E+00
     234.0010000000000048   7.5545011421689354E+00   3.7497131442382319E+00
     236.9989999999999952   7.6132430656180894E+00   3.7333945517578613E+00
     237.0010000000000048   7.6132888196842217E+00   3.7333702614096507E+00
     240.0000000000000000   7.6769282892688482E+00   3.7072855748681057E+00
     250.0000000000000000   7.8851934183730030E+00   3.6300489933165045E+00
     260.0000000000000000   8.0924700979791044E+00   3.5571508205961697E+00
     270.0000000000000000   8.2987985476678059E+00   3.4882203574311528E+00
     280.0000000000000000   8.5084825514793057E+00   3.4146596568578147E+00
     290.0000000000000000   8.7128840364191831E+00   3.3530568009340453E+00
     300.0000000000000000   8.9204856971857982E+00   3.2868893864066080E+00
     310.0000000000000000   9.1231222703873325E+00   3.2314667317970458E+00
     320.0000000000000000   9.3288081378433017E+00   3.1715779578892285E+00
     330.0000000000000000   9.5335518074695447E+00   3.1146035110955266E+00
     340.0000000000000000   9.7373902425637535E+00   3.0603264655252311E+00
     350.0000000000000000   9.9403584330864341E+00   3.0085512200244091E+00
     360.0000000000000000   1.0142489479080888E+01   2.9591009406841984E+00
     370.0000000000000000   1.0347268432382180E+01   2.9058339205715007E+00
     380.0000000000000000   1.0547740671608187E+01   2.8607500396709522E+00
     390.0000000000000000   1.0747465966082521E+01   2.8175429032046653E+00
     398.9990000000000236   1.0928869777012020E+01   2.7763260609491569E+00
     399.0009999999999764   1.0928911481166473E+01   2.7763146342158271E+00
     400.0000000000000000   1.0949738761513663E+01   2.7706196521506579E+00
     410.0000000000000000   1.1147974717548987E+01   2.7309706804491585E+00
     415.9990000000000236   1.1269120761662885E+01   2.7037426246841938E+00
     416.0009999999999764   1.1269162170598005E+01   2.7037319128841042E+00
     420.0000000000000000   1.1348700631626208E+01   2.6876815768431506E+00
     430.0000000000000000   1.1548673341277974E+01   2.6461102250073076E+00
     440.0000000000000000   1.1744822005177692E+01   2.6110747854143654E+00
     450.0000000000000000   1.1943389178946459E+01   2.5725163574493375E+00
     460.0000000000000000   1.2141268273596785E+01   2.5353939291465157E+00
     470.0000000000000000   1.2338478683087983E+01   2.4996265262950716E+00
     480.0000000000000000   1.2535039772279829E+01   2.4651380238909733E+00
     490.0000000000000000   1.2728084172843024E+01   2.4362198378066759E+00
     500.0000000000000000   1.2923434887103635E+01   2.4039869290582478E+00
     510.0000000000000000   1.3118188303503061E+01   2.3728419874699349E+00
     510.9989999999999668   1.3138171506007621E+01   2.3689570445203771E+00
     511.0009999999999195   1.3138211506348737E+01   2.3689492808796033E+00
     520.0000000000000000   1.3312360424058953E+01   2.3427286439964559E+00
     530.0000000000000000   1.3508718196797700E+01   2.3095946077560590E+00
     540.0000000000000000   1.3701739472471836E+01   2.2814727804717654E+00
     550.0000000000000000   1.3894223291649954E+01   2.2542329398316743E+00
     560.0000000000000000   1.4086183036281762E+01   2.2278327727580756E+00
     570.0000000000000000   1.4277631620301927E+01   2.2022325898348192E+00
     580.0000000000000000   1.4471199510400220E+01   2.1737683311028126E+00
     590.0000000000000000   1.4661631289079288E+01   2.1497244397762167E+00
     600.0000000000000000   1.4851587255645514E+01   2.1263742361886160E+00
     610.0000000000000000   1.5041077675647925E+01   2.1036880918393424E+00
     620.0000000000000000   1.5232629456879277E+01   2.0782641433438180E+00
     630.0000000000000000   1.5421194099283822E+01   2.0568718909884245E+00
     640.0000000000000000   1.5611795124732645E+01   2.0328112382656842E+00
     650.0000000000000000   1.5799470987349183E+01   2.0126068571984281E+00
     660.0000000000000000   1.5989166400281034E+01   1.9897893016635924E+00
     670.0000000000000000   1.6175987125960344E+01   1.9706795843640694E+00
     680.0000000000000000   1.6364813731455111E+01   1.9490048539117526E+00
     690.0000000000000000   1.6550814386804934E+01   1.9309019996268790E+00
     700.0000000000000000   1.6738803600619697E+01   1.9102841518923426E+00
     710.0000000000000000   1.6924018117418210E+01   1.8931081624205917E+00
     720.0000000000000000   1.7111199170618786E+01   1.8734702877581988E+00
     730.0000000000000000   1.7295660259118733E+01   1.8571482012931881E+00
     740.0000000000000000   1.7482059867059068E+01   1.8384219331296794E+00
     750.0000000000000000   1.7668083903344602E+01   1.8201367451961508E+00
     760.0000000000000000   1.7851443054215306E+01   1.8050097780811858E+00
     770.0000000000000000   1.8036727728098459E+01   1.7875387858581766E+00
     780.0000000000000000   1.8221649644210753E+01   1.7704708080873142E+00
     790.0000000000000000   1.8403970314983287E+01   1.7564078524214064E+00
     800.0000000000000000   1.8588191823228403E+01   1.7400694778110670E+00
     810.0000000000000000   1.8772068505641684E+01   1.7240940630799952E+00
     820.0000000000000000   1.8955597473726169E+01   1.7084788112857934E+00
     830.0000000000000000   1.9136611322289642E+01   1.6956736771396788E+00
     840.0000000000000000   1.9319493056510776E+01   1.6806848207650502E+00
     850.0000000000000000   1.9502049153126375E+01   1.6660159697178343E+00
     860.0000000000000000   1.9684279877646183E+01   1.6516619362736982E+00
     870.0000000000000000   1.9866190426666037E+01   1.6376122705428597E+00
     880.0000000000000000   2.0047791477356331E+01   1.6238508443261519E+00
     890.0000000000000000   2.0227003395364754E+01   1.6126350998187280E+00
     900.0000000000000000   2.0408019539759742E+01   1.5993837441924184E+00
     910.0000000000000000   2.0588736482954513E+01   1.5863989363367124E+00
     920.0000000000000000   2.0769158026829423E+01   1.5736731180935117E+00
     930.0000000000000000   2.0949288951442295E+01   1.5611978702340445E+00
     940.0000000000000000   2.1129135051762351E+01   1.5489639231001859E+00
     950.0000000000000000   2.1308702471144194E+01   1.5369619186950232E+00
     960.0000000000000000   2.1487996353864652E+01   1.5251837913374371E+00
     970.0000000000000000   2.1667020428954384E+01   1.5136231249972170E+00
     980.0000000000000000   2.1845777632342394E+01   1.5022744634535199E+00
     990.0000000000000000   2.2024270800039275E+01   1.4911325839436846E+00
    1000.0000000000000000   2.2202502946313761E+01   1.4801922118777311E+00
    1100.0000000000000000   2.3971165625734915E+01   1.3807622255467316E+00
    1200.0000000000000000   2.5718888111330461E+01   1.2947923790971334E+00
    1300.0000000000000000   2.7447940029186579E+01   1.2193950754467704E+00
    1400.0000000000000000   2.9160209975300909E+01   1.1524498069521278E+00
    1500.0000000000000000   3.0855516204330577E+01   1.0937611736928037E+00
    1600.0000000000000000   3.2536900655513513E+01   1.0406629091699600E+00
    1700.0000000000000000   3.4202446050766788E+01   9.9444700196942981E-01
    1800.0000000000000000   3.5857901543474362E+01   9.5081690276897435E-01
    1843.9990000000000236   3.6581174471304706E+01   9.3379636991959358E-01
    1844.0009999999999764   3.6581207434727482E+01   9.3379551492611568E-01
    1900.0000000000000000   3.7499519141820123E+01   9.1244255629450766E-01
    2000.0000000000000000   3.9130963365703487E+01   8.7676784607362390E-01
    2100.0000000000000000   4.0751716378572532E+01   8.4418013758676391E-01
    2200.0000000000000000   4.2363966705322134E+01   8.1334006059247921E-01
    2300.0000000000000000   4.3964915189434052E+01   7.8599537907795280E-01
    2400.0000000000000000   4.5558433741470019E+01   7.5984829164407897E-01
    2475.9989999999997963   4.6763535338583679E+01   7.4137932137367135E-01
    2476.0010000000002037   4.6763566937179178E+01   7.4137886957590604E-01
    2500.0000000000000000   4.7143114409595391E+01   7.3576760354770632E-01
    2526.9989999999997963   4.7569516169156756E+01   7.2957906010336648E-01
    2527.0010000000002037   4.7569547791253434E+01   7.2957857155480066E-01
    2600.0000000000000000   4.8719726828676833E+01   7.1336552327985037E-01
    2631.9989999999997963   4.9222959615717023E+01   7.0631908417834921E-01
    2632.0010000000002037   4.9222991366065884E+01   7.0631848422324739E-01
    2700.0000000000000000   5.0288666509576359E+01   6.9246438628746265E-01
    2800.0000000000000000   5.1849808363344799E+01   6.7313411702498216E-01
    2871.9989999999997963   5.2970591918336389E+01   6.5939484754491517E-01
    2872.0010000000002037   5.2970623065081313E+01   6.5939444111364798E-01
    2900.0000000000000000   5.3405269894909026E+01   6.5434449166377873E-01
    3000.0000000000000000   5.4952900315348906E+01   6.3725178272914851E-01
    3100.0000000000000000   5.6495697452905091E+01   6.2039878525226688E-01
    3200.0000000000000000   5.8031035888276328E+01   6.0504648913821069E-01
    3300.0000000000000000   5.9561435220737167E+01   5.9012302658092231E-01
    3400.0000000000000000   6.1085864283322437E+01   5.7609228176600524E-01
    3500.0000000000000000   6.2604158987437366E+01   5.6304096025962280E-01
    3600.0000000000000000   6.4117326684283114E+01   5.5057369904070719E-01
    3700.0000000000000000   6.5626219320109044E+01   5.3839565138152945E-01
    3800.0000000000000000   6.7129947765920221E+01   5.2680882306721677E-01
    3900.0000000000000000   6.8627867137210259E+01   5.1619083070812444E-01
    4000.0000000000000000   7.0121877937489373E+01   5.0577795905561407E-01
    4100.0000000000000000   7.1612164120384904E+01   4.9551958449862199E-01
    4200.0000000000000000   7.3097202765801512E+01   4.8598219899704903E-01
    4300.0000000000000000   7.4577424720255593E+01   4.7711106161565497E-01
    4400.0000000000000000   7.6056465595116279E+01   4.6752517439521574E-01
    4500.0000000000000000   7.7527930699354030E+01   4.5957716456453618E-01
    4600.0000000000000000   7.8997667705336482E+01   4.5123585584947468E-01
    4700.0000000000000000   8.0461198513641733E+01   4.4393112690264741E-01
    4800.0000000000000000   8.1923608206263893E+01   4.3612900922322767E-01
    4900.0000000000000000   8.3382555950937785E+01   4.2856233547598876E-01
    5000.0000000000000000   8.4837506899014855E+01   4.2140913633788984E-01
    5100.0000000000000000   8.6288616916439310E+01   4.1463272427228659E-01
    5200.0000000000000000   8.7735967702959940E+01   4.0822063392236835E-01
    5300.0000000000000000   8.9179753209698660E+01   4.0212199502259610E-01
    5400.0000000000000000   9.0619521736647116E+01   3.9647224695892297E-01
    5500.0000000000000000   9.2059812567541499E+01   3.8994793384204901E-01
    5600.0000000000000000   9.3495283237170241E+01   3.8413209658537029E-01
    5700.0000000000000000   9.4925326847606712E+01   3.7914722959034547E-01
    5800.0000000000000000   9.6356836126210951E+01   3.7313112719947106E-01
    5900.0000000000000000   9.7780361209694362E+01   3.6872578558377500E-01
    6000.0000000000000000   9.9206688678808689E+01   3.6297325846567835E-01
    6100.0000000000000000   1.0062900297721971E+02   3.5768044760460699E-01
    6200.0000000000000000   1.0204272962270301E+02   3.5406330057561453E-01
    6300.0000000000000000   1.0346067591644507E+02   3.4882096446673827E-01
    6400.0000000000000000   1.0487421550371678E+02   3.4423248100825599E-01
    6500.0000000000000000   1.0628490297519384E+02   3.3970920081597999E-01
    6600.0000000000000000   1.0769430946688149E+02   3.3516666420197400E-01
    6700.0000000000000000   1.0909960900725250E+02   3.3104261994229561E-01
    6800.0000000000000000   1.1050311494831642E+02   3.2693682884316605E-01
    6900.0000000000000000   1.1190328149695570E+02   3.2319305160169381E-01
    7000.0000000000000000   1.1330102685970029E+02   3.1952372173131244E-01
    7100.0000000000000000   1.1469705124651770E+02   3.1586781509517048E-01
    7200.0000000000000000   1.1608937593454374E+02   3.1261805743340032E-01
    7300.0000000000000000   1.1747947670480013E+02   3.0941119473188139E-01
    7400.0000000000000000   1.1887439386770131E+02   3.0480813574045851E-01
    7500.0000000000000000   1.2025944515592171E+02   3.0190028339397906E-01
    7600.0000000000000000   1.2164379849843608E+02   2.9896732260735276E-01
    7700.0000000000000000   1.2303038657883981E+02   2.9494228215946094E-01
    7800.0000000000000000   1.2440964128595105E+02   2.9223264719944048E-01
    7900.0000000000000000   1.2578714291769043E+02   2.8968214512632273E-01
    8000.0000000000000000   1.2716687161051654E+02   2.8611683713166192E-01
    8100.0000000000000000   1.2853920483316082E+02   2.8375130420488021E-01
    8200.0000000000000000   1.2991615817241293E+02   2.8030832286521085E-01
    8300.0000000000000000   1.3128612284491700E+02   2.7787545677879771E-01
    8400.0000000000000000   1.3265767367363810E+02   2.7465313445199446E-01
    8500.0000000000000000   1.3402727909571817E+02   2.7156513243403724E-01
    8600.0000000000000000   1.3538924580420513E+02   2.6991232786204900E-01
    8700.0000000000000000   1.3675706059071626E+02   2.6680536187503118E-01
    8800.0000000000000000   1.3812216048821307E+02   2.6369462207265909E-01
    8900.0000000000000000   1.3947581091285593E+02   2.6260087853485309E-01
    9000.0000000000000000   1.4083911246563375E+02   2.5932148277732353E-01
    9100.0000000000000000   1.4219658162061086E+02   2.5702540024330484E-01
    9200.0000000000000000   1.4355566710426149E+02   2.5418986975127228E-01
    9300.0000000000000000   1.4490847609416051E+02   2.5231295732457193E-01
    9400.0000000000000000   1.4625728828285838E+02   2.5080965969866814E-01
    9500.0000000000000000   1.4761098210129242E+02   2.4807412965868636E-01
    9600.0000000000000000   1.4896168494965715E+02   2.4571335376070799E-01
    9700.0000000000000000   1.5030970227560746E+02   2.4353546053384875E-01
    9800.0000000000000000   1.5165505817784936E+02   2.4161437726904317E-01
    9900.0000000000000000   1.5299969550144465E+02   2.3959802606901690E-01
   10000.0000000000000000   1.5434332842782911E+02   2.3754742027063114E-01
   11000.0000000000000000   1.6770456184233498E+02   2.1866655277058730E-01
   12000.0000000000000000   1.8092743955182402E+02   2.0363741468159524E-01
   13000.0000000000000000   1.9403367546221392E+02   1.9050187918134207E-01
   14000.0000000000000000   2.0703734585577243E+02   1.7852185620484870E-01
   15000.0000000000000000   2.1993642622872008E+02   1.6851899775760001E-01
   16000.0000000000000000   2.3275187342469169E+02   1.5971892519070716E-01
   17000.0000000000000000   2.4547644393642085E+02   1.5167723928911647E-01
   18000.0000000000000000   2.5812338236471055E+02   1.4526459180365528E-01
   19000.0000000000000000   2.7070984937164440E+02   1.3766568390833570E-01
   20000.0000000000000000   2.8322240326764108E+02   1.3191143142946024E-01
   20005.9989999999997963   2.8329880171313073E+02   1.3171341551592516E-01
   20006.0010000000002037   2.8329882712053285E+02   1.3171336128978814E-01
   21000.0000000000000000   2.9566038836617804E+02   1.2754935723605071E-01
   22000.0000000000000000   3.0805655943865924E+02   1.2141184628352589E-01
   23000.0000000000000000   3.2037404187673854E+02   1.1665221376382895E-01
   24000.0000000000000000   3.3265674588983944E+02   1.1271837402463876E-01
   25000.0000000000000000   3.4487572389048421E+02   1.0965329561554024E-01
   26000.0000000000000000   3.5705321394970923E+02   1.0606936870571314E-01
   27000.0000000000000000   3.6918595634055907E+02   1.0182841956451297E-01
   28000.0000000000000000   3.8124646239945849E+02   9.9173324901596874E-02
   29000.0000000000000000   3.9329717948917596E+02   9.6719997959796522E-02
   30000.0000000000000000   4.0529577229605729E+02   9.2863074659823935E-02
   31000.0000000000000000   4.1727625581466549E+02   9.0379277952695347E-02
   32000.0000000000000000   4.2917893185864830E+02   8.7986871800356456E-02
   33000.0000000000000000   4.4103140857348922E+02   8.6861345552557867E-02
   34000.0000000000000000   4.5287750641414368E+02   8.4682433683271871E-02
   35000.0000000000000000   4.6471399508881643E+02   8.1273639563438679E-02
   36000.0000000000000000   4.7649212165118070E+02   8.0349726439923275E-02
   37000.0000000000000000   4.8826958004323353E+02   7.8795800805593563E-02
   38000.0000000000000000   5.0000985735577831E+02   7.5572345866172910E-02
   39000.0000000000000000   5.1165699057363048E+02   7.3964022424543766E-02
   40000.0000000000000000   5.2337806987351757E+02   7.2144833561961413E-02
   41000.0000000000000000   5.3497171719372113E+02   7.0436756521129865E-02
   42000.0000000000000000   5.4660657361756591E+02   6.9881690014693076E-02
   43000.0000000000000000   5.5814011820741609E+02   6.7782318613144876E-02
   44000.0000000000000000   5.6974964431303408E+02   6.6182551172262211E-02
   45000.0000000000000000   5.8128749195724379E+02   6.5328653340364265E-02
   46000.0000000000000000   5.9274235842546284E+02   6.3981789302922851E-02
   47000.0000000000000000   6.0419615490932597E+02   6.3586851334353267E-02
   48000.0000000000000000   6.1569999122792149E+02   6.1861878375173915E-02
   49000.0000000000000000   6.2714181742037499E+02   6.1367383053132905E-02
   50000.0000000000000000   6.3858888059453818E+02   5.9445224751763823E-02
