       0.1000000000000000   1.9961780977264542E+01   1.4587314174706648E-03
       0.2000000000000000   1.7594139552924407E+01   2.8453292451469606E-03
       0.3000000000000000   1.6820467951310512E+01   4.2162107363196205E-03
       0.4000000000000000   1.6537213390862600E+01   5.5191064516525654E-03
       0.5000000000000000   1.6403421828175130E+01   6.8012308777499102E-03
       0.6000000000000000   1.6341406306105618E+01   8.0653407428139604E-03
       0.7000000000000000   1.6320826070526202E+01   9.3139336764947785E-03
       0.7999999999999999   1.6325016028897739E+01   1.0548799376643301E-02
       0.8999999999999999   1.6346233964116287E+01   1.1768164923935039E-02
       0.9999999999999999   1.6377220353432101E+01   1.2977152354482031E-02
       2.0000000000000000   1.6846217852521388E+01   2.4562369828423154E-02
       3.0000000000000000   1.7278051670985459E+01   3.5625384271888154E-02
       4.0000000000000000   1.7603639551994480E+01   4.6508920406355535E-02
       5.0000000000000000   1.7832150800587151E+01   5.7421600863884675E-02
       6.0000000000000000   1.7979637684742151E+01   6.8504802721878005E-02
       7.0000000000000000   1.8060947619139931E+01   7.9855674830160650E-02
       8.0000000000000000   1.8087468863120232E+01   9.1550985323313863E-02
       9.0000000000000000   1.8068329696361001E+01   1.0365405999544278E-01
      10.0000000000000000   1.8010630211649723E+01   1.1622153690000028E-01
      11.0000000000000000   1.7920204016541380E+01   1.2930450703798538E-01
      12.0000000000000000   1.7801755032272716E+01   1.4295120445300546E-01
      13.0000000000000000   1.7659228054887421E+01   1.5720842714632707E-01
      14.0000000000000000   1.7495758578743065E+01   1.7212449623749068E-01
      15.0000000000000000   1.7314005879622698E+01   1.8774867007868584E-01
      16.0000000000000000   1.7116251351415634E+01   2.0413138050004739E-01
      17.0000000000000000   1.6904367334786169E+01   2.2132669948253408E-01
      18.0000000000000000   1.6679996870337828E+01   2.3939153298600310E-01
      19.0000000000000000   1.6444513289379831E+01   2.5838692079379921E-01
      20.0000000000000000   1.6199105619655843E+01   2.7837891487814131E-01
      21.0000000000000000   1.5944789120410011E+01   2.9943914451734371E-01
      22.0000000000000000   1.5682458372849897E+01   3.2164508790437002E-01
      23.0000000000000000   1.5412885458976286E+01   3.4508136038886011E-01
      24.0000000000000000   1.5136734097624002E+01   3.6984088334314658E-01
      25.0000000000000000   1.4854592308877123E+01   3.9602529821863147E-01
      26.0000000000000000   1.4566979058305694E+01   4.2374619857719442E-01
      27.0000000000000000   1.4274356667754841E+01   4.5312620534007914E-01
      28.0000000000000000   1.3977144496520157E+01   4.8430006549244903E-01
      29.0000000000000000   1.3675725031306351E+01   5.1741595279536634E-01
      30.0000000000000000   1.3370460834440125E+01   5.5263655047997273E-01
      31.0000000000000000   1.3061699169237826E+01   5.9014030545333696E-01
      32.0000000000000000   1.2749790092105076E+01   6.3012226311943320E-01
      33.0000000000000000   1.2435091189787443E+01   6.7279502875638442E-01
      34.0000000000000000   1.2117985839681488E+01   7.1838891979701680E-01
      35.0000000000000000   1.1798895127525370E+01   7.6715159972639768E-01
      36.0000000000000000   1.1478294221951854E+01   8.1934661673503828E-01
      37.0000000000000000   1.1156729260275831E+01   8.7525045340358010E-01
      38.0000000000000000   1.0834835649618059E+01   9.3514752628353626E-01
      39.0000000000000000   1.0513355905770245E+01   9.9932250950592072E-01
      40.0000000000000000   1.0193157402088231E+01   1.0680493029058007E+00
      41.0000000000000000   9.8752454617152505E+00   1.1415761799028596E+00
      41.9990000000000023   9.5610830622409662E+00   1.2200257393635006E+00
      42.0000000000000000   9.5607707234850725E+00   1.2201068216344795E+00
      42.0009999999999977   9.5604583894484154E+00   1.2201879090533978E+00
      43.0000000000000000   9.2510257511735130E+00   1.3037777311159595E+00
      44.0000000000000000   8.9474269124529382E+00   1.3926333427675268E+00
      44.9990000000000023   8.6517696855632504E+00   1.4865050216064251E+00
      45.0000000000000000   8.6514780699544875E+00   1.4866014859792112E+00
      45.0009999999999977   8.6511864635353888E+00   1.4866979552676967E+00
      46.0000000000000000   8.3647157731436756E+00   1.5854727100842023E+00
      47.0000000000000000   8.0886377006768200E+00   1.6888878436626686E+00
      48.0000000000000000   7.8246219539555319E+00   1.7963375454106614E+00
      49.0000000000000000   7.5738479085213504E+00   1.9071759800912844E+00
      50.0000000000000000   7.3372306469491750E+00   2.0206480754119149E+00
      51.0000000000000000   7.1153790161525947E+00   2.1359270062373081E+00
      52.0000000000000000   6.9085825087201753E+00   2.2521565492426920E+00
      53.0000000000000000   6.7168259281275127E+00   2.3684924628534838E+00
      54.0000000000000000   6.5398261677491618E+00   2.4841380101052359E+00
      55.0000000000000000   6.3770825102396067E+00   2.5983706456469178E+00
      56.0000000000000000   6.2279319743500796E+00   2.7105589362353508E+00
      57.0000000000000000   6.0916027892317928E+00   2.8201702926796037E+00
      58.0000000000000000   5.9672610395778385E+00   2.9267716424804062E+00
      59.0000000000000000   5.8540491438385294E+00   3.0300244512295058E+00
      60.0000000000000000   5.7511152967769217E+00   3.1296763249092256E+00
      61.0000000000000000   5.6576340775670806E+00   3.2255512003011728E+00
      62.0000000000000000   5.5728206461830272E+00   3.3175385314862620E+00
      63.0000000000000000   5.4959390732163627E+00   3.4055829174048058E+00
      64.0000000000000000   5.4263065018504157E+00   3.4896744196764780E+00
      65.0000000000000000   5.3632943160661313E+00   3.5698398756146159E+00
      66.0000000000000000   5.3063272189320125E+00   3.6461353072123313E+00
      67.0000000000000000   5.2548809687705385E+00   3.7186394201909829E+00
      67.9989999999999952   5.2085233418757708E+00   3.7873811272922353E+00
      68.0000000000000000   5.2084793127689197E+00   3.7874481254197114E+00
      68.0010000000000048   5.2084352882714837E+00   3.7875151199596124E+00
      69.0000000000000000   5.1666904999163172E+00   3.8526699831564590E+00
      70.0000000000000000   5.1291236423857960E+00   3.9144224574542337E+00
      71.0000000000000000   5.0954251030433682E+00   3.9728288693979725E+00
      72.0000000000000000   5.0652750248045573E+00   4.0280159423878219E+00
      73.0000000000000000   5.0383840636693984E+00   4.0801118449450149E+00
      74.0000000000000000   5.0144903633399522E+00   4.1292446468395845E+00
      75.0000000000000000   4.9933567731105777E+00   4.1755411269397893E+00
      76.0000000000000000   4.9747683761591146E+00   4.2191258070408129E+00
      77.0000000000000000   4.9585301472223886E+00   4.2601203211247194E+00
      78.0000000000000000   4.9444649555514406E+00   4.2986428611147760E+00
      79.0000000000000000   4.9324117213902827E+00   4.3348078257462346E+00
      80.0000000000000000   4.9222237780274813E+00   4.3687255777892169E+00
      81.0000000000000000   4.9137674087560193E+00   4.4005022962737153E+00
      82.0000000000000000   4.9069205433918643E+00   4.4302399038760409E+00
      83.0000000000000000   4.9015715939903037E+00   4.4580360531718313E+00
      84.0000000000000000   4.8976184162666740E+00   4.4839841588340184E+00
      85.0000000000000000   4.8949673859249172E+00   4.5081734647586096E+00
      86.0000000000000000   4.8935325724366372E+00   4.5306891377425362E+00
      87.0000000000000000   4.8932350011194545E+00   4.5516123822818813E+00
      88.0000000000000000   4.8940020003755853E+00   4.5710205611125172E+00
      89.0000000000000000   4.8957666038979859E+00   4.5889873416414995E+00
      90.0000000000000000   4.8984670287828660E+00   4.6055828318252523E+00
      91.0000000000000000   4.9020462026923708E+00   4.6208737273913316E+00
      92.0000000000000000   4.9064513397425795E+00   4.6349234583305892E+00
      93.0000000000000000   4.9116335599077221E+00   4.6477923345750947E+00
      94.0000000000000000   4.9175475467945224E+00   4.6595376895524536E+00
      95.0000000000000000   4.9241512394999756E+00   4.6702140206209970E+00
      96.0000000000000000   4.9314055548732343E+00   4.6798731256489177E+00
      97.0000000000000000   4.9392741368296402E+00   4.6885642352073198E+00
      98.0000000000000000   4.9477231295117141E+00   4.6963341400380729E+00
      99.0000000000000000   4.9567209735545337E+00   4.7032273134168747E+00
     100.0000000000000000   4.9662382183417790E+00   4.7092860286560532E+00
     103.9989999999999952   5.0089655015875225E+00   4.7259481406888773E+00
     104.0010000000000048   5.0089885807542851E+00   4.7259536845358534E+00
     110.0000000000000000   5.0847116080574155E+00   4.7319146236943164E+00
     120.0000000000000000   5.2334691538384019E+00   4.7049636952157208E+00
     130.0000000000000000   5.4013271608551037E+00   4.6477148253443668E+00
     140.0000000000000000   5.5817134966730597E+00   4.5721947961417158E+00
     150.0000000000000000   5.7628753812765243E+00   4.5065302881518328E+00
     153.9989999999999952   5.8452215577998334E+00   4.4601296097349792E+00
     154.0010000000000048   5.8452704932582531E+00   4.4600892653576922E+00
     160.0000000000000000   5.9613561075968846E+00   4.4092776086823395E+00
     167.9989999999999952   6.1192718192319351E+00   4.3379311547112405E+00
     168.0010000000000048   6.1193200252595972E+00   4.3378942064431136E+00
     169.9989999999999952   6.1605449957893157E+00   4.3166611031806745E+00
     170.0000000000000000   6.1605690533024715E+00   4.3166428766877454E+00
     170.0010000000000048   6.1605931094034272E+00   4.3166246525429486E+00
     180.0000000000000000   6.3602217454112520E+00   4.2285449880741206E+00
     190.0000000000000000   6.5661164483174721E+00   4.1315397950809443E+00
     200.0000000000000000   6.7714008600674038E+00   4.0403788922808506E+00
     210.0000000000000000   6.9760442925654518E+00   3.9545675898289847E+00
     220.0000000000000000   7.1800335093304692E+00   3.8736557860486704E+00
     230.0000000000000000   7.3833666736526808E+00   3.7972365891018143E+00
     231.9989999999999952   7.4288557416868759E+00   3.7721048888319455E+00
     232.0010000000000048   7.4289012265058059E+00   3.7720799240482998E+00
     233.9989999999999952   7.4693694977151566E+00   3.7576012443698792E+00
     234.0010000000000048   7.4694149084956472E+00   3.7575765501341318E+00
     236.9989999999999952   7.5276827157843336E+00   3.7411889706208097E+00
     237.0010000000000048   7.5277280059640566E+00   3.7411646347043863E+00
     240.0000000000000000   7.5907819064537909E+00   3.7150122855549039E+00
     250.0000000000000000   7.7971676490809454E+00   3.6375593093403351E+00
     260.0000000000000000   8.0025653788062403E+00   3.5644578986481079E+00
     270.0000000000000000   8.2070158081236322E+00   3.4953361454897167E+00
     280.0000000000000000   8.4147296453815787E+00   3.4215950402822877E+00
     290.0000000000000000   8.6172595336290900E+00   3.3598217269638080E+00
     300.0000000000000000   8.8229035232561372E+00   3.2934929707971627E+00
     310.0000000000000000   9.0236751631878747E+00   3.2379173505949090E+00
     320.0000000000000000   9.2274154965738759E+00   3.1778833267708126E+00
     330.0000000000000000   9.4302205146954030E+00   3.1207707542498233E+00
     340.0000000000000000   9.6321269786917156E+00   3.0663621756981452E+00
     350.0000000000000000   9.8331696734532645E+00   3.0144615110581867E+00
     360.0000000000000000   1.0033381494165894E+01   2.9648914936566646E+00
     370.0000000000000000   1.0236173537169000E+01   2.9115100244534062E+00
     380.0000000000000000   1.0434740283160789E+01   2.8663166272690193E+00
     390.0000000000000000   1.0632565719011101E+01   2.8230045830358508E+00
     398.9990000000000236   1.0812215939501838E+01   2.7816970288357661E+00
     399.0009999999999764   1.0812257223610246E+01   2.7816855823151614E+00
     400.0000000000000000   1.0832874730241459E+01   2.7759807367913250E+00
     410.0000000000000000   1.1029223233376742E+01   2.7362352118192241E+00
     415.9990000000000236   1.1149185501792791E+01   2.7089510693968042E+00
     416.0009999999999764   1.1149226493947449E+01   2.7089403391200246E+00
     420.0000000000000000   1.1227999893107020E+01   2.6928533488179691E+00
     430.0000000000000000   1.1426030680338059E+01   2.6511928036905554E+00
     440.0000000000000000   1.1620309794544621E+01   2.6160715273589252E+00
     450.0000000000000000   1.1816948278037186E+01   2.5774304260715932E+00
     460.0000000000000000   1.2012905403445021E+01   2.5402283095467557E+00
     470.0000000000000000   1.2208200381631238E+01   2.5043840386672276E+00
     480.0000000000000000   1.2402852383547557E+01   2.4698213356810990E+00
     490.0000000000000000   1.2594054319143742E+01   2.4408314747584514E+00
     500.0000000000000000   1.2787507309341326E+01   2.4085292852666997E+00
     510.0000000000000000   1.2980368835037286E+01   2.3773173345489438E+00
     510.9989999999999668   1.3000151657855428E+01   2.3734258177332017E+00
     511.0009999999999195   1.3000191257100273E+01   2.3734180409530503E+00
     520.0000000000000000   1.3172654736763405E+01   2.3471391394529380E+00
     530.0000000000000000   1.3367074412097141E+01   2.3139423026523467E+00
     540.0000000000000000   1.3558221112166883E+01   2.2857596264481588E+00
     550.0000000000000000   1.3748835581804226E+01   2.2584607955526055E+00
     560.0000000000000000   1.3938931067762256E+01   2.2320034098382737E+00
     570.0000000000000000   1.4128520352480448E+01   2.2063476982952848E+00
     580.0000000000000000   1.4320179422342591E+01   2.1778295244010866E+00
     590.0000000000000000   1.4508762141674035E+01   2.1537332594504179E+00
     600.0000000000000000   1.4696873649108644E+01   2.1303321561506139E+00
     610.0000000000000000   1.4884524113017557E+01   2.1075965223485880E+00
     620.0000000000000000   1.5074188262654365E+01   2.0821244346901926E+00
     630.0000000000000000   1.5260922214769932E+01   2.0606853369094811E+00
     640.0000000000000000   1.5449645672108650E+01   2.0365790791210614E+00
     650.0000000000000000   1.5635499747736587E+01   2.0163302829221030E+00
     660.0000000000000000   1.5823327104540805E+01   1.9934694545124341E+00
     670.0000000000000000   1.6008334624759556E+01   1.9743175614795001E+00
     680.0000000000000000   1.6195302280703569E+01   1.9526017097096779E+00
     690.0000000000000000   1.6379497935310130E+01   1.9344587480295841E+00
     700.0000000000000000   1.6565636988033301E+01   1.9138017684148942E+00
     710.0000000000000000   1.6749054332458488E+01   1.8965875861229915E+00
     720.0000000000000000   1.6934393718224698E+01   1.8769124230736705E+00
     730.0000000000000000   1.7117065090871630E+01   1.8605539197419469E+00
     740.0000000000000000   1.7301631262330950E+01   1.8417920749267360E+00
     750.0000000000000000   1.7485825779716553E+01   1.8234721207610243E+00
     760.0000000000000000   1.7667406355932005E+01   1.8083111694566354E+00
     770.0000000000000000   1.7850869273142003E+01   1.7908069480445208E+00
     780.0000000000000000   1.8033973274767359E+01   1.7737064702983381E+00
     790.0000000000000000   1.8214525781728369E+01   1.7596117192673535E+00
     800.0000000000000000   1.8396936698597980E+01   1.7432422304137953E+00
     810.0000000000000000   1.8579006435196646E+01   1.7272363601249356E+00
     820.0000000000000000   1.8760732215461704E+01   1.7115912900150039E+00
     830.0000000000000000   1.8939990997746804E+01   1.6987569542899019E+00
     840.0000000000000000   1.9121076210006123E+01   1.6837394934544896E+00
     850.0000000000000000   1.9301839242824443E+01   1.6690426162849223E+00
     860.0000000000000000   1.9482280403786447E+01   1.6546611170710273E+00
     870.0000000000000000   1.9662404829503803E+01   1.6405845286891070E+00
     880.0000000000000000   1.9842223024147099E+01   1.6267967064186684E+00
     890.0000000000000000   2.0019697808991712E+01   1.6155550766092639E+00
     900.0000000000000000   2.0198937051105862E+01   1.6022783312282525E+00
     910.0000000000000000   2.0377880277796695E+01   1.5892686145693224E+00
     920.0000000000000000   2.0556531253843136E+01   1.5765183544567329E+00
     930.0000000000000000   2.0734894701269528E+01   1.5640191181935610E+00
     940.0000000000000000   2.0912976335406555E+01   1.5517616231760549E+00
     950.0000000000000000   2.1090782212000505E+01   1.5397364989588191E+00
     960.0000000000000000   2.1268317407206300E+01   1.5279356678854819E+00
     970.0000000000000000   2.1445585609879593E+01   1.5163527024012871E+00
     980.0000000000000000   2.1622589731057939E+01   1.5049821351903021E+00
     990.0000000000000000   2.1799332583061922E+01   1.4938187328041979E+00
    1000.0000000000000000   2.1975817152047753E+01   1.4828572103578086E+00
    1100.0000000000000000   2.3727147276936456E+01   1.3832341887090807E+00
    1200.0000000000000000   2.5457737876960785E+01   1.2970995507514806E+00
    1300.0000000000000000   2.7169836107249296E+01   1.2215597626971815E+00
    1400.0000000000000000   2.8865311679363547E+01   1.1544899562733202E+00
    1500.0000000000000000   3.0544002452183765E+01   1.0956914526404367E+00
    1600.0000000000000000   3.2208902676092258E+01   1.0424954697180744E+00
    1700.0000000000000000   3.3858145034297486E+01   9.9619203222332764E-01
    1800.0000000000000000   3.5497373411168709E+01   9.5248303411180169E-01
    1843.9990000000000236   3.6213571228114212E+01   9.3543018951639778E-01
    1844.0009999999999764   3.6213603867696406E+01   9.3542933308516496E-01
    1900.0000000000000000   3.7122923558223164E+01   9.1403716939237389E-01
    2000.0000000000000000   3.8738394312951087E+01   8.7829730461762145E-01
    2100.0000000000000000   4.0343284957220241E+01   8.4564996943284720E-01
    2200.0000000000000000   4.1939746388692207E+01   8.1475509996730033E-01
    2300.0000000000000000   4.3525040622534462E+01   7.8735987953200837E-01
    2400.0000000000000000   4.5102967279429969E+01   7.6116601672626139E-01
    2475.9989999999997963   4.6296283278122687E+01   7.4266375606340784E-01
    2476.0010000000002037   4.6296314568254395E+01   7.4266330341355391E-01
    2500.0000000000000000   4.6672150837928065E+01   7.3704190030235939E-01
    2526.9989999999997963   4.7094383933627157E+01   7.3084215798606156E-01
    2527.0010000000002037   4.7094415246008751E+01   7.3084166861582489E-01
    2600.0000000000000000   4.8233349599463772E+01   7.1459938234975007E-01
    2631.9989999999997963   4.8731659725231481E+01   7.0754058386591945E-01
    2632.0010000000002037   4.8731691161767195E+01   7.0753998314671840E-01
    2700.0000000000000000   4.9786954846498723E+01   6.9366049146463182E-01
    2800.0000000000000000   5.1332847290885553E+01   6.7429488640912805E-01
    2871.9989999999997963   5.2442673943348673E+01   6.6053154175019269E-01
    2872.0010000000002037   5.2442704784995222E+01   6.6053113466517011E-01
    2900.0000000000000000   5.2873105480435484E+01   6.5547211208742018E-01
    3000.0000000000000000   5.4405624106885405E+01   6.3834823873659219E-01
    3100.0000000000000000   5.5933344176481967E+01   6.2146588364028832E-01
    3200.0000000000000000   5.7453694704538997E+01   6.0608587985434437E-01
    3300.0000000000000000   5.8969147627202894E+01   5.9113622061295634E-01
    3400.0000000000000000   6.0478694283692114E+01   5.7708066653079415E-01
    3500.0000000000000000   6.1982175765493302E+01   5.6400581290158636E-01
    3600.0000000000000000   6.3480581316309191E+01   5.5151619797359286E-01
    3700.0000000000000000   6.4974747759490995E+01   5.3931688634627761E-01
    3800.0000000000000000   6.6463805142604173E+01   5.2770980393038569E-01
    3900.0000000000000000   6.7947122809692928E+01   5.1707249518654153E-01
    4000.0000000000000000   6.9426565155167197E+01   5.0664117952161913E-01
    4100.0000000000000000   7.0902313855437171E+01   4.9636517399489055E-01
    4200.0000000000000000   7.2372877299803562E+01   4.8681091656926878E-01
    4300.0000000000000000   7.3838679018090957E+01   4.7792361705433961E-01
    4400.0000000000000000   7.5303284093973190E+01   4.6832223246394644E-01
    4500.0000000000000000   7.6760424948010950E+01   4.6035934878033141E-01
    4600.0000000000000000   7.8215835034212958E+01   4.5200375187134589E-01
    4700.0000000000000000   7.9665125434199410E+01   4.4468528557635129E-01
    4800.0000000000000000   8.1113282015063390E+01   4.3686994932347029E-01
    4900.0000000000000000   8.2558010931197160E+01   4.2929054618165219E-01
    5000.0000000000000000   8.3998788697475916E+01   4.2212507947104810E-01
    5100.0000000000000000   8.5435768907549019E+01   4.1533683632769963E-01
    5200.0000000000000000   8.6869032413957200E+01   4.0891332791068269E-01
    5300.0000000000000000   8.8298770081170957E+01   4.0280366214751046E-01
    5400.0000000000000000   8.9724539784467396E+01   3.9714325814605028E-01
    5500.0000000000000000   9.1150792268725681E+01   3.9060864113502103E-01
    5600.0000000000000000   9.2572290721171242E+01   3.8478283442286088E-01
    5700.0000000000000000   9.3988440760297010E+01   3.7978831597605839E-01
    5800.0000000000000000   9.5406000316932634E+01   3.7376286477574339E-01
    5900.0000000000000000   9.6815705691716815E+01   3.6934846261821958E-01
    6000.0000000000000000   9.8228132211800428E+01   3.6358714975922762E-01
    6100.0000000000000000   9.9636598678008028E+01   3.5828581532840026E-01
    6200.0000000000000000   1.0103662086643541E+02   3.5466039504334534E-01
    6300.0000000000000000   1.0244075523842328E+02   3.4941002484838135E-01
    6400.0000000000000000   1.0384054519496611E+02   3.4481373599046150E-01
    6500.0000000000000000   1.0523751527568314E+02   3.4028286921387052E-01
    6600.0000000000000000   1.0663320624614607E+02   3.3573295552659982E-01
    6700.0000000000000000   1.0802484797667040E+02   3.3160173492756595E-01
    6800.0000000000000000   1.0941470886760607E+02   3.2748895993570454E-01
    6900.0000000000000000   1.1080127382531326E+02   3.2373838341671729E-01
    7000.0000000000000000   1.1218544343885354E+02   3.2006243147734076E-01
    7100.0000000000000000   1.1356790457113243E+02   3.1640007297010064E-01
    7200.0000000000000000   1.1494671762673565E+02   3.1314402699424770E-01
    7300.0000000000000000   1.1632332981782777E+02   3.0993103324026927E-01
    7400.0000000000000000   1.1770464392293992E+02   3.0532199448575004E-01
    7500.0000000000000000   1.1907626554702362E+02   3.0240830799577850E-01
    7600.0000000000000000   1.2044718338514329E+02   2.9946965329894082E-01
    7700.0000000000000000   1.2182027303613970E+02   2.9543905405359977E-01
    7800.0000000000000000   1.2318615399200313E+02   2.9272399053785181E-01
    7900.0000000000000000   1.2455029759534317E+02   2.9016818551403667E-01
    8000.0000000000000000   1.2591660639133524E+02   2.8659769575733024E-01
    8100.0000000000000000   1.2727564641137816E+02   2.8422709804805368E-01
    8200.0000000000000000   1.2863919842679837E+02   2.8077916489150362E-01
    8300.0000000000000000   1.2999588101869128E+02   2.7834145612378058E-01
    8400.0000000000000000   1.3135410153208963E+02   2.7511439659459447E-01
    8500.0000000000000000   1.3271039773205305E+02   2.7202175936015754E-01
    8600.0000000000000000   1.3405918786523020E+02   2.7036441821906654E-01
    8700.0000000000000000   1.3541369525756716E+02   2.6725301111778083E-01
    8800.0000000000000000   1.3676552460271253E+02   2.6413792260146002E-01
    8900.0000000000000000   1.3810611224882217E+02   2.6303991982610142E-01
    9000.0000000000000000   1.3945614658943961E+02   2.5975635150712201E-01
    9100.0000000000000000   1.4080044693629119E+02   2.5745618040457746E-01
    9200.0000000000000000   1.4214631666051284E+02   2.5461664276477358E-01
    9300.0000000000000000   1.4348601735723688E+02   2.5273580214416708E-01
    9400.0000000000000000   1.4482178435227016E+02   2.5122865291124202E-01
    9500.0000000000000000   1.4616232284323539E+02   2.4848934557900518E-01
    9600.0000000000000000   1.4749991420581847E+02   2.4612486452153878E-01
    9700.0000000000000000   1.4883485809721202E+02   2.4394333617162170E-01
    9800.0000000000000000   1.5016717831694743E+02   2.4201868580531749E-01
    9900.0000000000000000   1.5149877994598958E+02   2.3999883358799717E-01
   10000.0000000000000000   1.5282938292059114E+02   2.3794479099296378E-01
   11000.0000000000000000   1.6606105533009188E+02   2.1903272397696008E-01
   12000.0000000000000000   1.7915584918064769E+02   2.0397719320263646E-01
   13000.0000000000000000   1.9213517621654370E+02   1.9081902073546436E-01
   14000.0000000000000000   2.0501293922199511E+02   1.7881935369083032E-01
   15000.0000000000000000   2.1778723770132950E+02   1.6879927655293231E-01
   16000.0000000000000000   2.3047869291303496E+02   1.5998397938769796E-01
   17000.0000000000000000   2.4308026430145824E+02   1.5192872915160055E-01
   18000.0000000000000000   2.5560499301069737E+02   1.4550391502200133E-01
   19000.0000000000000000   2.6806975394295296E+02   1.3789402870393780E-01
   20000.0000000000000000   2.8046140829622914E+02   1.3212981680729782E-01
   20005.9989999999997963   2.8053705373470149E+02   1.3193174392984858E-01
   20006.0010000000002037   2.8053707889227883E+02   1.3193168968472560E-01
   21000.0000000000000000   2.9277935013688943E+02   1.2775866395862950E-01
   22000.0000000000000000   3.0505573225449933E+02   1.2161284102887167E-01
   23000.0000000000000000   3.1725442499233390E+02   1.1684556819802953E-01
   24000.0000000000000000   3.2941851447099458E+02   1.1290468002635777E-01
   25000.0000000000000000   3.4151963868032863E+02   1.0983307755143398E-01
   26000.0000000000000000   3.5357962728669190E+02   1.0624309341923406E-01
   27000.0000000000000000   3.6559530427759694E+02   1.0199650457277169E-01
   28000.0000000000000000   3.7753973178109516E+02   9.9336145174123897E-02
   29000.0000000000000000   3.8947416594915251E+02   9.6877891564868868E-02
   30000.0000000000000000   4.0135710679646286E+02   9.3016347498890636E-02
   31000.0000000000000000   4.1322192624200216E+02   9.0528207754770620E-02
   32000.0000000000000000   4.2501009431416344E+02   8.8131711511508268E-02
   33000.0000000000000000   4.3674869780469385E+02   8.7002326227605856E-02
   34000.0000000000000000   4.4848072223285521E+02   8.4819766965254409E-02
   35000.0000000000000000   4.6020301128150402E+02   8.1407519819684332E-02
   36000.0000000000000000   4.7186776446805226E+02   8.0480332610476657E-02
   37000.0000000000000000   4.8353157109443623E+02   7.8923298009437745E-02
   38000.0000000000000000   4.9515863286335815E+02   7.5696886802505373E-02
   39000.0000000000000000   5.0669407587189062E+02   7.4085748599826695E-02
   40000.0000000000000000   5.1830177256396655E+02   7.2263876368209884E-02
   41000.0000000000000000   5.2978424023528135E+02   7.0553238186651948E-02
   42000.0000000000000000   5.4130687213858357E+02   6.9995724445037863E-02
   43000.0000000000000000   5.5272990471036780E+02   6.7894012137188486E-02
   44000.0000000000000000   5.6422721716544595E+02   6.6292003206039535E-02
   45000.0000000000000000   5.7565400471732005E+02   6.5435956979335227E-02
   46000.0000000000000000   5.8699918823630378E+02   6.4087031851772489E-02
   47000.0000000000000000   5.9834310463791599E+02   6.3690114782098364E-02
   48000.0000000000000000   6.0973588408925946E+02   6.1963239822241487E-02
   49000.0000000000000000   6.2106764228210898E+02   6.1466915096143777E-02
   50000.0000000000000000   6.3240433482666890E+02   5.9542995830968490E-02
