       0.1000000000000000   2.5630237789995103E+01   1.1364108356701622E-03
       0.2000000000000000   2.2568624024647129E+01   2.2196768844361761E-03
       0.3000000000000000   2.1555470971232850E+01   3.2937693562889074E-03
       0.4000000000000000   2.1172642093025146E+01   4.3175978777935473E-03
       0.5000000000000000   2.0981812107981597E+01   5.3279765091006140E-03
       0.6000000000000000   2.0883162884554828E+01   6.3269842006478403E-03
       0.7000000000000000   2.0837668217380344E+01   7.3165181112971054E-03
       0.7999999999999999   2.0823914558316321E+01   8.2979248398948741E-03
       0.8999999999999999   2.0831974768764404E+01   9.2697470019690968E-03
       0.9999999999999999   2.0852498472554004E+01   1.0235972406369290E-02
       2.0000000000000000   2.1259622261806037E+01   1.9633227282789940E-02
       3.0000000000000000   2.1617889124207625E+01   2.8841011270415294E-02
       4.0000000000000000   2.1842488050701448E+01   3.8113486660957617E-02
       5.0000000000000000   2.1947885327300668E+01   4.7607361891692186E-02
       6.0000000000000000   2.1956461132658585E+01   5.7430854807857173E-02
       7.0000000000000000   2.1888463230695677E+01   6.7659308070659230E-02
       8.0000000000000000   2.1759333874939447E+01   7.8353416807191573E-02
       9.0000000000000000   2.1581313950967473E+01   8.9564126050076659E-02
      10.0000000000000000   2.1363837227845750E+01   1.0133784242266275E-01
      11.0000000000000000   2.1114538124851833E+01   1.1371711073043370E-01
      12.0000000000000000   2.0839481270239894E+01   1.2674261221009503E-01
      13.0000000000000000   2.0543644471376357E+01   1.4045445245434807E-01
      14.0000000000000000   2.0230900417813388E+01   1.5489462603312515E-01
      15.0000000000000000   1.9904444080987172E+01   1.7010657439130483E-01
      16.0000000000000000   1.9566935251818997E+01   1.8613534473074714E-01
      17.0000000000000000   1.9220479603541111E+01   2.0302987609056811E-01
      18.0000000000000000   1.8866856060302194E+01   2.2084230857828641E-01
      19.0000000000000000   1.8507489375996702E+01   2.3962919377143399E-01
      20.0000000000000000   1.8143553772662816E+01   2.5945237788825393E-01
      21.0000000000000000   1.7775999735843268E+01   2.8037955973626094E-01
      22.0000000000000000   1.7405622158209280E+01   3.0248458542163215E-01
      23.0000000000000000   1.7033064348573358E+01   3.2584869371063940E-01
      24.0000000000000000   1.6658839929153885E+01   3.5056168512575120E-01
      25.0000000000000000   1.6283374423018749E+01   3.7672233780099162E-01
      26.0000000000000000   1.5907016054267336E+01   4.0443962233455261E-01
      27.0000000000000000   1.5530052595396043E+01   4.3383376806234902E-01
      28.0000000000000000   1.5152728593122776E+01   4.6503735239070232E-01
      29.0000000000000000   1.4775253892430934E+01   4.9819658175257336E-01
      30.0000000000000000   1.4397822991902672E+01   5.3347237101799194E-01
      31.0000000000000000   1.4020621303045473E+01   5.7104157750289608E-01
      32.0000000000000000   1.3643844744209146E+01   6.1109783207224322E-01
      33.0000000000000000   1.3267705304310169E+01   6.5385248061157630E-01
      34.0000000000000000   1.2892450187398117E+01   6.9953473123181131E-01
      35.0000000000000000   1.2518374350937382E+01   7.4839127555327678E-01
      36.0000000000000000   1.2145837204723266E+01   8.0068481895172527E-01
      37.0000000000000000   1.1775279658273028E+01   8.5669112129024994E-01
      38.0000000000000000   1.1407242308422333E+01   9.1669398868102925E-01
      39.0000000000000000   1.1042382935854272E+01   9.8097758915122857E-01
      40.0000000000000000   1.0681493460023738E+01   1.0498154146750922E+00
      41.0000000000000000   1.0325511762185055E+01   1.1234554193886674E+00
      41.9990000000000023   9.9758738077790650E+00   1.2020198478355784E+00
      42.0000000000000000   9.9755272185758095E+00   1.2021010459580928E+00
      42.0009999999999977   9.9751806365940716E+00   1.2021822492302321E+00
      43.0000000000000000   9.6327747709329010E+00   1.2858886294410086E+00
      44.0000000000000000   9.2986136752332591E+00   1.3748624940689658E+00
      44.9990000000000023   8.9748060778595420E+00   1.4688538160690228E+00
      45.0000000000000000   8.9744874544551454E+00   1.4689504009446552E+00
      45.0009999999999977   8.9741688425587505E+00   1.4690469907374546E+00
      46.0000000000000000   8.6618652263602929E+00   1.5679428566782396E+00
      47.0000000000000000   8.3621665532459861E+00   1.6714806540451728E+00
      48.0000000000000000   8.0766780447021667E+00   1.7790544054696640E+00
      49.0000000000000000   7.8064729516755369E+00   1.8900182040760385E+00
      50.0000000000000000   7.5523461150790103E+00   2.0036168707194340E+00
      51.0000000000000000   7.3147742696430713E+00   2.1190234338980454E+00
      52.0000000000000000   7.0939065216539259E+00   2.2353814866386359E+00
      53.0000000000000000   6.8895833551329320E+00   2.3518465731736051E+00
      54.0000000000000000   6.7013778023524102E+00   2.4676217217055534E+00
      55.0000000000000000   6.5286496442339486E+00   2.5819841423446128E+00
      56.0000000000000000   6.3706038158950609E+00   2.6943021583436444E+00
      57.0000000000000000   6.2263459865673720E+00   2.8040429464391714E+00
      58.0000000000000000   6.0949303702763178E+00   2.9107732162644435E+00
      59.0000000000000000   5.9753986275914404E+00   3.0141542360190861E+00
      60.0000000000000000   5.8668091493483674E+00   3.1139334373228973E+00
      61.0000000000000000   5.7682570997235105E+00   3.2099346058997407E+00
      62.0000000000000000   5.6788878290928082E+00   3.3020470678281413E+00
      63.0000000000000000   5.5979042936198677E+00   3.3902153157478589E+00
      64.0000000000000000   5.5245702833756116E+00   3.4744293247999449E+00
      65.0000000000000000   5.4582106774412331E+00   3.5547158636320488E+00
      66.0000000000000000   5.3982096707105560E+00   3.6311309012575315E+00
      67.0000000000000000   5.3440077344998338E+00   3.7037531040431286E+00
      67.9989999999999952   5.2951442799251529E+00   3.7726112413128563E+00
      68.0000000000000000   5.2950978569728768E+00   3.7726783552084600E+00
      68.0010000000000048   5.2950514388503578E+00   3.7727454655149328E+00
      69.0000000000000000   5.2510214453512312E+00   3.8380151972898853E+00
      70.0000000000000000   5.2113641545631815E+00   3.8998810850177668E+00
      71.0000000000000000   5.1757518124737114E+00   3.9583993371227386E+00
      72.0000000000000000   5.1438465504071003E+00   4.0136966804533065E+00
      73.0000000000000000   5.1153431933779903E+00   4.0659012917421293E+00
      74.0000000000000000   5.0899659404383595E+00   4.1151412528533742E+00
      75.0000000000000000   5.0674653300235981E+00   4.1615433578695304E+00
      76.0000000000000000   5.0476155528016093E+00   4.2052321463546605E+00
      77.0000000000000000   5.0302119226561217E+00   4.2463292719873564E+00
      78.0000000000000000   5.0150687213820184E+00   4.2849529479388604E+00
      79.0000000000000000   5.0020172182990752E+00   4.3212175953583172E+00
      80.0000000000000000   4.9909039147615557E+00   4.3552336002894307E+00
      81.0000000000000000   4.9815889799559709E+00   4.3871071656418597E+00
      82.0000000000000000   4.9739448597835656E+00   4.4169402383655241E+00
      83.0000000000000000   4.9678550372526260E+00   4.4448304955439184E+00
      84.0000000000000000   4.9632129286159934E+00   4.4708713764321866E+00
      85.0000000000000000   4.9599209026838613E+00   4.4951521494807007E+00
      86.0000000000000000   4.9578894053541545E+00   4.5177580059160380E+00
      87.0000000000000000   4.9570361784457724E+00   4.5387701744634033E+00
      88.0000000000000000   4.9572855698858458E+00   4.5582660418299676E+00
      89.0000000000000000   4.9585679023242930E+00   4.5763192990854096E+00
      90.0000000000000000   4.9608189230386008E+00   4.5930000775004984E+00
      91.0000000000000000   4.9639793054682526E+00   4.6083750957434315E+00
      92.0000000000000000   4.9679942028716129E+00   4.6225078063485308E+00
      93.0000000000000000   4.9728128480634508E+00   4.6354585413779708E+00
      94.0000000000000000   4.9783881938040269E+00   4.6472846559646159E+00
      95.0000000000000000   4.9846765892671110E+00   4.6580406687397451E+00
      96.0000000000000000   4.9916374886419392E+00   4.6677783984079362E+00
      97.0000000000000000   4.9992331883080796E+00   4.6765470959385986E+00
      98.0000000000000000   5.0074285892257793E+00   4.6843935720307091E+00
      99.0000000000000000   5.0161909833976601E+00   4.6913623194931597E+00
     100.0000000000000000   5.0254898577886067E+00   4.6974956307288585E+00
     103.9989999999999952   5.0674959577545264E+00   4.7144466425504783E+00
     104.0010000000000048   5.0675187315497796E+00   4.7144523272352812E+00
     110.0000000000000000   5.1425333545388456E+00   4.7208202954641063E+00
     120.0000000000000000   5.2908201568909607E+00   4.6944856911857649E+00
     130.0000000000000000   5.4588011936091938E+00   4.6377865248567050E+00
     140.0000000000000000   5.6396992940146555E+00   4.5627600340306822E+00
     150.0000000000000000   5.8215391295094658E+00   4.4975039057628354E+00
     153.9989999999999952   5.9043827917658911E+00   4.4512537952935585E+00
     154.0010000000000048   5.9044321359864487E+00   4.4512135248078977E+00
     160.0000000000000000   6.0211302085876870E+00   4.4006174546990877E+00
     167.9989999999999952   6.1799564046500794E+00   4.3295408314096857E+00
     168.0010000000000048   6.1800050161973559E+00   4.3295039482475275E+00
     169.9989999999999952   6.2214977805678693E+00   4.3083353228223080E+00
     170.0000000000000000   6.2215220406390710E+00   4.3083171283214670E+00
     170.0010000000000048   6.2215462992703010E+00   4.3082989361684838E+00
     180.0000000000000000   6.4224083874252411E+00   4.2205259140333125E+00
     190.0000000000000000   6.6296981131139816E+00   4.1238030798477165E+00
     200.0000000000000000   6.8363986567763355E+00   4.0329030932777323E+00
     210.0000000000000000   7.0424753686531396E+00   3.9473336978327871E+00
     220.0000000000000000   7.2479119480683059E+00   3.8666468664586624E+00
     230.0000000000000000   7.4527041511697449E+00   3.7904374869943558E+00
     231.9989999999999952   7.4985788805281439E+00   3.7653460505542795E+00
     232.0010000000000048   7.4986247510413593E+00   3.7653211257861852E+00
     233.9989999999999952   7.5393850138539031E+00   3.7508821573010049E+00
     234.0010000000000048   7.5394308096783824E+00   3.7508575025534303E+00
     236.9989999999999952   7.5980922015651489E+00   3.7345285349996482E+00
     237.0010000000000048   7.5981378756413225E+00   3.7345042378004329E+00
     240.0000000000000000   7.6616769666120064E+00   3.7084093814705068E+00
     250.0000000000000000   7.8696202843124894E+00   3.6311403157193927E+00
     260.0000000000000000   8.0765750634463895E+00   3.5582116890737585E+00
     270.0000000000000000   8.2825816316224650E+00   3.4892526106000736E+00
     280.0000000000000000   8.4919272797937939E+00   3.4156649655007887E+00
     290.0000000000000000   8.6960077901646091E+00   3.3540366881960870E+00
     300.0000000000000000   8.9032731236302194E+00   3.2878452450107809E+00
     310.0000000000000000   9.1055897196261490E+00   3.2323998387959767E+00
     320.0000000000000000   9.3109412623002772E+00   3.1724894873661991E+00
     330.0000000000000000   9.5153517670798973E+00   3.1154945451503808E+00
     340.0000000000000000   9.7188581671071734E+00   3.0611980038174704E+00
     350.0000000000000000   9.9214954210252433E+00   3.0094041880964997E+00
     360.0000000000000000   1.0123296597044098E+01   2.9599361972488922E+00
     370.0000000000000000   1.0327733688841660E+01   2.9066522639152015E+00
     380.0000000000000000   1.0527878417872591E+01   2.8615522132995785E+00
     390.0000000000000000   1.0727277166492856E+01   2.8183296008379006E+00
     398.9990000000000236   1.0908379349123095E+01   2.7770993872055043E+00
     399.0009999999999764   1.0908420980891318E+01   2.7770879575564886E+00
     400.0000000000000000   1.0929212111247125E+01   2.7713915221534253E+00
     410.0000000000000000   1.1127123662873306E+01   2.7317283297751835E+00
     415.9990000000000236   1.1248066006630104E+01   2.7044920184035157E+00
     416.0009999999999764   1.1248107343752340E+01   2.7044813038843798E+00
     420.0000000000000000   1.1327514254961574E+01   2.6884255745543264E+00
     430.0000000000000000   1.1527152922944254E+01   2.6468411054227103E+00
     440.0000000000000000   1.1722980286073538E+01   2.6117930509351748E+00
     450.0000000000000000   1.1921215726248445E+01   2.5732224810990765E+00
     460.0000000000000000   1.2118764263115017E+01   2.5360883568606978E+00
     470.0000000000000000   1.2315645259162620E+01   2.5003096789895034E+00
     480.0000000000000000   1.2511878045807068E+01   2.4658102993341502E+00
     490.0000000000000000   1.2704605860527922E+01   2.4368816123182246E+00
     500.0000000000000000   1.2899630259978222E+01   2.4046385590526453E+00
     510.0000000000000000   1.3094058384442860E+01   2.3734838108622358E+00
     510.9989999999999668   1.3114007089096496E+01   2.3695979061255987E+00
     511.0009999999999195   1.3114047020384234E+01   2.3695901405625208E+00
     520.0000000000000000   1.3287906207986467E+01   2.3433609814846674E+00
     530.0000000000000000   1.3483930563934601E+01   2.3102177639930401E+00
     540.0000000000000000   1.3676629588563268E+01   2.2820870451379522E+00
     550.0000000000000000   1.3868792074222146E+01   2.2548385886186146E+00
     560.0000000000000000   1.4060431379405040E+01   2.2284300682715994E+00
     570.0000000000000000   1.4251560395216281E+01   2.2028217824256466E+00
     580.0000000000000000   1.4444800023787332E+01   2.1743496596315519E+00
     590.0000000000000000   1.4634914035773265E+01   2.1502981323189041E+00
     600.0000000000000000   1.4824553044379822E+01   2.1269405106883172E+00
     610.0000000000000000   1.5013727298276509E+01   2.1042471567087109E+00
     620.0000000000000000   1.5204954552072989E+01   2.0788161980230182E+00
     630.0000000000000000   1.5393204659800825E+01   2.0574171264623620E+00
     640.0000000000000000   1.5583482932717514E+01   2.0333498375440664E+00
     650.0000000000000000   1.5770845828706237E+01   2.0131389957618571E+00
     660.0000000000000000   1.5960220167195001E+01   1.9903151478785353E+00
     670.0000000000000000   1.6146729438000751E+01   1.9711992998693215E+00
     680.0000000000000000   1.6335236575936300E+01   1.9495185939787023E+00
     690.0000000000000000   1.6520927222180664E+01   1.9314099134957148E+00
     700.0000000000000000   1.6708598519396478E+01   1.9107863830861040E+00
     710.0000000000000000   1.6893504406927782E+01   1.8936048490388193E+00
     720.0000000000000000   1.7080369042633698E+01   1.8739615627517501E+00
     730.0000000000000000   1.7264522816548620E+01   1.8576341927216800E+00
     740.0000000000000000   1.7450607459852026E+01   1.8389027644028559E+00
     750.0000000000000000   1.7636317223799626E+01   1.8206125353003719E+00
     760.0000000000000000   1.7819371024935418E+01   1.8054806417921467E+00
     770.0000000000000000   1.8004342796859699E+01   1.7880048339408467E+00
     780.0000000000000000   1.8188952489856380E+01   1.7709321474840134E+00
     790.0000000000000000   1.8370969647548087E+01   1.7568645864288703E+00
     800.0000000000000000   1.8554880225773683E+01   1.7405217062472511E+00
     810.0000000000000000   1.8738446622341730E+01   1.7245418824413561E+00
     820.0000000000000000   1.8921665968316944E+01   1.7089223148956718E+00
     830.0000000000000000   1.9102378615286231E+01   1.6961129552883962E+00
     840.0000000000000000   1.9284951904922249E+01   1.6811199608422818E+00
     850.0000000000000000   1.9467200167989912E+01   1.6664470563377498E+00
     860.0000000000000000   1.9649123677253030E+01   1.6520890513933579E+00
     870.0000000000000000   1.9830727618719482E+01   1.6380354935742918E+00
     880.0000000000000000   2.0012022639226412E+01   1.6242702522425143E+00
     890.0000000000000000   2.0190936522157841E+01   1.6130507672549350E+00
     900.0000000000000000   2.0371647688507682E+01   1.5997957435405772E+00
     910.0000000000000000   2.0552060216541449E+01   1.5868073378366783E+00
     920.0000000000000000   2.0732177901563645E+01   1.5740779899188753E+00
     930.0000000000000000   2.0912005513401962E+01   1.5615992785738160E+00
     940.0000000000000000   2.1091548833025936E+01   1.5493619322364391E+00
     950.0000000000000000   2.1270813988403688E+01   1.5373565910767417E+00
     960.0000000000000000   2.1449806111832807E+01   1.5255751876507755E+00
     970.0000000000000000   2.1628528925247068E+01   1.5140113042323966E+00
     980.0000000000000000   2.1806985360148051E+01   1.5026594829685409E+00
     990.0000000000000000   2.1985178248329294E+01   1.4915144995250489E+00
    1000.0000000000000000   2.2163110599071320E+01   1.4805710777983268E+00
    1100.0000000000000000   2.3928800634843743E+01   1.3811132833330124E+00
    1200.0000000000000000   2.5673586037745920E+01   1.2951197342995735E+00
    1300.0000000000000000   2.7399732465435793E+01   1.2197019644154818E+00
    1400.0000000000000000   2.9109125177408842E+01   1.1527388290128402E+00
    1500.0000000000000000   3.0801585790373974E+01   1.0940344501006014E+00
    1600.0000000000000000   3.2480147905816615E+01   1.0409221950356318E+00
    1700.0000000000000000   3.4142902885516222E+01   9.9469376700052015E-01
    1800.0000000000000000   3.5795581562066737E+01   9.5105239075200831E-01
    1843.9990000000000236   3.6517644068477615E+01   9.3402724209909704E-01
    1844.0009999999999764   3.6517676976493377E+01   9.3402638690026463E-01
    1900.0000000000000000   3.7434450452574225E+01   9.1266782973193461E-01
    2000.0000000000000000   3.9063162646461869E+01   8.7698382023206090E-01
    2100.0000000000000000   4.0681203251525005E+01   8.4438760684921887E-01
    2200.0000000000000000   4.2290754246007744E+01   8.1353971912222400E-01
    2300.0000000000000000   4.3889027052910826E+01   7.8618783721397512E-01
    2400.0000000000000000   4.5479881035661464E+01   7.6003408904957626E-01
    2475.9989999999997963   4.6682968882272391E+01   7.4156038033989102E-01
    2476.0010000000002037   4.6683000428168135E+01   7.4155992842086416E-01
    2500.0000000000000000   4.7061913842667209E+01   7.3594721985780431E-01
    2526.9989999999997963   4.7487603421148243E+01   7.2975708297006814E-01
    2527.0010000000002037   4.7487634990331301E+01   7.2975659430459738E-01
    2600.0000000000000000   4.8635893128234123E+01   7.1353938680133044E-01
    2631.9989999999997963   4.9138285050013685E+01   7.0649118993217852E-01
    2632.0010000000002037   4.9138316746745602E+01   7.0649058986841318E-01
    2700.0000000000000000   5.0202213655173786E+01   6.9263288116527089E-01
    2800.0000000000000000   5.1760751322903523E+01   6.7329758919041205E-01
    2871.9989999999997963   5.2879663938945733E+01   6.5955489877082185E-01
    2872.0010000000002037   5.2879695033593904E+01   6.5955449224667317E-01
    2900.0000000000000000   5.3313616883894277E+01   6.5450325380599339E-01
    3000.0000000000000000   5.4858667403215719E+01   6.3740611847735518E-01
    3100.0000000000000000   5.6398890872164927E+01   6.2054895271509913E-01
    3200.0000000000000000   5.7931671271342175E+01   6.0519272391595680E-01
    3300.0000000000000000   5.9459519951298013E+01   5.9026554434258283E-01
    3400.0000000000000000   6.0981409625320374E+01   5.7623128046489991E-01
    3500.0000000000000000   6.2497177089763859E+01   5.6317662204704244E-01
    3600.0000000000000000   6.4007826559208596E+01   5.5070619192594161E-01
    3700.0000000000000000   6.5514207361299952E+01   5.3852513067777741E-01
    3800.0000000000000000   6.7015433671222979E+01   5.2693543265586096E-01
    3900.0000000000000000   6.8510863052570912E+01   5.1631470414822678E-01
    4000.0000000000000000   7.0002389769463804E+01   5.0589922056094305E-01
    4100.0000000000000000   7.1490197377525206E+01   4.9563834980084975E-01
    4200.0000000000000000   7.2972768352802873E+01   4.8609857611075635E-01
    4300.0000000000000000   7.4450532272726562E+01   4.7722515151831557E-01
    4400.0000000000000000   7.5927112579867483E+01   4.6763707163331697E-01
    4500.0000000000000000   7.7396136499614968E+01   4.5968695779530400E-01
    4600.0000000000000000   7.8863432002881652E+01   4.5134362832629349E-01
    4700.0000000000000000   8.0324536361432280E+01   4.4403695691108230E-01
    4800.0000000000000000   8.1784517549382144E+01   4.3623297047359821E-01
    4900.0000000000000000   8.3241042830973768E+01   4.2866449745761520E-01
    5000.0000000000000000   8.4693579311696809E+01   4.2150956463943640E-01
    5100.0000000000000000   8.6142282461480349E+01   4.1473148087204703E-01
    5200.0000000000000000   8.7587233829888689E+01   4.0831777745183040E-01
    5300.0000000000000000   8.9028626832318963E+01   4.0221758100619925E-01
    5400.0000000000000000   9.0466011414153883E+01   3.9656632803255898E-01
    5500.0000000000000000   9.1903911607721994E+01   3.9004055995253739E-01
    5600.0000000000000000   9.3337003141101519E+01   3.8422331517287500E-01
    5700.0000000000000000   9.4764681266357769E+01   3.7923708575546033E-01
    5800.0000000000000000   9.6193815499572494E+01   3.7321966385650568E-01
    5900.0000000000000000   9.7614988024885477E+01   3.6881304360159300E-01
    6000.0000000000000000   9.9038949054289432E+01   3.6305927679728422E-01
    6100.0000000000000000   1.0045890615769090E+02   3.5776526340655507E-01
    6200.0000000000000000   1.0187030038127276E+02   3.5414694931818480E-01
    6300.0000000000000000   1.0328589585622889E+02   3.4890348003572846E-01
    6400.0000000000000000   1.0469709543913135E+02   3.4431389579914812E-01
    6500.0000000000000000   1.0610544854677812E+02   3.3978954582116094E-01
    6600.0000000000000000   1.0751252108831105E+02   3.3524596909161847E-01
    6700.0000000000000000   1.0891549669642539E+02   3.3112091313945824E-01
    6800.0000000000000000   1.1031668098826837E+02   3.2701413759357739E-01
    6900.0000000000000000   1.1171453344895401E+02   3.2326940203870397E-01
    7000.0000000000000000   1.1310996925271968E+02   3.1959913893638275E-01
    7100.0000000000000000   1.1450368631259245E+02   3.1594232315427695E-01
    7200.0000000000000000   1.1589371263185673E+02   3.1269167948967902E-01
    7300.0000000000000000   1.1728151907700477E+02   3.0948395303481191E-01
    7400.0000000000000000   1.1867412231363355E+02   3.0488005169185683E-01
    7500.0000000000000000   1.2005688956265783E+02   3.0197137759104731E-01
    7600.0000000000000000   1.2143895793805389E+02   2.9903761488301045E-01
    7700.0000000000000000   1.2282325031168810E+02   2.9501179162015984E-01
    7800.0000000000000000   1.2420023081546398E+02   2.9230139226065216E-01
    7900.0000000000000000   1.2557546101833874E+02   2.8975014354586898E-01
    8000.0000000000000000   1.2695290772263868E+02   2.8618410604104610E-01
    8100.0000000000000000   1.2832298079820856E+02   2.8381786013875676E-01
    8200.0000000000000000   1.2969765548263712E+02   2.8037418178913254E-01
    8300.0000000000000000   1.3106536205707090E+02   2.7794063411535419E-01
    8400.0000000000000000   1.3243464656888352E+02   2.7471764510545799E-01
    8500.0000000000000000   1.3380198936529547E+02   2.7162899081361330E-01
    8600.0000000000000000   1.3516171629935289E+02   2.6997554790382949E-01
    8700.0000000000000000   1.3652726890585291E+02   2.6686795706273392E-01
    8800.0000000000000000   1.3789011301647290E+02   2.6375660545723545E-01
    8900.0000000000000000   1.3924154340075100E+02   2.6266226275303567E-01
    9000.0000000000000000   1.4060258986632212E+02   2.5938228006918501E-01
    9100.0000000000000000   1.4195782089480974E+02   2.5708562246888766E-01
    9200.0000000000000000   1.4331466025097617E+02   2.5424952840635018E-01
    9300.0000000000000000   1.4466524162603696E+02   2.5237206355559622E-01
    9400.0000000000000000   1.4601183709177806E+02   2.5086822431694988E-01
    9500.0000000000000000   1.4736329533694564E+02   2.4813216315386077E-01
    9600.0000000000000000   1.4871177019681696E+02   2.4577086631352360E-01
    9700.0000000000000000   1.5005756612338206E+02   2.4359246202832385E-01
    9800.0000000000000000   1.5140070716249610E+02   2.4167087730402437E-01
    9900.0000000000000000   1.5274312967600341E+02   2.3965403396917662E-01
   10000.0000000000000000   1.5408454883263002E+02   2.3760294509693652E-01
   11000.0000000000000000   1.6742377415389751E+02   2.1871769376225528E-01
   12000.0000000000000000   1.8062490198403057E+02   2.0368484949363430E-01
   13000.0000000000000000   1.9370959380577057E+02   1.9054613692538905E-01
   14000.0000000000000000   2.0669189568370405E+02   1.7856335826938532E-01
   15000.0000000000000000   2.1956980395331300E+02   1.6855808543967560E-01
   16000.0000000000000000   2.3236421762162570E+02   1.5975587895805560E-01
   17000.0000000000000000   2.4506792763828847E+02   1.5171229255081531E-01
   18000.0000000000000000   2.5769414350209399E+02   1.4529794097280666E-01
   19000.0000000000000000   2.7025997675419120E+02   1.3769749589765112E-01
   20000.0000000000000000   2.8275203734042515E+02   1.3194184933012243E-01
   20005.9989999999997963   2.8282830811023371E+02   1.3174382544410296E-01
   20006.0010000000002037   2.8282833347527890E+02   1.3174377121530864E-01
   21000.0000000000000000   2.9516967788895795E+02   1.2757850468561732E-01
   22000.0000000000000000   3.0754555006129817E+02   1.2143983087126473E-01
   23000.0000000000000000   3.1984290648968442E+02   1.1667912971817496E-01
   24000.0000000000000000   3.3210551636291154E+02   1.1274430435766929E-01
   25000.0000000000000000   3.4430453207788184E+02   1.0967831385146820E-01
   26000.0000000000000000   3.5646212179857008E+02   1.0609354028695790E-01
   27000.0000000000000000   3.6857504001366448E+02   1.0185180300518355E-01
   28000.0000000000000000   3.8061589205082726E+02   9.9195972741145472E-02
   29000.0000000000000000   3.9264692171584073E+02   9.6741957557144626E-02
   30000.0000000000000000   4.0462593630368048E+02   9.2884388859063013E-02
   31000.0000000000000000   4.1658684092934675E+02   9.0399985644595976E-02
   32000.0000000000000000   4.2847013679598700E+02   8.8007008398731754E-02
   33000.0000000000000000   4.4030334294886200E+02   8.6880943400576491E-02
   34000.0000000000000000   4.5213013727368514E+02   8.4701522401773574E-02
   35000.0000000000000000   4.6394730208439159E+02   8.1292246350948283E-02
   36000.0000000000000000   4.7570624693188250E+02   8.0367876332213303E-02
   37000.0000000000000000   4.8746447721941945E+02   7.8813516901193176E-02
   38000.0000000000000000   4.9918560193552412E+02   7.5589649523066960E-02
   39000.0000000000000000   5.1081384379450770E+02   7.3980933432385224E-02
   40000.0000000000000000   5.2251574405605243E+02   7.2161370293380114E-02
   41000.0000000000000000   5.3409058904966537E+02   7.0452936065121305E-02
   42000.0000000000000000   5.4570646588593172E+02   6.9897528294584635E-02
   43000.0000000000000000   5.5722132382408608E+02   6.7797830491239219E-02
   44000.0000000000000000   5.6881187401584077E+02   6.6197750542929951E-02
   45000.0000000000000000   5.8033094330365225E+02   6.5343553213088726E-02
   46000.0000000000000000   5.9176726702041742E+02   6.3996401876575973E-02
   47000.0000000000000000   6.0320248794098814E+02   6.3601188063794389E-02
   48000.0000000000000000   6.1468754890478021E+02   6.1875950031108462E-02
   49000.0000000000000000   6.2611076907245388E+02   6.1381199776036129E-02
   50000.0000000000000000   6.3753917540749467E+02   5.9458796100564607E-02
