       0.1000000000000000   5.0947712292028555E+01   5.7236361023135275E-04
       0.2000000000000000   4.4668970639207572E+01   1.1248791775405676E-03
       0.3000000000000000   4.2479721243533824E+01   1.6797996553665382E-03
       0.4000000000000000   4.1550078777643378E+01   2.2156428548645666E-03
       0.5000000000000000   4.1003821891747926E+01   2.7510753969768277E-03
       0.6000000000000000   4.0641898660999381E+01   3.2870373187592907E-03
       0.7000000000000000   4.0386121177729450E+01   3.8244204241966511E-03
       0.7999999999999999   4.0193787232398876E+01   4.3638390004420158E-03
       0.8999999999999999   4.0045278254863312E+01   4.9044267179661231E-03
       0.9999999999999999   3.9921768595043559E+01   5.4482277759203444E-03
       2.0000000000000000   3.9117441923939616E+01   1.1072122113409166E-02
       3.0000000000000000   3.8299110975003529E+01   1.7163378408021780E-02
       4.0000000000000000   3.7329340672622997E+01   2.3836576666579075E-02
       5.0000000000000000   3.6253537841705594E+01   3.1163215289288261E-02
       6.0000000000000000   3.5122053333207269E+01   3.9191613010437096E-02
       7.0000000000000000   3.3974120691025362E+01   4.7951235367148459E-02
       8.0000000000000000   3.2835341142453892E+01   5.7462970170148196E-02
       9.0000000000000000   3.1722236390653819E+01   6.7742032878026576E-02
      10.0000000000000000   3.0644405452153645E+01   7.8801902633830426E-02
      11.0000000000000000   2.9607201161104339E+01   9.0655234639946874E-02
      12.0000000000000000   2.8612869048201730E+01   1.0331541065299163E-01
      13.0000000000000000   2.7661757865555337E+01   1.1679817035936951E-01
      14.0000000000000000   2.6752674605347721E+01   1.3112353093086079E-01
      15.0000000000000000   2.5883734277261002E+01   1.4631568472782339E-01
      16.0000000000000000   2.5052702854481879E+01   1.6240295753181372E-01
      17.0000000000000000   2.4257030962231912E+01   1.7941974902829144E-01
      18.0000000000000000   2.3494196061445798E+01   1.9740581466424320E-01
      19.0000000000000000   2.2761683737736586E+01   2.1640715127985344E-01
      20.0000000000000000   2.2057084054199091E+01   2.3647669847491742E-01
      21.0000000000000000   2.1378116342768877E+01   2.5767467564473556E-01
      22.0000000000000000   2.0722681359071018E+01   2.8006871926149329E-01
      23.0000000000000000   2.0088830339947823E+01   3.0373491079865483E-01
      24.0000000000000000   1.9474760548487595E+01   3.2875880344301306E-01
      25.0000000000000000   1.8878834919071359E+01   3.5523570464533166E-01
      26.0000000000000000   1.8299564761987160E+01   3.8327176396392365E-01
      27.0000000000000000   1.7735603261264394E+01   4.1298493758218352E-01
      28.0000000000000000   1.7185740913047191E+01   4.4450598967048566E-01
      29.0000000000000000   1.6648893715580456E+01   4.7797968817056985E-01
      30.0000000000000000   1.6124104946249215E+01   5.1356583050242888E-01
      31.0000000000000000   1.5610535815387935E+01   5.5144041293699986E-01
      32.0000000000000000   1.5107470984765905E+01   5.9179642497734997E-01
      33.0000000000000000   1.4614311730259436E+01   6.3484474330561691E-01
      34.0000000000000000   1.4130584089621362E+01   6.8081425317814470E-01
      35.0000000000000000   1.3655942094633028E+01   7.2995143949137542E-01
      36.0000000000000000   1.3190175823958610E+01   7.8251889633429494E-01
      37.0000000000000000   1.2733220884974195E+01   8.3879234858245377E-01
      38.0000000000000000   1.2285169632305434E+01   8.9905562852699139E-01
      39.0000000000000000   1.1846282364786695E+01   9.6359297823047552E-01
      40.0000000000000000   1.1416998022542705E+01   1.0326780024194573E+00
      41.0000000000000000   1.0997939800023225E+01   1.1065587957895742E+00
      41.9990000000000023   1.0590316513756123E+01   1.1853575331968527E+00
      42.0000000000000000   1.0589914311370343E+01   1.1854389627971071E+00
      42.0009999999999977   1.0589512120982524E+01   1.1855203975409143E+00
      43.0000000000000000   1.0193898834284788E+01   1.2694550155551780E+00
      44.0000000000000000   9.8110130029046605E+00   1.3586514639279921E+00
      44.9990000000000023   9.4428322771660138E+00   1.4528594592919342E+00
      45.0000000000000000   9.4424713157618623E+00   1.4529562582729032E+00
      45.0009999999999977   9.4421103699497504E+00   1.4530530621655324E+00
      46.0000000000000000   9.0895174127222909E+00   1.5521600942144584E+00
      47.0000000000000000   8.7533427271506863E+00   1.6559039493420729E+00
      48.0000000000000000   8.4349985786709016E+00   1.7636786143107526E+00
      49.0000000000000000   8.1353135650509092E+00   1.8748383519114649E+00
      50.0000000000000000   7.8548289598790246E+00   1.9886281435508972E+00
      51.0000000000000000   7.5937618900030746E+00   2.1042211689638690E+00
      52.0000000000000000   7.3520004590410588E+00   2.2207611643598080E+00
      53.0000000000000000   7.1291282624672974E+00   2.3374038102239916E+00
      54.0000000000000000   6.9244709365028996E+00   2.4533522654433924E+00
      55.0000000000000000   6.7371549021382240E+00   2.5678838664354422E+00
      56.0000000000000000   6.5661690506173072E+00   2.6803670594912838E+00
      57.0000000000000000   6.4104222589795397E+00   2.7902691415958336E+00
      58.0000000000000000   6.2687918686614337E+00   2.8971569402585162E+00
      59.0000000000000000   6.1401623054607208E+00   3.0006918392740616E+00
      60.0000000000000000   6.0234533758483577E+00   3.1006213837925833E+00
      61.0000000000000000   5.9176388712341454E+00   3.1967694704494432E+00
      62.0000000000000000   5.8217583450015331E+00   3.2890255337007135E+00
      63.0000000000000000   5.7349228177191778E+00   3.3773341718463805E+00
      64.0000000000000000   5.6563163460580421E+00   3.4616854626902418E+00
      65.0000000000000000   5.5851947164701530E+00   3.5421062744878866E+00
      66.0000000000000000   5.5208822569363400E+00   3.6186526726912338E+00
      67.0000000000000000   5.4627675358164387E+00   3.6914034168764465E+00
      67.9989999999999952   5.4103483122387761E+00   3.7603872418635085E+00
      68.0000000000000000   5.4102984932745182E+00   3.7604544802372053E+00
      68.0010000000000048   5.4102486794540567E+00   3.7605217150191277E+00
      69.0000000000000000   5.3629773798116931E+00   3.8259144920262642E+00
      70.0000000000000000   5.3203557540833692E+00   3.8879009905351887E+00
      71.0000000000000000   5.2820296938448434E+00   3.9465373748783392E+00
      72.0000000000000000   5.2476353154827136E+00   4.0019504492378211E+00
      73.0000000000000000   5.2168446429472564E+00   4.0542684647036120E+00
      74.0000000000000000   5.1893618434800297E+00   4.1036195746164763E+00
      75.0000000000000000   5.1649198136326566E+00   4.1501306417349824E+00
      76.0000000000000000   5.1432771698623405E+00   4.1939262716877392E+00
      77.0000000000000000   5.1242154422097581E+00   4.2351281815833035E+00
      78.0000000000000000   5.1075366842972754E+00   4.2738546455801050E+00
      79.0000000000000000   5.0930612910695023E+00   4.3102201434535745E+00
      80.0000000000000000   5.0806260704841888E+00   4.3443351176143183E+00
      81.0000000000000000   5.0700825311041218E+00   4.3763058251781324E+00
      82.0000000000000000   5.0612953628196609E+00   4.4062342652306432E+00
      83.0000000000000000   5.0541410876088575E+00   4.4342181650337054E+00
      84.0000000000000000   5.0485068608680619E+00   4.4603510121192045E+00
      85.0000000000000000   5.0442894079772671E+00   4.4847221214189945E+00
      86.0000000000000000   5.0413940776679240E+00   4.5074167289205818E+00
      87.0000000000000000   5.0397339983762519E+00   4.5285161064679462E+00
      88.0000000000000000   5.0392293352129789E+00   4.5480976823143298E+00
      89.0000000000000000   5.0398066101167975E+00   4.5662351875818468E+00
      90.0000000000000000   5.0413981114734439E+00   4.5829987921533224E+00
      91.0000000000000000   5.0439413588272206E+00   4.5984552519407007E+00
      92.0000000000000000   5.0473786247791947E+00   4.6126680554113886E+00
      93.0000000000000000   5.0516565066461085E+00   4.6256975693069666E+00
      94.0000000000000000   5.0567255420627797E+00   4.6376011822401972E+00
      95.0000000000000000   5.0625398635419652E+00   4.6484334451741800E+00
      96.0000000000000000   5.0690568876535433E+00   4.6582462080461617E+00
      97.0000000000000000   5.0762370349623129E+00   4.6670887520055109E+00
      98.0000000000000000   5.0840434771562544E+00   4.6750079169166900E+00
      99.0000000000000000   5.0924419095641200E+00   4.6820482238055634E+00
     100.0000000000000000   5.1014003433834523E+00   4.6882519923471797E+00
     103.9989999999999952   5.1422542653973933E+00   4.7054742615862182E+00
     104.0010000000000048   5.1422765390019247E+00   4.7054800778937871E+00
     110.0000000000000000   5.2160758072327607E+00   4.7122260230692774E+00
     120.0000000000000000   5.3633099331030145E+00   4.6864549547517083E+00
     130.0000000000000000   5.5310499890226392E+00   4.6302500467513124E+00
     140.0000000000000000   5.7122372100641448E+00   4.5556610219733802E+00
     150.0000000000000000   5.8946347681725921E+00   4.4907500736845609E+00
     153.9989999999999952   5.9779940791337882E+00   4.4446254927002995E+00
     154.0010000000000048   5.9780438830963298E+00   4.4445852836878972E+00
     160.0000000000000000   6.0953516338999050E+00   4.3941680302054964E+00
     167.9989999999999952   6.2551163524371933E+00   4.3233137278720468E+00
     168.0010000000000048   6.2551654223661783E+00   4.3232768981564647E+00
     169.9989999999999952   6.2969443574376616E+00   4.3021611578047914E+00
     170.0000000000000000   6.2969688465935567E+00   4.3021429895213439E+00
     170.0010000000000048   6.2969933342747861E+00   4.3021248235855101E+00
     180.0000000000000000   6.4991600847230169E+00   4.2146020730731149E+00
     190.0000000000000000   6.7079646201389913E+00   4.1181079227350290E+00
     200.0000000000000000   6.9162129892408162E+00   4.0274177883675737E+00
     210.0000000000000000   7.1238644958507296E+00   3.9420417297292270E+00
     220.0000000000000000   7.3308981347922231E+00   3.8615336645440568E+00
     230.0000000000000000   7.5373059459086127E+00   3.7854901262922183E+00
     231.9989999999999952   7.5836199165115703E+00   3.7604304185077631E+00
     232.0010000000000048   7.5836662263139774E+00   3.7604055252573754E+00
     233.9989999999999952   7.6247504092754399E+00   3.7459978198149155E+00
     234.0010000000000048   7.6247966436796411E+00   3.7459731961399645E+00
     236.9989999999999952   7.6838894838487724E+00   3.7296903169952849E+00
     237.0010000000000048   7.6839355952439909E+00   3.7296660502192354E+00
     240.0000000000000000   7.7480191863458021E+00   3.7036163394705426E+00
     250.0000000000000000   7.9577055990739050E+00   3.6264912729787571E+00
     260.0000000000000000   8.1664051656711969E+00   3.5536973644006666E+00
     270.0000000000000000   8.3741574527024394E+00   3.4848646238216934E+00
     280.0000000000000000   8.5853431100707862E+00   3.4113957224155356E+00
     290.0000000000000000   8.7911658476736143E+00   3.3498792835133533E+00
     300.0000000000000000   9.0002610212929799E+00   3.2837933799834120E+00
     310.0000000000000000   9.2043154955048045E+00   3.2284477509353788E+00
     320.0000000000000000   9.4114865844059299E+00   3.1686318901605626E+00
     330.0000000000000000   9.6177104862024834E+00   3.1117265761118982E+00
     340.0000000000000000   9.8230242641569454E+00   3.0575151795055175E+00
     350.0000000000000000   1.0027463018266539E+01   3.0058023650143548E+00
     360.0000000000000000   1.0231059965004778E+01   2.9564115377102969E+00
     370.0000000000000000   1.0437360670535812E+01   2.9032012061360515E+00
     380.0000000000000000   1.0639288318063837E+01   2.8581714450983786E+00
     390.0000000000000000   1.0840464760666467E+01   2.8150160364304666E+00
     398.9990000000000236   1.1023210577711204E+01   2.7738438320718934E+00
     399.0009999999999764   1.1023252604896369E+01   2.7738324150664497E+00
     400.0000000000000000   1.1044241206867097E+01   2.7681422816120400E+00
     410.0000000000000000   1.1243918717566594E+01   2.7285407207911732E+00
     415.9990000000000236   1.1365971655397804E+01   2.7013401620751378E+00
     416.0009999999999764   1.1366013384725457E+01   2.7013294593281829E+00
     420.0000000000000000   1.1446136805804583E+01   2.6852970761978736E+00
     430.0000000000000000   1.1647595847512864E+01   2.6437693536418418E+00
     440.0000000000000000   1.1845172064884791E+01   2.6087758255730336E+00
     450.0000000000000000   1.2045215056657067E+01   2.5702576942417075E+00
     460.0000000000000000   1.2244564588162927E+01   2.5331740423533851E+00
     470.0000000000000000   1.2443240193269482E+01   2.4974439829830986E+00
     480.0000000000000000   1.2641261386348562E+01   2.4629914717412076E+00
     490.0000000000000000   1.2835711925727791E+01   2.4341079990753003E+00
     500.0000000000000000   1.3032513647090646E+01   2.4019085950983525E+00
     510.0000000000000000   1.3228713371960541E+01   2.3707960137525501E+00
     510.9989999999999668   1.3248850274125779E+01   2.3669142430391936E+00
     511.0009999999999195   1.3248890582120861E+01   2.3669064857384230E+00
     520.0000000000000000   1.3424327228070558E+01   2.3407139455767849E+00
     530.0000000000000000   1.3622168691808195E+01   2.3076101551376991E+00
     540.0000000000000000   1.3816622274067095E+01   2.2795175958273544E+00
     550.0000000000000000   1.4010534176683121E+01   2.2523060935435493E+00
     560.0000000000000000   1.4203917887492672E+01   2.2259333802466537E+00
     570.0000000000000000   1.4396786423612561E+01   2.2003598086463168E+00
     580.0000000000000000   1.4591814171141312E+01   2.1719213582310477E+00
     590.0000000000000000   1.4783657583748061E+01   2.1479025091961286E+00
     600.0000000000000000   1.4975021453784697E+01   2.1245766165815825E+00
     610.0000000000000000   1.5165916123166657E+01   2.1019140844925848E+00
     620.0000000000000000   1.5358910476075829E+01   2.0765130802079628E+00
     630.0000000000000000   1.5548871825370609E+01   2.0551431328790941E+00
     640.0000000000000000   1.5740907196059945E+01   2.0311041731964106E+00
     650.0000000000000000   1.5929972512878889E+01   2.0109208988334104E+00
     660.0000000000000000   1.6121094489789531E+01   1.9881238878800935E+00
     670.0000000000000000   1.6309297674680128E+01   1.9690341759151677E+00
     680.0000000000000000   1.6499543390722366E+01   1.9473789331810769E+00
     690.0000000000000000   1.6686919812658299E+01   1.9292950694678406E+00
     700.0000000000000000   1.6876320941520330E+01   1.9086957345449691E+00
     710.0000000000000000   1.7062904834528421E+01   1.8915377984998270E+00
     720.0000000000000000   1.7251490846677960E+01   1.8719175353079940E+00
     730.0000000000000000   1.7437315219785376E+01   1.8556126349013262E+00
     740.0000000000000000   1.7625113044374597E+01   1.8369031430986613E+00
     750.0000000000000000   1.7812532078498712E+01   1.8186343367658915E+00
     760.0000000000000000   1.7997245406866526E+01   1.8035233706996858E+00
     770.0000000000000000   1.8183918717114761E+01   1.7860680124966171E+00
     780.0000000000000000   1.8370226114527171E+01   1.7690153145963410E+00
     790.0000000000000000   1.8553892445147081E+01   1.7549672969256596E+00
     800.0000000000000000   1.8739493430143376E+01   1.7386435301392344E+00
     810.0000000000000000   1.8924746594847051E+01   1.7226824042279005E+00
     820.0000000000000000   1.9109648962346224E+01   1.7070811329102322E+00
     830.0000000000000000   1.9291997744777788E+01   1.6942896810808961E+00
     840.0000000000000000   1.9476247406673473E+01   1.6793142185959393E+00
     850.0000000000000000   1.9660168590787638E+01   1.6646584823180444E+00
     860.0000000000000000   1.9843761530388740E+01   1.6503172934270236E+00
     870.0000000000000000   2.0027031471195308E+01   1.6362802105563869E+00
     880.0000000000000000   2.0209989229456280E+01   1.6225311136697542E+00
     890.0000000000000000   2.0390521375388808E+01   1.6113274527836094E+00
     900.0000000000000000   2.0572889335093802E+01   1.5980879425675139E+00
     910.0000000000000000   2.0754955477469373E+01   1.5851147491018074E+00
     920.0000000000000000   2.0936723635125372E+01   1.5724003211280659E+00
     930.0000000000000000   2.1118198635473028E+01   1.5599362460407489E+00
     940.0000000000000000   2.1299386337969104E+01   1.5477132605423700E+00
     950.0000000000000000   2.1480292956729965E+01   1.5357220127470719E+00
     960.0000000000000000   2.1660923691249071E+01   1.5239544428474501E+00
     970.0000000000000000   2.1841282303531422E+01   1.5124041404612023E+00
     980.0000000000000000   2.2021371750323212E+01   1.5010656548004304E+00
     990.0000000000000000   2.2201194887489073E+01   1.4899337683306961E+00
    1000.0000000000000000   2.2380754752651459E+01   1.4790032114951601E+00
    1100.0000000000000000   2.4162576923319932E+01   1.3796625825511368E+00
    1200.0000000000000000   2.5923292779008182E+01   1.2937686952745067E+00
    1300.0000000000000000   2.7665190381669927E+01   1.2184368234145675E+00
    1400.0000000000000000   2.9390173837388549E+01   1.1515485556181571E+00
    1500.0000000000000000   3.1098046581795462E+01   1.0929100601051434E+00
    1600.0000000000000000   3.2791888605982976E+01   1.0398562679345644E+00
    1700.0000000000000000   3.4469743954864221E+01   9.9368009876051011E-01
    1800.0000000000000000   3.6137444733302573E+01   9.5008573855956591E-01
    1843.9990000000000236   3.6866053295424045E+01   9.3307981970291942E-01
    1844.0009999999999764   3.6866086503109486E+01   9.3307896535941970E-01
    1900.0000000000000000   3.7791177776906970E+01   9.1174372082192401E-01
    2000.0000000000000000   3.9434659356289671E+01   8.7609840632626657E-01
    2100.0000000000000000   4.1067358579608886E+01   8.4353755168113587E-01
    2200.0000000000000000   4.2691493602781719E+01   8.1272211037369102E-01
    2300.0000000000000000   4.4304217887360679E+01   7.8540011674015775E-01
    2400.0000000000000000   4.5909459894775694E+01   7.5927399699485931E-01
    2475.9989999999997963   4.7123418911096181E+01   7.4081993139235514E-01
    2476.0010000000002037   4.7123450741446064E+01   7.4081947997588860E-01
    2500.0000000000000000   4.7505786658690916E+01   7.3521274945534132E-01
    2526.9989999999997963   4.7935320175548505E+01   7.2902921492461270E-01
    2527.0010000000002037   4.7935352030336041E+01   7.2902872674349095E-01
    2600.0000000000000000   4.9093976847122242E+01   7.1282874748383218E-01
    2631.9989999999997963   4.9600906270791036E+01   7.0578782926400074E-01
    2632.0010000000002037   4.9600938256939223E+01   7.0578722965015162E-01
    2700.0000000000000000   5.0674429454466321E+01   6.9194446820938138E-01
    2800.0000000000000000   5.2247015082321653E+01   6.7262995854685426E-01
    2871.9989999999997963   5.3376018668846463E+01   6.5890141617300524E-01
    2872.0010000000002037   5.3376050044476834E+01   6.5890101003291524E-01
    2900.0000000000000000   5.3813881600694479E+01   6.5385510108236211E-01
    3000.0000000000000000   5.5372843132838412E+01   6.3677626127368814E-01
    3100.0000000000000000   5.6926941648782623E+01   6.1993631568711560E-01
    3200.0000000000000000   5.8473509736019295E+01   6.0459632607320646E-01
    3300.0000000000000000   6.0015103988774975E+01   5.8968448818992858E-01
    3400.0000000000000000   6.1550675953938040E+01   5.7566474267380463E-01
    3500.0000000000000000   6.3080057664735058E+01   5.6262384540384669E-01
    3600.0000000000000000   6.4604270563265587E+01   5.5016647835192878E-01
    3700.0000000000000000   6.6124178352155567E+01   5.3799783515342403E-01
    3800.0000000000000000   6.7638877197668734E+01   5.2641995791157559E-01
    3900.0000000000000000   6.9147711347703108E+01   5.1581049600782547E-01
    4000.0000000000000000   7.0652609214729111E+01   5.0540576384340308E-01
    4100.0000000000000000   7.2153756568899809E+01   4.9515516470150722E-01
    4200.0000000000000000   7.3649606462324712E+01   4.8562521499584410E-01
    4300.0000000000000000   7.5140595456140346E+01   4.7676119607718126E-01
    4400.0000000000000000   7.6630413454983653E+01   4.6718213034123152E-01
    4500.0000000000000000   7.8112568105134613E+01   4.5924066364688199E-01
    4600.0000000000000000   7.9592994935964370E+01   4.5090563680543994E-01
    4700.0000000000000000   8.1067147392418889E+01   4.4360694416831187E-01
    4800.0000000000000000   8.2540186804912892E+01   4.3581063168568757E-01
    4900.0000000000000000   8.4009736299776179E+01   4.2824954534801990E-01
    5000.0000000000000000   8.5475252360730821E+01   4.2110172814084296E-01
    5100.0000000000000000   8.6936892651875681E+01   4.1433050391489618E-01
    5200.0000000000000000   8.8394739574676350E+01   4.0792341786477099E-01
    5300.0000000000000000   8.9848989495547769E+01   4.0182960951622831E-01
    5400.0000000000000000   9.1299183425684731E+01   3.9618452735413839E-01
    5500.0000000000000000   9.2749928504580808E+01   3.8966472395630936E-01
    5600.0000000000000000   9.4195801370718868E+01   3.8385324812572896E-01
    5700.0000000000000000   9.5636185607659101E+01   3.7887260162469338E-01
    5800.0000000000000000   9.7078077149191571E+01   3.7286058567166203E-01
    5900.0000000000000000   9.8511883707751664E+01   3.6845920286831152E-01
    6000.0000000000000000   9.9948553512070475E+01   3.6271051295812823E-01
    6100.0000000000000000   1.0138116825065889E+02   3.5742142334434907E-01
    6200.0000000000000000   1.0280508450097130E+02   3.5380788689788312E-01
    6300.0000000000000000   1.0423330133623807E+02   3.4856905568126539E-01
    6400.0000000000000000   1.0565706266923206E+02   3.4398397610209680E-01
    6500.0000000000000000   1.0707794609044720E+02   3.3946400317835890E-01
    6600.0000000000000000   1.0849754595599997E+02   3.3492468136921305E-01
    6700.0000000000000000   1.0991299367848582E+02   3.3080376336108364E-01
    6800.0000000000000000   1.1132663696001383E+02   3.2670101365060028E-01
    6900.0000000000000000   1.1273690660057220E+02   3.2296019642068058E-01
    7000.0000000000000000   1.1414473427972457E+02   3.1929374848005493E-01
    7100.0000000000000000   1.1555083041073034E+02   3.1564064880958376E-01
    7200.0000000000000000   1.1695318645121837E+02   3.1239362610141669E-01
    7300.0000000000000000   1.1835329999735649E+02   3.0918942913869474E-01
    7400.0000000000000000   1.1975831620822248E+02   3.0458896932384927E-01
    7500.0000000000000000   1.2115333339796625E+02   3.0168365210893844E-01
    7600.0000000000000000   1.2254765614395289E+02   2.9875316479929503E-01
    7700.0000000000000000   1.2394426061994500E+02   2.9473053844537456E-01
    7800.0000000000000000   1.2533343581692668E+02   2.9202326035638509E-01
    7900.0000000000000000   1.2672084506095065E+02   2.8947505998673378E-01
    8000.0000000000000000   1.2811052757413853E+02   2.8591200048496640E-01
    8100.0000000000000000   1.2949271727939441E+02   2.8354866470496881E-01
    8200.0000000000000000   1.3087960852540758E+02   2.8010783094335429E-01
    8300.0000000000000000   1.3225941949273010E+02   2.7767706456162289E-01
    8400.0000000000000000   1.3364085246995387E+02   2.7445679568417192E-01
    8500.0000000000000000   1.3502032314997805E+02   2.7137080240535494E-01
    8600.0000000000000000   1.3639205340662613E+02   2.6971996333857962E-01
    8700.0000000000000000   1.3776973041810157E+02   2.6661492103411427E-01
    8800.0000000000000000   1.3914466371318287E+02   2.6350606444144919E-01
    8900.0000000000000000   1.4050798880335199E+02   2.6241416493220043E-01
    9000.0000000000000000   1.4188111964213678E+02   2.5913657525876993E-01
    9100.0000000000000000   1.4324834252153252E+02   2.5684226204899763E-01
    9200.0000000000000000   1.4461721664164321E+02   2.5400846525660953E-01
    9300.0000000000000000   1.4597973187163419E+02   2.5213325199341052E-01
    9400.0000000000000000   1.4733820164471928E+02   2.5063162003893336E-01
    9500.0000000000000000   1.4870163596926386E+02   2.4789772318023806E-01
    9600.0000000000000000   1.5006204530484322E+02   2.4553854893532487E-01
    9700.0000000000000000   1.5141973951566487E+02   2.4336222675720476E-01
    9800.0000000000000000   1.5277474294587125E+02   2.4144268482455683E-01
    9900.0000000000000000   1.5412902711863697E+02   2.3942784609346396E-01
   10000.0000000000000000   1.5548230185368098E+02   2.3737872472141697E-01
   11000.0000000000000000   1.6893935732560439E+02   2.1851131916413144E-01
   12000.0000000000000000   1.8225687757092138E+02   2.0349354893119548E-01
   13000.0000000000000000   1.9545681277538495E+02   1.9036774832270714E-01
   14000.0000000000000000   2.0855337635120495E+02   1.7839616122236399E-01
   15000.0000000000000000   2.2154445519017025E+02   1.6840068762105792E-01
   16000.0000000000000000   2.3445126380400859E+02   1.5960713700656184E-01
   17000.0000000000000000   2.4726640931243978E+02   1.5157125556345410E-01
   18000.0000000000000000   2.6000329299949152E+02   1.4516380924568026E-01
   19000.0000000000000000   2.7267929336682607E+02   1.3756959021486329E-01
   20000.0000000000000000   2.8528074316407685E+02   1.3181958771188318E-01
   20005.9989999999997963   2.8535769565741566E+02   1.3162159609627339E-01
   20006.0010000000002037   2.8535772124861330E+02   1.3162154187823474E-01
   21000.0000000000000000   2.9780695171883019E+02   1.2746138451518546E-01
   22000.0000000000000000   3.1029112815208146E+02   1.2132741496873901E-01
   23000.0000000000000000   3.2269584003218387E+02   1.1657103535603851E-01
   24000.0000000000000000   3.3506561792461127E+02   1.1264019450013558E-01
   25000.0000000000000000   3.4737107617603505E+02   1.0957789009659100E-01
   26000.0000000000000000   3.5963476054733752E+02   1.0599653712787353E-01
   27000.0000000000000000   3.7185334965701333E+02   1.0175798312428372E-01
   28000.0000000000000000   3.8399894343778675E+02   9.9105123121066493E-02
   29000.0000000000000000   3.9613488247802707E+02   9.6653886243561402E-02
   30000.0000000000000000   4.0821820676322034E+02   9.2798922247995644E-02
   31000.0000000000000000   4.2028341337615410E+02   9.0316966195094273E-02
   32000.0000000000000000   4.3226993106844054E+02   8.7926292693049204E-02
   33000.0000000000000000   4.4420575905084041E+02   8.6802400490132173E-02
   34000.0000000000000000   4.5613534256803445E+02   8.4625032389646401E-02
   35000.0000000000000000   4.6805539630480348E+02   8.1217699171299756E-02
   36000.0000000000000000   4.7991645631305317E+02   8.0295170694581114E-02
   37000.0000000000000000   4.9177704212622461E+02   7.8742559373540258E-02
   38000.0000000000000000   5.0360010763327085E+02   7.5520353732184436E-02
   39000.0000000000000000   5.1532887778110933E+02   7.3913219364012558E-02
   40000.0000000000000000   5.2713284419729882E+02   7.2095163677429935E-02
   41000.0000000000000000   5.3880772315530623E+02   7.0388167833841081E-02
   42000.0000000000000000   5.5052457870146361E+02   6.9834134103475512E-02
   43000.0000000000000000   5.6213883429919667E+02   6.7735750294175709E-02
   44000.0000000000000000   5.7383032863153494E+02   6.6136928214259122E-02
   45000.0000000000000000   5.8544927388876795E+02   6.5283936210587715E-02
   46000.0000000000000000   5.9698420163702031E+02   6.3937940940060015E-02
   47000.0000000000000000   6.0851819628273029E+02   6.3543836944928087E-02
   48000.0000000000000000   6.2010309709132457E+02   6.1819665250608710E-02
   49000.0000000000000000   6.3162524170881659E+02   6.1325940404988059E-02
   50000.0000000000000000   6.4315283901962664E+02   5.9404523563023059E-02
