       0.1000000000000000   1.5984650962501714E+01   1.8213442036679416E-03
       0.2000000000000000   1.4098191791202288E+01   3.5492026682833909E-03
       0.3000000000000000   1.3487327159287227E+01   5.2540040844356820E-03
       0.4000000000000000   1.3268901554503097E+01   6.8709095072704805E-03
       0.5000000000000000   1.3170132971940991E+01   8.4588421731476085E-03
       0.6000000000000000   1.3128843480865886E+01   1.0021328653971052E-02
       0.7000000000000000   1.3120767970959623E+01   1.1561549207213967E-02
       0.7999999999999999   1.3132568845154189E+01   1.3081798775822889E-02
       0.8999999999999999   1.3158040395161171E+01   1.4579955593941245E-02
       0.9999999999999999   1.3191382695119266E+01   1.6062424239151711E-02
       2.0000000000000000   1.3654081986100087E+01   3.0117794731870470E-02
       3.0000000000000000   1.4088986088199396E+01   4.3288681484195894E-02
       4.0000000000000000   1.4439100492838806E+01   5.6020698926941954E-02
       5.0000000000000000   1.4710579230998350E+01   6.8583077927607025E-02
       6.0000000000000000   1.4915466456334537E+01   8.1155906673699568E-02
       7.0000000000000000   1.5065074784988349E+01   9.3861578455936026E-02
       8.0000000000000000   1.5168085801905471E+01   1.0679508169426288E-01
       9.0000000000000000   1.5231486419632494E+01   1.2003331498846406E-01
      10.0000000000000000   1.5260714559371010E+01   1.3364366635101849E-01
      11.0000000000000000   1.5260259071816652E+01   1.4768574519950639E-01
      12.0000000000000000   1.5233747864940254E+01   1.6221491298779364E-01
      13.0000000000000000   1.5184245069116439E+01   1.7728393617111815E-01
      14.0000000000000000   1.5114192603938198E+01   1.9294656802301913E-01
      15.0000000000000000   1.5025679729542960E+01   2.0925685624302406E-01
      16.0000000000000000   1.4920516539554059E+01   2.2626950636980511E-01
      17.0000000000000000   1.4800201442080946E+01   2.4404261340721578E-01
      18.0000000000000000   1.4666068803338874E+01   2.6263674868117498E-01
      19.0000000000000000   1.4519245490334461E+01   2.8211639365965002E-01
      20.0000000000000000   1.4360724455475967E+01   3.0255083911881553E-01
      21.0000000000000000   1.4191366953273667E+01   3.2401477084680302E-01
      22.0000000000000000   1.4011945810632509E+01   3.4658851972062160E-01
      23.0000000000000000   1.3823141285026432E+01   3.7035940854801863E-01
      24.0000000000000000   1.3625550676328325E+01   3.9542292400774953E-01
      25.0000000000000000   1.3419714626037276E+01   4.2188311941296835E-01
      26.0000000000000000   1.3206121171862607E+01   4.4985386241046882E-01
      27.0000000000000000   1.2985214924329050E+01   4.7945991193549287E-01
      28.0000000000000000   1.2757407888090295E+01   5.1083801677236496E-01
      29.0000000000000000   1.2523083501076158E+01   5.4413822838578529E-01
      30.0000000000000000   1.2282611151972869E+01   5.7952497391607671E-01
      31.0000000000000000   1.2036349124195308E+01   6.1717832118529070E-01
      32.0000000000000000   1.1784660728958606E+01   6.5729480242961991E-01
      33.0000000000000000   1.1527917841246337E+01   7.0008838626245029E-01
      34.0000000000000000   1.1266517608011799E+01   7.4579061967698668E-01
      35.0000000000000000   1.1000893149653361E+01   7.9465026141336559E-01
      36.0000000000000000   1.0731528887708162E+01   8.4693181434505527E-01
      37.0000000000000000   1.0458976551848240E+01   9.0291256886675297E-01
      38.0000000000000000   1.0183872869189283E+01   9.6287759434850984E-01
      39.0000000000000000   9.9069570741806334E+00   1.0271120545749952E+00
      40.0000000000000000   9.6290888228711840E+00   1.0958901658162019E+00
      41.0000000000000000   9.3512620541069680E+00   1.1694603408400022E+00
      41.9990000000000023   9.0748894901508237E+00   1.2479451065547948E+00
      42.0000000000000000   9.0746138451291927E+00   1.2480262199789025E+00
      42.0009999999999977   9.0743382025545394E+00   1.2481073385426871E+00
      43.0000000000000000   8.8004234300041677E+00   1.3317240912742687E+00
      44.0000000000000000   8.5300973507373143E+00   1.4205980168970471E+00
      44.9990000000000023   8.2653990676111206E+00   1.5144788605516137E+00
      45.0000000000000000   8.2651373020488386E+00   1.5145753293376989E+00
      45.0009999999999977   8.2648755434008869E+00   1.5146718030297646E+00
      46.0000000000000000   8.0070898673579798E+00   1.6134460012633021E+00
      47.0000000000000000   7.7574794100983153E+00   1.7168502649818240E+00
      48.0000000000000000   7.5177309468040328E+00   1.8242782306886030E+00
      49.0000000000000000   7.2890929959159187E+00   1.9350836296469891E+00
      50.0000000000000000   7.0725719151918964E+00   2.0485111276445855E+00
      51.0000000000000000   6.8688876967515977E+00   2.1637338475077401E+00
      52.0000000000000000   6.6784567777557058E+00   2.2798957379482889E+00
      53.0000000000000000   6.5014015032520254E+00   2.3961529448577079E+00
      54.0000000000000000   6.3375813971152857E+00   2.5117093064912153E+00
      55.0000000000000000   6.1866383441286832E+00   2.6258430008033340E+00
      56.0000000000000000   6.0480476974767230E+00   2.7379234206449463E+00
      57.0000000000000000   5.9211685953783038E+00   2.8474188625625452E+00
      58.0000000000000000   5.8052885747055178E+00   2.9538971605505977E+00
      59.0000000000000000   5.6996609475248938E+00   3.0570206759795853E+00
      60.0000000000000000   5.6035339050315383E+00   3.1565378758537777E+00
      61.0000000000000000   5.5161713511793122E+00   3.2522735075131526E+00
      62.0000000000000000   5.4368676605242952E+00   3.3441177745819615E+00
      63.0000000000000000   5.3649567915611902E+00   3.4320159594914341E+00
      64.0000000000000000   5.2998173224167759E+00   3.5159587400490717E+00
      65.0000000000000000   5.2408745182084111E+00   3.5959735037694105E+00
      66.0000000000000000   5.1876002773176353E+00   3.6721167600385520E+00
      67.0000000000000000   5.1395116783220871E+00   3.7444676434324817E+00
      67.9989999999999952   5.0962097613823270E+00   3.8130555959845536E+00
      68.0000000000000000   5.0961686524408618E+00   3.8131224399766119E+00
      68.0010000000000048   5.0961275478418173E+00   3.8131892803807474E+00
      69.0000000000000000   5.0571711576132579E+00   3.8781900364675588E+00
      70.0000000000000000   5.0221561240325743E+00   3.9397881798444936E+00
      71.0000000000000000   4.9907943539785284E+00   3.9980404352828147E+00
      72.0000000000000000   4.9627874972800594E+00   4.0530737359244933E+00
      73.0000000000000000   4.9378651708920200E+00   4.1050164298124789E+00
      74.0000000000000000   4.9157822676751870E+00   4.1539967397508706E+00
      75.0000000000000000   4.8963164629187599E+00   4.2001415745291704E+00
      76.0000000000000000   4.8792659900256456E+00   4.2435755656198690E+00
      77.0000000000000000   4.8644475141101218E+00   4.2844204392396925E+00
      78.0000000000000000   4.8516943184206198E+00   4.3227944643074316E+00
      79.0000000000000000   4.8408546203680736E+00   4.3588121033740874E+00
      80.0000000000000000   4.8317900710983137E+00   4.3925837716194049E+00
      81.0000000000000000   4.8243744112521352E+00   4.4242156906223968E+00
      82.0000000000000000   4.8184922706920794E+00   4.4538098170951788E+00
      83.0000000000000000   4.8140380932750162E+00   4.4814638302890613E+00
      84.0000000000000000   4.8109151756767714E+00   4.5072711652261681E+00
      85.0000000000000000   4.8090348114474510E+00   4.5313210806879507E+00
      86.0000000000000000   4.8083155234978232E+00   4.5536987536567430E+00
      87.0000000000000000   4.8086823778066812E+00   4.5744853947756541E+00
      88.0000000000000000   4.8100663750683594E+00   4.5937583694412272E+00
      89.0000000000000000   4.8124038931365840E+00   4.6115913447518713E+00
      90.0000000000000000   4.8156361991191003E+00   4.6280544258005305E+00
      91.0000000000000000   4.8197090073670941E+00   4.6432143032651156E+00
      92.0000000000000000   4.8245720822028364E+00   4.6571344002219455E+00
      93.0000000000000000   4.8301788810985080E+00   4.6698750181006332E+00
      94.0000000000000000   4.8364862335015291E+00   4.6814934804783750E+00
      95.0000000000000000   4.8434540513572699E+00   4.6920442737231554E+00
      96.0000000000000000   4.8510450679618442E+00   4.7015791837532586E+00
      97.0000000000000000   4.8592246020414249E+00   4.7101474283867857E+00
      98.0000000000000000   4.8679603440389156E+00   4.7177957849495389E+00
      99.0000000000000000   4.8772221643071827E+00   4.7245687127388836E+00
     100.0000000000000000   4.8869819355954176E+00   4.7305084706547023E+00
     103.9989999999999952   4.9304879227617748E+00   4.7467074500853093E+00
     104.0010000000000048   4.9305113218055574E+00   4.7467127672407026E+00
     110.0000000000000000   5.0069324201639818E+00   4.7520150033533284E+00
     120.0000000000000000   5.1559578893432576E+00   4.7240539823392860E+00
     130.0000000000000000   5.3233332657678778E+00   4.6658924129872306E+00
     140.0000000000000000   5.5027446886714237E+00   4.5895442325504767E+00
     150.0000000000000000   5.6827451555190596E+00   4.5231777357488037E+00
     153.9989999999999952   5.7643268135623380E+00   4.4765161827058213E+00
     154.0010000000000048   5.7643751510282240E+00   4.4764757101193862E+00
     160.0000000000000000   5.8794984313741603E+00   4.4252892342895223E+00
     167.9989999999999952   6.0360103478901097E+00   4.3534715720192949E+00
     168.0010000000000048   6.0360579625493145E+00   4.3534345097831242E+00
     169.9989999999999952   6.0768785253312503E+00   4.3320884744151389E+00
     170.0000000000000000   6.0769022875555665E+00   4.3320701918570190E+00
     170.0010000000000048   6.0769260484054088E+00   4.3320519116474889E+00
     180.0000000000000000   6.2746805991261052E+00   4.2434334557724167E+00
     190.0000000000000000   6.4784885890089168E+00   4.1459297098376764E+00
     200.0000000000000000   6.6816631073370862E+00   4.0543061176345434E+00
     210.0000000000000000   6.8841779514498764E+00   3.9680641757255390E+00
     220.0000000000000000   7.0860233311135392E+00   3.8867504864667310E+00
     230.0000000000000000   7.2872000997640534E+00   3.8099552972696218E+00
     231.9989999999999952   7.3321295216106517E+00   3.7847513164381499E+00
     232.0010000000000048   7.3321744467463024E+00   3.7847262797993482E+00
     233.9989999999999952   7.3722116658563346E+00   3.7701762716706604E+00
     234.0010000000000048   7.3722565179241597E+00   3.7701515064873714E+00
     236.9989999999999952   7.4299388974221285E+00   3.7536585771894830E+00
     237.0010000000000048   7.4299836305929867E+00   3.7536341716540109E+00
     240.0000000000000000   7.4923265760134674E+00   3.7273784011592648E+00
     250.0000000000000000   7.6964258319435173E+00   3.6495940495852750E+00
     260.0000000000000000   7.8995397764079982E+00   3.5761805628379739E+00
     270.0000000000000000   8.1017094136493153E+00   3.5067643410225835E+00
     280.0000000000000000   8.3070395836400159E+00   3.4327448764909700E+00
     290.0000000000000000   8.5072990798691812E+00   3.3707079820564689E+00
     300.0000000000000000   8.7105761249286058E+00   3.3041292362036931E+00
     310.0000000000000000   8.9090874193462568E+00   3.2483161562604126E+00
     320.0000000000000000   9.1104766286959276E+00   3.1880562503113468E+00
     330.0000000000000000   9.3109391713743097E+00   3.1307285163922765E+00
     340.0000000000000000   9.5105115035724506E+00   3.0761147240124940E+00
     350.0000000000000000   9.7092281103995575E+00   3.0240180936592900E+00
     360.0000000000000000   9.9071215947736384E+00   2.9742607242829084E+00
     370.0000000000000000   1.0107518353262256E+01   2.9206999401041598E+00
     380.0000000000000000   1.0303783418700622E+01   2.8753347393990047E+00
     390.0000000000000000   1.0499314063940346E+01   2.8318579231534811E+00
     398.9990000000000236   1.0676849176076731E+01   2.7904077378558472E+00
     399.0009999999999764   1.0676889955363214E+01   2.7903962602069807E+00
     400.0000000000000000   1.0697255348705719E+01   2.7846758971802998E+00
     410.0000000000000000   1.0891323984757475E+01   2.7447783819968787E+00
     415.9990000000000236   1.1009859591777539E+01   2.7174058757771191E+00
     416.0009999999999764   1.1009900082907672E+01   2.7173951163815531E+00
     420.0000000000000000   1.1087750118287019E+01   2.7012503482576231E+00
     430.0000000000000000   1.1283439001620435E+01   2.6594491112585437E+00
     440.0000000000000000   1.1475459610947988E+01   2.6241923078562701E+00
     450.0000000000000000   1.1669771786896332E+01   2.5854205542164048E+00
     460.0000000000000000   1.1863410480456297E+01   2.5480923916894214E+00
     470.0000000000000000   1.2056394680586319E+01   2.5121264324918218E+00
     480.0000000000000000   1.2248743324856832E+01   2.4774461681142625E+00
     490.0000000000000000   1.2437718817717554E+01   2.4483426582786327E+00
     500.0000000000000000   1.2628881771272743E+01   2.4159305327833898E+00
     510.0000000000000000   1.2819460065389944E+01   2.3846121730004119E+00
     510.9989999999999668   1.2839001662242815E+01   2.3807102129140185E+00
     511.0009999999999195   1.2839040778626361E+01   2.3807024152598655E+00
     520.0000000000000000   1.3009469347568725E+01   2.3543309222534679E+00
     530.0000000000000000   1.3201552525613158E+01   2.3210342211045147E+00
     540.0000000000000000   1.3390436129878971E+01   2.2927547202223186E+00
     550.0000000000000000   1.3578793585746300E+01   2.2653619623241026E+00
     560.0000000000000000   1.3766637979065495E+01   2.2388134141629497E+00
     570.0000000000000000   1.3953981936005968E+01   2.2130691797947160E+00
     580.0000000000000000   1.4143338370304868E+01   2.1844650053215182E+00
     590.0000000000000000   1.4329687628331126E+01   2.1602851516523178E+00
     600.0000000000000000   1.4515571014363370E+01   2.1368027675799199E+00
     610.0000000000000000   1.4700998581305905E+01   2.1139880630353871E+00
     620.0000000000000000   1.4888384561034210E+01   2.0884390223159430E+00
     630.0000000000000000   1.5072906337503325E+01   2.0669250019797722E+00
     640.0000000000000000   1.5259363226200140E+01   2.0427457697770892E+00
     650.0000000000000000   1.5443015422070781E+01   2.0224258694211050E+00
     660.0000000000000000   1.5628587170499614E+01   1.9994957334040795E+00
     670.0000000000000000   1.5811402729594674E+01   1.9802762595029300E+00
     680.0000000000000000   1.5996125266260123E+01   1.9584944874334771E+00
     690.0000000000000000   1.6178138437950814E+01   1.9402872032548353E+00
     700.0000000000000000   1.6362042491079954E+01   1.9195674393598279E+00
     710.0000000000000000   1.6543286391383685E+01   1.9022919544058421E+00
     720.0000000000000000   1.6726400555294422E+01   1.8825569165091116E+00
     730.0000000000000000   1.6906907088753933E+01   1.8661399149649369E+00
     740.0000000000000000   1.7089257511768224E+01   1.8473208998565080E+00
     750.0000000000000000   1.7271240780186471E+01   1.8289450569169057E+00
     760.0000000000000000   1.7450669365141817E+01   1.8137294541362565E+00
     770.0000000000000000   1.7631929964084758E+01   1.7961717763742564E+00
     780.0000000000000000   1.7812836061202205E+01   1.7790189971648958E+00
     790.0000000000000000   1.7991248575593364E+01   1.7648730611387482E+00
     800.0000000000000000   1.8171470010504621E+01   1.7484534670573040E+00
     810.0000000000000000   1.8351354452089527E+01   1.7323985362289682E+00
     820.0000000000000000   1.8530899256311272E+01   1.7167054167213383E+00
     830.0000000000000000   1.8708033130166051E+01   1.7038240106422073E+00
     840.0000000000000000   1.8886945027756045E+01   1.6887604277685930E+00
     850.0000000000000000   1.9065538717614068E+01   1.6740183474458878E+00
     860.0000000000000000   1.9243814557385427E+01   1.6595925357617198E+00
     870.0000000000000000   1.9421777614668606E+01   1.6454724985545803E+00
     880.0000000000000000   1.9599438192616617E+01   1.6316420651703769E+00
     890.0000000000000000   1.9774808702463737E+01   1.6203586370728169E+00
     900.0000000000000000   1.9951897166180864E+01   1.6070408823381970E+00
     910.0000000000000000   2.0128693273374797E+01   1.5939909223141144E+00
     920.0000000000000000   2.0305200746405497E+01   1.5812011627769165E+00
     930.0000000000000000   2.0481424240398262E+01   1.5686631498359247E+00
     940.0000000000000000   2.0657369378491747E+01   1.5563675805063431E+00
     950.0000000000000000   2.0833042114868103E+01   1.5443050647353957E+00
     960.0000000000000000   2.1008447446851967E+01   1.5324675059962243E+00
     970.0000000000000000   2.1183589017123598E+01   1.5208484585657773E+00
     980.0000000000000000   2.1358469708412866E+01   1.5094424376292770E+00
     990.0000000000000000   2.1533092306135480E+01   1.4982441928780970E+00
    1000.0000000000000000   2.1707459764362799E+01   1.4872484231761285E+00
    1100.0000000000000000   2.3437783192216980E+01   1.3873124694116177E+00
    1200.0000000000000000   2.5147596457287591E+01   1.3009101610118750E+00
    1300.0000000000000000   2.6839120861552331E+01   1.2251385402153605E+00
    1400.0000000000000000   2.8514204411605196E+01   1.1578657960015253E+00
    1500.0000000000000000   3.0172708554307185E+01   1.0988880155251874E+00
    1600.0000000000000000   3.1817571837464261E+01   1.0455323920739290E+00
    1700.0000000000000000   3.3446986333138774E+01   9.9908580208420117E-01
    1800.0000000000000000   3.5066472042381292E+01   9.5524763943194368E-01
    1843.9990000000000236   3.5774058337533781E+01   9.3814186206566885E-01
    1844.0009999999999764   3.5774090583010768E+01   9.3814100327865668E-01
    1900.0000000000000000   3.6672463985438625E+01   9.1668458622237947E-01
    2000.0000000000000000   3.8268483687338474E+01   8.8083787068637720E-01
    2100.0000000000000000   3.9854050959781638E+01   8.4809267414252210E-01
    2200.0000000000000000   4.1431272384950560E+01   8.1710781240550800E-01
    2300.0000000000000000   4.2997482723890222E+01   7.8962952983481538E-01
    2400.0000000000000000   4.4556396120583784E+01   7.6335874185825092E-01
    2475.9989999999997963   4.5735336141770205E+01   7.4480170418235148E-01
    2476.0010000000002037   4.5735367055561710E+01   7.4480125013013809E-01
    2500.0000000000000000   4.6106675716599476E+01   7.3916316236180624E-01
    2526.9989999999997963   4.6523822688626190E+01   7.3294498516898887E-01
    2527.0010000000002037   4.6523853623150792E+01   7.3294449444607035E-01
    2600.0000000000000000   4.7649066560937889E+01   7.1665406542185539E-01
    2631.9989999999997963   4.8141369067040877E+01   7.0957491050364407E-01
    2632.0010000000002037   4.8141400120786955E+01   7.0957430852583381E-01
    2700.0000000000000000   4.9183955092527093E+01   6.9565298155360411E-01
    2800.0000000000000000   5.0711229089198007E+01   6.7622913789694683E-01
    2871.9989999999997963   5.1807675750255051E+01   6.6242609753716297E-01
    2872.0010000000002037   5.1807706219335692E+01   6.6242568937403434E-01
    2900.0000000000000000   5.2232920921276538E+01   6.5735170337116156E-01
    3000.0000000000000000   5.3746979515685446E+01   6.4017641910412826E-01
    3100.0000000000000000   5.5256278387557110E+01   6.2324561299896220E-01
    3200.0000000000000000   5.6758311473419717E+01   6.0781986258903309E-01
    3300.0000000000000000   5.8255494064442225E+01   5.9282693459058489E-01
    3400.0000000000000000   5.9746844411670509E+01   5.7873038806772481E-01
    3500.0000000000000000   6.1232209892796838E+01   5.6561663835379894E-01
    3600.0000000000000000   6.2712558262332081E+01   5.5309006248654879E-01
    3700.0000000000000000   6.4188708383225404E+01   5.4085558020394064E-01
    3800.0000000000000000   6.5659813258793747E+01   5.2921498686521085E-01
    3900.0000000000000000   6.7125259307021167E+01   5.1854570894992280E-01
    4000.0000000000000000   6.8586867891463129E+01   5.0808385896399644E-01
    4100.0000000000000000   7.0044818023931072E+01   4.9777865686384248E-01
    4200.0000000000000000   7.1497655562079387E+01   4.8819645220060132E-01
    4300.0000000000000000   7.2945795370813286E+01   4.7928237410379571E-01
    4400.0000000000000000   7.4392718277172790E+01   4.6965530580460751E-01
    4500.0000000000000000   7.5832308728656358E+01   4.6166776567208195E-01
    4600.0000000000000000   7.7270163661705425E+01   4.5328847749321433E-01
    4700.0000000000000000   7.8702000882764381E+01   4.4594722799954095E-01
    4800.0000000000000000   8.0132687605394665E+01   4.3810996399197205E-01
    4900.0000000000000000   8.1559986237506493E+01   4.3050943995815710E-01
    5000.0000000000000000   8.2983386943937361E+01   4.2332361429808524E-01
    5100.0000000000000000   8.4403040648226380E+01   4.1651573254735347E-01
    5200.0000000000000000   8.5819027235997211E+01   4.1007326728060506E-01
    5300.0000000000000000   8.7231533919407170E+01   4.0394529058616641E-01
    5400.0000000000000000   8.8640130090614932E+01   3.9826718823601903E-01
    5500.0000000000000000   9.0049160420489599E+01   3.9171545440964245E-01
    5600.0000000000000000   9.1453514739977919E+01   3.8587308345847277E-01
    5700.0000000000000000   9.2852613732944363E+01   3.8086252630944128E-01
    5800.0000000000000000   9.4253053738230733E+01   3.7482153666410833E-01
    5900.0000000000000000   9.5645794330420287E+01   3.7039207265709118E-01
    6000.0000000000000000   9.7041157493365219E+01   3.6461615237185208E-01
    6100.0000000000000000   9.8432623201860466E+01   3.5930064413879598E-01
    6200.0000000000000000   9.9815815593273925E+01   3.5566146414380162E-01
    6300.0000000000000000   1.0120299014561829E+02   3.5039772997104968E-01
    6400.0000000000000000   1.0258589399466325E+02   3.4578845559166466E-01
    6500.0000000000000000   1.0396601564457347E+02   3.4124496547886413E-01
    6600.0000000000000000   1.0534485941834411E+02   3.3668277530172569E-01
    6700.0000000000000000   1.0671972226450933E+02   3.3253961058604453E-01
    6800.0000000000000000   1.0809281862740370E+02   3.2841521018267955E-01
    6900.0000000000000000   1.0946267031076907E+02   3.2465331403863307E-01
    7000.0000000000000000   1.1083015676642587E+02   3.2096633604023045E-01
    7100.0000000000000000   1.1219594883916830E+02   3.1729323347093202E-01
    7200.0000000000000000   1.1355815397475789E+02   3.1402671446908748E-01
    7300.0000000000000000   1.1491818507725010E+02   3.1080350833267245E-01
    7400.0000000000000000   1.1628277960097653E+02   3.0618450797847274E-01
    7500.0000000000000000   1.1763788923342921E+02   3.0326110130863837E-01
    7600.0000000000000000   1.1899228722499733E+02   3.0031295895538829E-01
    7700.0000000000000000   1.2034878052402490E+02   2.9627309611834496E-01
    7800.0000000000000000   1.2169821425542550E+02   2.9354898502769061E-01
    7900.0000000000000000   1.2304592875368132E+02   2.9098434078382879E-01
    8000.0000000000000000   1.2439573322540988E+02   2.8740521286292231E-01
    8100.0000000000000000   1.2573842057244914E+02   2.8502617108779132E-01
    8200.0000000000000000   1.2708548904810280E+02   2.8156998132783656E-01
    8300.0000000000000000   1.2842583083734885E+02   2.7912419708634645E-01
    8400.0000000000000000   1.2976765175062798E+02   2.7588923716605418E-01
    8500.0000000000000000   1.3110757299718477E+02   2.7278886884595066E-01
    8600.0000000000000000   1.3244014714261951E+02   2.7112396040217096E-01
    8700.0000000000000000   1.3377828033747184E+02   2.6800514449946561E-01
    8800.0000000000000000   1.3511377912802405E+02   2.6488280062895736E-01
    8900.0000000000000000   1.3643828574128906E+02   2.6377769110803839E-01
    9000.0000000000000000   1.3777199216737301E+02   2.6048716001750538E-01
    9100.0000000000000000   1.3910008243965805E+02   2.5818016567605301E-01
    9200.0000000000000000   1.4042968486042818E+02   2.5533394007183291E-01
    9300.0000000000000000   1.4175324705876201E+02   2.5344654267693140E-01
    9400.0000000000000000   1.4307295094445485E+02   2.5193296394039560E-01
    9500.0000000000000000   1.4439729298520359E+02   2.4918735061242059E-01
    9600.0000000000000000   1.4571874009033218E+02   2.4681668345309363E-01
    9700.0000000000000000   1.4703758495753911E+02   2.4462908542267023E-01
    9800.0000000000000000   1.4835385104307625E+02   2.4269847845925163E-01
    9900.0000000000000000   1.4966939791968258E+02   2.4067277951830110E-01
   10000.0000000000000000   1.5098395246586935E+02   2.3861299698513450E-01
   11000.0000000000000000   1.6405599969732165E+02   2.1964880094912503E-01
   12000.0000000000000000   1.7699289797924132E+02   2.0454914147546696E-01
   13000.0000000000000000   1.8981570103986687E+02   1.9135309618066451E-01
   14000.0000000000000000   2.0253810736875462E+02   1.7932054509738046E-01
   15000.0000000000000000   2.1515837097280757E+02   1.6927162930357909E-01
   16000.0000000000000000   2.2769671110569575E+02   1.6043082143221454E-01
   17000.0000000000000000   2.4014633615985974E+02   1.5235283277534528E-01
   18000.0000000000000000   2.5252004395634953E+02   1.4590761520081075E-01
   19000.0000000000000000   2.6483436558542076E+02   1.3827931136452706E-01
   20000.0000000000000000   2.7707653144741067E+02   1.3249838576496367E-01
   20005.9989999999997963   2.7715124640071372E+02   1.3230021727593141E-01
   20006.0010000000002037   2.7715127124955654E+02   1.3230016299894135E-01
   21000.0000000000000000   2.8924599813845902E+02   1.2811199245175753E-01
   22000.0000000000000000   3.0137419001676892E+02   1.2195221193234716E-01
   23000.0000000000000000   3.1342588286424217E+02   1.1717210578560822E-01
   24000.0000000000000000   3.2544316408651355E+02   1.1321937533535771E-01
   25000.0000000000000000   3.3739838381559349E+02   1.1013680884214813E-01
   26000.0000000000000000   3.4931287696699070E+02   1.0653664282941226E-01
   27000.0000000000000000   3.6118357020476520E+02   1.0228057178915044E-01
   28000.0000000000000000   3.7298419616408495E+02   9.9611358742449349E-02
   29000.0000000000000000   3.8477456399409419E+02   9.7144818313467246E-02
   30000.0000000000000000   3.9651418990618862E+02   9.3275500442656853E-02
   31000.0000000000000000   4.0823566449879428E+02   9.0780052765589953E-02
   32000.0000000000000000   4.1988187960626288E+02   8.8376672980054929E-02
   33000.0000000000000000   4.3147928881257485E+02   8.7240791894884442E-02
   34000.0000000000000000   4.4306986212253065E+02   8.5052092066401339E-02
   35000.0000000000000000   4.5465053344789533E+02   8.1634030654718540E-02
   36000.0000000000000000   4.6617466235612602E+02   8.0701329634916052E-02
   37000.0000000000000000   4.7769749361234778E+02   7.9139058520533739E-02
   38000.0000000000000000   4.8918409951705212E+02   7.5907667283221986E-02
   39000.0000000000000000   5.0058093364188500E+02   7.4291786771801427E-02
   40000.0000000000000000   5.1204794857998115E+02   7.2465392996176908E-02
   41000.0000000000000000   5.2339240836368754E+02   7.0750438669726079E-02
   42000.0000000000000000   5.3477574878171697E+02   7.0188800224493406E-02
   43000.0000000000000000   5.4606156750957575E+02   6.8083141945656941E-02
   44000.0000000000000000   5.5741958195748066E+02   6.6477354179175718E-02
   45000.0000000000000000   5.6870846851441149E+02   6.5617685647804305E-02
   46000.0000000000000000   5.7991742153112568E+02   6.4265285028754005E-02
   47000.0000000000000000   5.9112485842232127E+02   6.3865030359294903E-02
   48000.0000000000000000   6.0237971422544967E+02   6.2134947485527225E-02
   49000.0000000000000000   6.1357474665993402E+02   6.1635536970434814E-02
   50000.0000000000000000   6.2477433591747194E+02   5.9708647062585829E-02
