       0.1000000000000000   1.7537605189704081E+01   1.6601827750595312E-03
       0.2000000000000000   1.5463819641030954E+01   3.2363687397688789E-03
       0.3000000000000000   1.4789896041466500E+01   4.7927584186934153E-03
       0.4000000000000000   1.4546651656321892E+01   6.2700986937634868E-03
       0.5000000000000000   1.4434699589670132E+01   7.7221081738279079E-03
       0.6000000000000000   1.4385807921402440E+01   9.1519706217353114E-03
       0.7000000000000000   1.4373340978495072E+01   1.0562562270121787E-02
       0.7999999999999999   1.4382662285272092E+01   1.1955952903808740E-02
       0.8999999999999999   1.4406965822369042E+01   1.3330175250808731E-02
       0.9999999999999999   1.4439882477314153E+01   1.4691063284564404E-02
       2.0000000000000000   1.4910009132468316E+01   2.7647810217062946E-02
       3.0000000000000000   1.5348640853637376E+01   3.9880004219904328E-02
       4.0000000000000000   1.5693960004796505E+01   5.1787226529614566E-02
       5.0000000000000000   1.5953226855131536E+01   6.3611551953872039E-02
       6.0000000000000000   1.6140004099521754E+01   7.5515707177488789E-02
       7.0000000000000000   1.6266953909986476E+01   8.7610763151150600E-02
       8.0000000000000000   1.6343794170732505E+01   9.9983552301019241E-02
       9.0000000000000000   1.6378335714492028E+01   1.1270492180260616E-01
      10.0000000000000000   1.6376659150591362E+01   1.2583749587953130E-01
      11.0000000000000000   1.6343777185363074E+01   1.3943714089202908E-01
      12.0000000000000000   1.6283740375899082E+01   1.5355611899255769E-01
      13.0000000000000000   1.6199962717125516E+01   1.6824463236248860E-01
      14.0000000000000000   1.6095165222898444E+01   1.8355412403649701E-01
      15.0000000000000000   1.5971670240011973E+01   1.9953662919283707E-01
      16.0000000000000000   1.5831484178582613E+01   2.1624507950118102E-01
      17.0000000000000000   1.5676264913067032E+01   2.3373591195558902E-01
      18.0000000000000000   1.5507481947992531E+01   2.5206820154691251E-01
      19.0000000000000000   1.5326373544462957E+01   2.7130503249072546E-01
      20.0000000000000000   1.5134024899162853E+01   2.9151438540286878E-01
      21.0000000000000000   1.4931373263022016E+01   3.1276971219818361E-01
      22.0000000000000000   1.4719254960639025E+01   3.3515019470590240E-01
      23.0000000000000000   1.4498401930731193E+01   3.5874206367836786E-01
      24.0000000000000000   1.4269452955752755E+01   3.8363976805514766E-01
      25.0000000000000000   1.4032982399364519E+01   4.0994638282708251E-01
      26.0000000000000000   1.3789505170606407E+01   4.3777484918481513E-01
      27.0000000000000000   1.3539487105902497E+01   4.6724905065723210E-01
      28.0000000000000000   1.3283356878691725E+01   4.9850491197835450E-01
      29.0000000000000000   1.3021510805015746E+01   5.3169170681216260E-01
      30.0000000000000000   1.2754328330672074E+01   5.6697313577997643E-01
      31.0000000000000000   1.2482175624592768E+01   6.0452858737681692E-01
      32.0000000000000000   1.2205422527146363E+01   6.4455396784441099E-01
      33.0000000000000000   1.1924446570332249E+01   6.8726266942105396E-01
      34.0000000000000000   1.1639650357742523E+01   7.3288571854482276E-01
      35.0000000000000000   1.1351472790900758E+01   7.8167141113881278E-01
      36.0000000000000000   1.1060404869951578E+01   8.3388384978352881E-01
      37.0000000000000000   1.0767006107454231E+01   8.8979999219675232E-01
      38.0000000000000000   1.0471922517804254E+01   9.4970464888409589E-01
      39.0000000000000000   1.0175904306182865E+01   1.0138828050403663E+00
      40.0000000000000000   9.8798237516317595E+00   1.0826085860934604E+00
      41.0000000000000000   9.5846887685882596E+00   1.1561304063417768E+00
      41.9990000000000023   9.2919427106829851E+00   1.2345709327388963E+00
      42.0000000000000000   9.2916511400618784E+00   1.2346520039728501E+00
      42.0009999999999977   9.2913595728210723E+00   1.2347330803507401E+00
      43.0000000000000000   9.0020044970260127E+00   1.3183098602855126E+00
      44.0000000000000000   8.7171680287890005E+00   1.4071483190206842E+00
      44.9990000000000023   8.4389273170525030E+00   1.5009986256142092E+00
      45.0000000000000000   8.4386524746522031E+00   1.5010950664150606E+00
      45.0009999999999977   8.4383776401251591E+00   1.5011915121271955E+00
      46.0000000000000000   8.1680078032158256E+00   1.5999404772084354E+00
      47.0000000000000000   7.9067540601385140E+00   1.7033252009459727E+00
      48.0000000000000000   7.6563025594824179E+00   1.8107397418265947E+00
      49.0000000000000000   7.4178777413045625E+00   1.9215381624837287E+00
      50.0000000000000000   7.1924514513018236E+00   2.0349653630661222E+00
      51.0000000000000000   6.9806996617934569E+00   2.1501945791890118E+00
      52.0000000000000000   6.7829870457019643E+00   2.2663697396888045E+00
      53.0000000000000000   6.5993787445668692E+00   2.3826468401854504E+00
      54.0000000000000000   6.4296741178833434E+00   2.4982294520191970E+00
      55.0000000000000000   6.2734542588260283E+00   2.6123953910188269E+00
      56.0000000000000000   6.1301350634669767E+00   2.7245136181252052E+00
      57.0000000000000000   5.9990190360825535E+00   2.8340519532134363E+00
      58.0000000000000000   5.8793408898468282E+00   2.9405777318597490E+00
      59.0000000000000000   5.7703054906816140E+00   3.0437528144372914E+00
      60.0000000000000000   5.6711171796151243E+00   3.1433251794054082E+00
      61.0000000000000000   5.5810005629416324E+00   3.2391191083825306E+00
      62.0000000000000000   5.4992150670541440E+00   3.3310243693650361E+00
      63.0000000000000000   5.4250637404502280E+00   3.4189858432756162E+00
      64.0000000000000000   5.3578979298292957E+00   3.5029938422468017E+00
      65.0000000000000000   5.2971189699653083E+00   3.5830754240227440E+00
      66.0000000000000000   5.2421777609431945E+00   3.6592868029855112E+00
      67.0000000000000000   5.1925729672868686E+00   3.7317068515716327E+00
      67.9989999999999952   5.1478907994594127E+00   3.8003647098788278E+00
      68.0000000000000000   5.1478483713247583E+00   3.8004316241819929E+00
      68.0010000000000048   5.1478059476528371E+00   3.8004985348978422E+00
      69.0000000000000000   5.1075897602302271E+00   3.8655698039185249E+00
      70.0000000000000000   5.0714216168511221E+00   3.9272389593437831E+00
      71.0000000000000000   5.0390037953608227E+00   3.9855624999698160E+00
      72.0000000000000000   5.0100283009204007E+00   4.0406672235517460E+00
      73.0000000000000000   4.9842162391485445E+00   4.0926813607312447E+00
      74.0000000000000000   4.9613149775059284E+00   4.1417330327985926E+00
      75.0000000000000000   4.9410955242375856E+00   4.1879490610006229E+00
      76.0000000000000000   4.9233501945358542E+00   4.2314540015845177E+00
      77.0000000000000000   4.9078903883298883E+00   4.2723695162489044E+00
      78.0000000000000000   4.8945446952343730E+00   4.3108138188064773E+00
      79.0000000000000000   4.8831571395997733E+00   4.3469013249047279E+00
      80.0000000000000000   4.8735856188339310E+00   4.3807424099712069E+00
      81.0000000000000000   4.8657005061856209E+00   4.4124432620616059E+00
      82.0000000000000000   4.8593834044030899E+00   4.4421058097845796E+00
      83.0000000000000000   4.8545260307075839E+00   4.4698277090083485E+00
      84.0000000000000000   4.8510292209939188E+00   4.4957023754668901E+00
      85.0000000000000000   4.8488020435699219E+00   4.5198190522179562E+00
      86.0000000000000000   4.8477610053361762E+00   4.5422629036150628E+00
      87.0000000000000000   4.8478293423450092E+00   4.5631151303577537E+00
      88.0000000000000000   4.8489363915143624E+00   4.5824530902396496E+00
      89.0000000000000000   4.8510170150091332E+00   4.6003504447740253E+00
      90.0000000000000000   4.8540110970579455E+00   4.6168772952255548E+00
      91.0000000000000000   4.8578630880860203E+00   4.6321003299665886E+00
      92.0000000000000000   4.8625215953657301E+00   4.6460829710862992E+00
      93.0000000000000000   4.8679390154924578E+00   4.6588855201682549E+00
      94.0000000000000000   4.8740712037279907E+00   4.6705653019301856E+00
      95.0000000000000000   4.8808771761115102E+00   4.6811768047324875E+00
      96.0000000000000000   4.8883188408317508E+00   4.6907718172202664E+00
      97.0000000000000000   4.8963607556456008E+00   4.6993995605703560E+00
      98.0000000000000000   4.9049699082402274E+00   4.7071068160077720E+00
      99.0000000000000000   4.9141155190440209E+00   4.7139380471990258E+00
     100.0000000000000000   4.9237688590861834E+00   4.7199355178031981E+00
     103.9989999999999952   4.9669363945905785E+00   4.7363594916601652E+00
     104.0010000000000048   4.9669596560974449E+00   4.7363649190575625E+00
     110.0000000000000000   5.0430874797576157E+00   4.7419879184420477E+00
     120.0000000000000000   5.1920329522821307E+00   4.7145202788559661E+00
     130.0000000000000000   5.3596711576521132E+00   4.6568058743383514E+00
     140.0000000000000000   5.5395703835694956E+00   4.5808644085451542E+00
     150.0000000000000000   5.7201410208938261E+00   4.5148444552732840E+00
     153.9989999999999952   5.8020895585365819E+00   4.4683119025550795E+00
     154.0010000000000048   5.8021381797191296E+00   4.4682714933864780E+00
     160.0000000000000000   5.9177255483958406E+00   4.4172704989643377E+00
     167.9989999999999952   6.0749116311704787E+00   4.3456862347328773E+00
     168.0010000000000048   6.0749595261922735E+00   4.3456492289755140E+00
     169.9989999999999952   6.1159733937001786E+00   4.3243591656145339E+00
     170.0000000000000000   6.1159972959068591E+00   4.3243409108469884E+00
     170.0010000000000048   6.1160211967215101E+00   4.3243226584278167E+00
     180.0000000000000000   6.3146728073256551E+00   4.2359714177665166E+00
     190.0000000000000000   6.5194760543331798E+00   4.1387151794776784E+00
     200.0000000000000000   6.7236559592857876E+00   4.0473214928211476E+00
     210.0000000000000000   6.9271843383784022E+00   3.9612936978274846E+00
     220.0000000000000000   7.1300498825584961E+00   3.8801799954684202E+00
     230.0000000000000000   7.3322522621663451E+00   3.8035720246214471E+00
     231.9989999999999952   7.3774466917159556E+00   3.7784040471080718E+00
     232.0010000000000048   7.3774918818754633E+00   3.7783790462626765E+00
     233.9989999999999952   7.4177340591402023E+00   3.7638645711096319E+00
     234.0010000000000048   7.4177791757690805E+00   3.7638398412714902E+00
     236.9989999999999952   7.4757404142244948E+00   3.7473994000617590E+00
     237.0010000000000048   7.4757854111451545E+00   3.7473750292151249E+00
     240.0000000000000000   7.5384658042011461E+00   3.7211707941119423E+00
     250.0000000000000000   7.7436507912684158E+00   3.6435516217579531E+00
     260.0000000000000000   7.9478489641566794E+00   3.5702937666610493E+00
     270.0000000000000000   8.1511012192026246E+00   3.5010244584528243E+00
     280.0000000000000000   8.3575619186753851E+00   3.4271439250276692E+00
     290.0000000000000000   8.5588988291151828E+00   3.3652386336138638E+00
     300.0000000000000000   8.7632983036251346E+00   3.2987847468208926E+00
     310.0000000000000000   8.9628820409097312E+00   3.2430903049791784E+00
     320.0000000000000000   9.1653860547615267E+00   3.1829432858404587E+00
     330.0000000000000000   9.3669592640248673E+00   3.1257231104060477E+00
     340.0000000000000000   9.5676382756568152E+00   3.0712119301243370E+00
     350.0000000000000000   9.7674577222060091E+00   3.0192133112668142E+00
     360.0000000000000000   9.9664503497345880E+00   2.9695496666083558E+00
     370.0000000000000000   1.0167982233248129E+01   2.9160786058608243E+00
     380.0000000000000000   1.0365338531174126E+01   2.8707993876018003E+00
     390.0000000000000000   1.0561957130476580E+01   2.8274050506638844E+00
     398.9990000000000236   1.0740494695695023E+01   2.7860262741399264E+00
     399.0009999999999764   1.0740535714052319E+01   2.7860148120767905E+00
     400.0000000000000000   1.0761020501996242E+01   2.7803022186370594E+00
     410.0000000000000000   1.0956170016273317E+01   2.7404808118346526E+00
     415.9990000000000236   1.1075381663079774E+01   2.7131525592991959E+00
     416.0009999999999764   1.1075422391493900E+01   2.7131418144873942E+00
     420.0000000000000000   1.1153710110337379E+01   2.6970259845572486E+00
     430.0000000000000000   1.1350508886544992E+01   2.6552952212094252E+00
     440.0000000000000000   1.1543600263142473E+01   2.6201063146408656E+00
     450.0000000000000000   1.1739014970331603E+01   2.5814000251526927E+00
     460.0000000000000000   1.1933752482573814E+01   2.5441350274887164E+00
     470.0000000000000000   1.2127831894190569E+01   2.5082300575078795E+00
     480.0000000000000000   1.2321272253389020E+01   2.4736087214754674E+00
     490.0000000000000000   1.2511303363929809E+01   2.4445621858086297E+00
     500.0000000000000000   1.2703551752018928E+01   2.4122051796270525E+00
     510.0000000000000000   1.2895212275894108E+01   2.3809401768822154E+00
     510.9989999999999668   1.2914868148386015E+01   2.3770434537179415E+00
     511.0009999999999195   1.2914907493515129E+01   2.3770356665314010E+00
     520.0000000000000000   1.3086300674429946E+01   2.3507106073039239E+00
     530.0000000000000000   1.3279491060714379E+01   2.3174639921978835E+00
     540.0000000000000000   1.3469447418851868E+01   2.2892330577753341E+00
     550.0000000000000000   1.3658874765786985E+01   2.2618874175111898E+00
     560.0000000000000000   1.3847786263464366E+01   2.2353846045082313E+00
     570.0000000000000000   1.4036194611932460E+01   2.2096847851056154E+00
     580.0000000000000000   1.4226642339224657E+01   2.1811237639324319E+00
     590.0000000000000000   1.4414050408762439E+01   2.1569858569502878E+00
     600.0000000000000000   1.4600990094201556E+01   2.1335442647870884E+00
     610.0000000000000000   1.4787471503041980E+01   2.1107692462256540E+00
     620.0000000000000000   1.4975937281062290E+01   2.0852588316455281E+00
     630.0000000000000000   1.5161507859517284E+01   2.0637824211134070E+00
     640.0000000000000000   1.5349039097859567E+01   2.0396398234934336E+00
     650.0000000000000000   1.5533735256432969E+01   2.0193556213824237E+00
     660.0000000000000000   1.5720376207373389E+01   1.9964602840768375E+00
     670.0000000000000000   1.5904231067771274E+01   1.9772747442170810E+00
     680.0000000000000000   1.6090017881494898E+01   1.9555260745694225E+00
     690.0000000000000000   1.6273065900554577E+01   1.9373510925480655E+00
     700.0000000000000000   1.6458029479100684E+01   1.9166628603140716E+00
     710.0000000000000000   1.6640303979763051E+01   1.8994181648065274E+00
     720.0000000000000000   1.6824473078299746E+01   1.8797132010294610E+00
     730.0000000000000000   1.7006006169371304E+01   1.8633255838579028E+00
     740.0000000000000000   1.7189407079346136E+01   1.8445352877261869E+00
     750.0000000000000000   1.7372438723144427E+01   1.8261875215636563E+00
     760.0000000000000000   1.7552887830788343E+01   1.8109993754702824E+00
     770.0000000000000000   1.7735192612564592E+01   1.7934685553927634E+00
     780.0000000000000000   1.7917140821169195E+01   1.7763420549883928E+00
     790.0000000000000000   1.8096568222847839E+01   1.7622218381024253E+00
     800.0000000000000000   1.8277827815534547E+01   1.7458274218536809E+00
     810.0000000000000000   1.8458748450090262E+01   1.7297971450984020E+00
     820.0000000000000000   1.8639327420346486E+01   1.7141281726871633E+00
     830.0000000000000000   1.8817469098085585E+01   1.7012704227875759E+00
     840.0000000000000000   1.8997411565731539E+01   1.6862300205523015E+00
     850.0000000000000000   1.9177033961882266E+01   1.6715106600546674E+00
     860.0000000000000000   1.9356336620581228E+01   1.6571071214966708E+00
     870.0000000000000000   1.9535324641821930E+01   1.6430089242495971E+00
     880.0000000000000000   1.9714008423244540E+01   1.6291999106405606E+00
     890.0000000000000000   1.9890377049540437E+01   1.6179374945910359E+00
     900.0000000000000000   2.0068485507484322E+01   1.6046403561380707E+00
     910.0000000000000000   2.0246299891958987E+01   1.5916106281178137E+00
     920.0000000000000000   2.0423823945218199E+01   1.5788407273463250E+00
     930.0000000000000000   2.0601062353798216E+01   1.5663222105457406E+00
     940.0000000000000000   2.0778020784151007E+01   1.5540457849378642E+00
     950.0000000000000000   2.0954705238185959E+01   1.5420020702897876E+00
     960.0000000000000000   2.1131120750262941E+01   1.5301829795261266E+00
     970.0000000000000000   2.1307270984735293E+01   1.5185820760242337E+00
     980.0000000000000000   2.1483158837598847E+01   1.5071938837350087E+00
     990.0000000000000000   2.1658787106874946E+01   1.4960131607961877E+00
    1000.0000000000000000   2.1834158761677919E+01   1.4850346142133009E+00
    1100.0000000000000000   2.3574447011827630E+01   1.3852560622795587E+00
    1200.0000000000000000   2.5294117555434219E+01   1.2989884278101049E+00
    1300.0000000000000000   2.6995403833210897E+01   1.2233334785068837E+00
    1400.0000000000000000   2.8680164040202378E+01   1.1561628862348348E+00
    1500.0000000000000000   3.0348248471823936E+01   1.0972753648568609E+00
    1600.0000000000000000   3.2002621886505217E+01   1.0440001281277658E+00
    1700.0000000000000000   3.3641448328620626E+01   9.9762563347569178E-01
    1800.0000000000000000   3.5270306167851416E+01   9.5385253059310138E-01
    1843.9990000000000236   3.5981980823853831E+01   9.3677341781977341E-01
    1844.0009999999999764   3.5982013256427038E+01   9.3677256021950506E-01
    1900.0000000000000000   3.6885583595366555E+01   9.1534851242854620E-01
    2000.0000000000000000   3.8490838564921859E+01   8.7955563053580033E-01
    2100.0000000000000000   4.0085581184075316E+01   8.4685974395612740E-01
    2200.0000000000000000   4.1671938919378718E+01   8.1592023172082340E-01
    2300.0000000000000000   4.3247212192042987E+01   7.8848381030779091E-01
    2400.0000000000000000   4.4815155456158472E+01   7.6225179402428278E-01
    2475.9989999999997963   4.6000923377677438E+01   7.4372236698103678E-01
    2476.0010000000002037   4.6000954470220343E+01   7.4372191363571127E-01
    2500.0000000000000000   4.6374413594188027E+01   7.3809223618946929E-01
    2526.9989999999997963   4.6793976344181807E+01   7.3188335174399177E-01
    2527.0010000000002037   4.6794007458176104E+01   7.3188286170294647E-01
    2600.0000000000000000   4.7925737892805287E+01   7.1561670163789060E-01
    2631.9989999999997963   4.8420894001984109E+01   7.0854780887833269E-01
    2632.0010000000002037   4.8420925237533261E+01   7.0854720753502431E-01
    2700.0000000000000000   4.9469517062380767E+01   6.9464697146575638E-01
    2800.0000000000000000   5.1005635531183657E+01   6.7525248998430087E-01
    2871.9989999999997963   5.2108438404842147E+01   6.6146946415156049E-01
    2872.0010000000002037   5.2108469050910529E+01   6.6146905653202415E-01
    2900.0000000000000000   5.2536147457468196E+01   6.5640261531082966E-01
    3000.0000000000000000   5.4058976151589420E+01   6.3925325420015611E-01
    3100.0000000000000000   5.5577026984856587E+01   6.2234688020271489E-01
    3200.0000000000000000   5.7087763228596494E+01   6.0694419947002920E-01
    3300.0000000000000000   5.8593626913793379E+01   5.9197309274692866E-01
    3400.0000000000000000   6.0093623573936419E+01   5.7789722056600246E-01
    3500.0000000000000000   6.1587597608360760E+01   5.6480308886688901E-01
    3600.0000000000000000   6.3076526913465251E+01   5.5229515585957156E-01
    3700.0000000000000000   6.4561238830011519E+01   5.4007841422749470E-01
    3800.0000000000000000   6.6040875510792546E+01   5.2845472507405067E-01
    3900.0000000000000000   6.7514815299772494E+01   5.1780157429655060E-01
    4000.0000000000000000   6.8984899884458187E+01   5.0735512824188400E-01
    4100.0000000000000000   7.0451309531320291E+01   4.9706465577556197E-01
    4200.0000000000000000   7.1912572388060681E+01   4.8749655098286171E-01
    4300.0000000000000000   7.3369107407580799E+01   4.7859598363516143E-01
    4400.0000000000000000   7.4824435230873860E+01   4.6898187413300213E-01
    4500.0000000000000000   7.6272368453665095E+01   4.6100677490858061E-01
    4600.0000000000000000   7.7718568526930596E+01   4.5263944102645470E-01
    4700.0000000000000000   7.9158702810506199E+01   4.4530968799160658E-01
    4800.0000000000000000   8.0597694596832497E+01   4.3748348912210605E-01
    4900.0000000000000000   8.2033279701968965E+01   4.2989362338526871E-01
    5000.0000000000000000   8.3464941834374955E+01   4.2271807181693105E-01
    5100.0000000000000000   8.4892833175602561E+01   4.1592010091658116E-01
    5200.0000000000000000   8.6317034064402662E+01   4.0948720270368427E-01
    5300.0000000000000000   8.7737733435888600E+01   4.0336846732863274E-01
    5400.0000000000000000   8.9154495233390051E+01   3.9769929736452381E-01
    5500.0000000000000000   9.0571714278648102E+01   3.9115620264008666E-01
    5600.0000000000000000   9.1984220521197287E+01   3.8532219210202717E-01
    5700.0000000000000000   9.3391427516036615E+01   3.8031973030657712E-01
    5800.0000000000000000   9.4800008010231409E+01   3.7428658369791856E-01
    5900.0000000000000000   9.6200815995243403E+01   3.6986472233817064E-01
    6000.0000000000000000   9.7604293256104057E+01   3.6409617548787837E-01
    6100.0000000000000000   9.9003843547611211E+01   3.5878782196270836E-01
    6200.0000000000000000   1.0039503975447211E+02   3.5515558779514145E-01
    6300.0000000000000000   1.0179027969928943E+02   3.4989859982560467E-01
    6400.0000000000000000   1.0318121416152138E+02   3.4529588073507478E-01
    6500.0000000000000000   1.0456934868575712E+02   3.4075876320029641E-01
    6600.0000000000000000   1.0595620483016032E+02   3.3620277062412168E-01
    6700.0000000000000000   1.0733904781334915E+02   3.3206563582979748E-01
    6800.0000000000000000   1.0872011759906552E+02   3.2794710455991100E-01
    6900.0000000000000000   1.1009791853572196E+02   3.2419092327551641E-01
    7000.0000000000000000   1.1147334007162948E+02   3.2050951202504735E-01
    7100.0000000000000000   1.1284706062752953E+02   3.1684183392578436E-01
    7200.0000000000000000   1.1421716539364344E+02   3.1358060264336030E-01
    7300.0000000000000000   1.1558508350221010E+02   3.1036255271653812E-01
    7400.0000000000000000   1.1695763062239908E+02   3.0574858203487731E-01
    7500.0000000000000000   1.1832059470729523E+02   3.0283008322233917E-01
    7600.0000000000000000   1.1968285093323439E+02   2.9988673139776345E-01
    7700.0000000000000000   1.2104723872997303E+02   2.9585154602678404E-01
    7800.0000000000000000   1.2240449646498665E+02   2.9313200339849160E-01
    7900.0000000000000000   1.2376002645593445E+02   2.9057182247761726E-01
    8000.0000000000000000   1.2511768207419324E+02   2.8699705642168588E-01
    8100.0000000000000000   1.2646814887090382E+02   2.8462227856270844E-01
    8200.0000000000000000   1.2782305878161451E+02   2.8117025811713425E-01
    8300.0000000000000000   1.2917117452269864E+02   2.7872855178249378E-01
    8400.0000000000000000   1.3052079727013913E+02   2.7549758141164826E-01
    8500.0000000000000000   1.3186850874615413E+02   2.7240111719770688E-01
    8600.0000000000000000   1.3320879794980505E+02   2.7074003020247178E-01
    8700.0000000000000000   1.3455472113031286E+02   2.6762495575496875E-01
    8800.0000000000000000   1.3589798930914327E+02   2.6450627589579689E-01
    8900.0000000000000000   1.3723014727502328E+02   2.6340475538319558E-01
    9000.0000000000000000   1.3857162194885885E+02   2.6011774063595011E-01
    9100.0000000000000000   1.3990742475140141E+02   2.5781419221329122E-01
    9200.0000000000000000   1.4124476684131204E+02   2.5497134425152046E-01
    9300.0000000000000000   1.4257600779734784E+02   2.5308725828323952E-01
    9400.0000000000000000   1.4390335480818374E+02   2.5157692673483606E-01
    9500.0000000000000000   1.4523540313670770E+02   2.4883449825486101E-01
    9600.0000000000000000   1.4656453187573257E+02   2.4646695542670807E-01
    9700.0000000000000000   1.4789103701548845E+02   2.4428242296259209E-01
    9800.0000000000000000   1.4921494217322527E+02   2.4235482448471257E-01
    9900.0000000000000000   1.5053812846207992E+02   2.4033207856804759E-01
   10000.0000000000000000   1.5186031947402520E+02   2.3827519515593926E-01
   11000.0000000000000000   1.6500832714133259E+02   2.1933732982668083E-01
   12000.0000000000000000   1.7802037111918111E+02   2.0425996213995906E-01
   13000.0000000000000000   1.9091767410239089E+02   1.9108305004974216E-01
   14000.0000000000000000   2.0371403089684821E+02   1.7906711309736537E-01
   15000.0000000000000000   2.1640762196197241E+02   1.6903276855620872E-01
   16000.0000000000000000   2.2901885665268412E+02   1.6020485122569916E-01
   17000.0000000000000000   2.4154082516056019E+02   1.5213835292584610E-01
   18000.0000000000000000   2.5398644033889968E+02   1.4570344631780435E-01
   19000.0000000000000000   2.6637239599098598E+02   1.3808445030144470E-01
   20000.0000000000000000   2.7868574740107704E+02   1.3231197182989840E-01
   20005.9989999999997963   2.7876090537467070E+02   1.3211385166414863E-01
   20006.0010000000002037   2.7876093037051038E+02   1.3211379740326462E-01
   21000.0000000000000000   2.9092592135311185E+02   1.2793328139169899E-01
   22000.0000000000000000   3.0312468728809665E+02   1.2178055563124725E-01
   23000.0000000000000000   3.1524639172546591E+02   1.1700693622803279E-01
   24000.0000000000000000   3.2733359532485906E+02   1.1306019179951075E-01
   25000.0000000000000000   3.3935831055941406E+02   1.0998316756909357E-01
   26000.0000000000000000   3.5134210677615215E+02   1.0638814861314126E-01
   27000.0000000000000000   3.6328186188636465E+02   1.0213687107261210E-01
   28000.0000000000000000   3.7515099054389407E+02   9.9472133905863555E-02
   29000.0000000000000000   3.8700998787466852E+02   9.7009782915117082E-02
   30000.0000000000000000   3.9881788822452671E+02   9.3144395226959789E-02
   31000.0000000000000000   4.1060765260790004E+02   9.0652642294057686E-02
   32000.0000000000000000   4.2232149859580721E+02   8.8252742771576034E-02
   33000.0000000000000000   4.3398617994947892E+02   8.7120145985277342E-02
   34000.0000000000000000   4.4564414821378710E+02   8.4934550915280987E-02
   35000.0000000000000000   4.5729229449951163E+02   8.1519429341766939E-02
   36000.0000000000000000   4.6888342816721627E+02   8.0589516298640890E-02
   37000.0000000000000000   4.8047343162537220E+02   7.9029893001262869E-02
   38000.0000000000000000   4.9202696423270447E+02   7.5801019938962030E-02
   39000.0000000000000000   5.0348984985296818E+02   7.4187537441085805E-02
   40000.0000000000000000   5.1502390034877988E+02   7.2363430086451408E-02
   41000.0000000000000000   5.2643412815634883E+02   7.0650658353393833E-02
   42000.0000000000000000   5.3788384626027346E+02   7.0091105727654215E-02
   43000.0000000000000000   5.4923505783650330E+02   6.7987442916952856E-02
   44000.0000000000000000   5.6065945457277519E+02   6.6383566128110610E-02
   45000.0000000000000000   5.7201406139910705E+02   6.5525729443522293E-02
   46000.0000000000000000   5.8328794285168522E+02   6.4175086451600041E-02
   47000.0000000000000000   5.9456042696253689E+02   6.3776519698597989E-02
   48000.0000000000000000   6.0588101580282591E+02   6.2048059177981563E-02
   49000.0000000000000000   6.1714121357972613E+02   6.1550209274239508E-02
   50000.0000000000000000   6.2840614793308521E+02   5.9624821763163957E-02
