       0.1000000000000000   3.1160522018858209E+01   9.3496224387385146E-04
       0.2000000000000000   2.7412591010616911E+01   1.8286562253136645E-03
       0.3000000000000000   2.6157376336382221E+01   2.7172823866655330E-03
       0.4000000000000000   2.5669301738320115E+01   3.5667430372111984E-03
       0.5000000000000000   2.5414807992636980E+01   4.4073588352587885E-03
       0.6000000000000000   2.5272454855858204E+01   5.2407912096116317E-03
       0.7000000000000000   2.5194713047149239E+01   6.0685679038599716E-03
       0.7999999999999999   2.5155529801177416E+01   6.8917641693926361E-03
       0.8999999999999999   2.5142851855604750E+01   7.7091248899213705E-03
       0.9999999999999999   2.5145277536164798E+01   8.5239343688395131E-03
       2.0000000000000000   2.5414563489578235E+01   1.6560908336871294E-02
       3.0000000000000000   2.5627684349845609E+01   2.4626221834684117E-02
       4.0000000000000000   2.5686136449221088E+01   3.2921119303358164E-02
       5.0000000000000000   2.5610550525898294E+01   4.1571260024882428E-02
       6.0000000000000000   2.5429974030819231E+01   5.0664718164449382E-02
       7.0000000000000000   2.5170076384569782E+01   6.0263085943964179E-02
       8.0000000000000000   2.4850180453603070E+01   7.0416328318907845E-02
       9.0000000000000000   2.4485313135762532E+01   8.1166518963310758E-02
      10.0000000000000000   2.4086816443068962E+01   9.2552209368003596E-02
      11.0000000000000000   2.3663626126525699E+01   1.0460891825743872E-01
      12.0000000000000000   2.3222627964291735E+01   1.1737078999332966E-01
      13.0000000000000000   2.2769269526421454E+01   1.3087189580865835E-01
      14.0000000000000000   2.2307600708220843E+01   1.4514846514043075E-01
      15.0000000000000000   2.1840802545192389E+01   1.6023858882937556E-01
      16.0000000000000000   2.1371384793643028E+01   1.7618236524886288E-01
      17.0000000000000000   2.0901190691326988E+01   1.9302411567411343E-01
      18.0000000000000000   2.0431672806839511E+01   2.1081177254748873E-01
      19.0000000000000000   1.9963884642958948E+01   2.2959804385107144E-01
      20.0000000000000000   1.9498602121102358E+01   2.4944129955823391E-01
      21.0000000000000000   1.9036367141761911E+01   2.7040611439977508E-01
      22.0000000000000000   1.8577568488476988E+01   2.9256356076431672E-01
      23.0000000000000000   1.8122450630677573E+01   3.1599241497798713E-01
      24.0000000000000000   1.7671141138669771E+01   3.4078030957642325E-01
      25.0000000000000000   1.7223697741857876E+01   3.6702412894959896E-01
      26.0000000000000000   1.6780120693245067E+01   3.9483119670478761E-01
      27.0000000000000000   1.6340371120759077E+01   4.2432031904371648E-01
      28.0000000000000000   1.5904388891731472E+01   4.5562285186065721E-01
      29.0000000000000000   1.5472100961958612E+01   4.8888395567314613E-01
      30.0000000000000000   1.5043440444687924E+01   5.2426365929245833E-01
      31.0000000000000000   1.4618352223180231E+01   5.6193807055131384E-01
      32.0000000000000000   1.4196811737417523E+01   6.0210019426889805E-01
      33.0000000000000000   1.3778829523685863E+01   6.4496085400498226E-01
      34.0000000000000000   1.3364469364132335E+01   6.9074882812543414E-01
      35.0000000000000000   1.2953859863841590E+01   7.3971045729472529E-01
      36.0000000000000000   1.2547210063600270E+01   7.9210816431629816E-01
      37.0000000000000000   1.2144825432620442E+01   8.4821748496739624E-01
      38.0000000000000000   1.1747124935079357E+01   9.0832205134358845E-01
      39.0000000000000000   1.1354657390998295E+01   9.7270589982061728E-01
      40.0000000000000000   1.0968117111516587E+01   1.0416424271814353E+00
      41.0000000000000000   1.0588354231090875E+01   1.1153795220133595E+00
      41.9990000000000023   1.0216746234102759E+01   1.1940392935623010E+00
      42.0000000000000000   1.0216378522986343E+01   1.1941205862889965E+00
      42.0009999999999977   1.0216010820807659E+01   1.1942018841636421E+00
      43.0000000000000000   9.8533514386627914E+00   1.2780019345371290E+00
      44.0000000000000000   9.5005626010911186E+00   1.3670678858824881E+00
      44.9990000000000023   9.1597221549233776E+00   1.4611495329445496E+00
      45.0000000000000000   9.1593872480132852E+00   1.4612462074037058E+00
      45.0009999999999977   9.1590523541206981E+00   1.4613428867783693E+00
      46.0000000000000000   8.8312250977950963E+00   1.5603274192979995E+00
      47.0000000000000000   8.5174229917774404E+00   1.6639523320629550E+00
      48.0000000000000000   8.2191898891117745E+00   1.7716115774456227E+00
      49.0000000000000000   7.9375157225609687E+00   1.8826592675347487E+00
      50.0000000000000000   7.6731066356935642E+00   1.9963402408453406E+00
      51.0000000000000000   7.4263465370258217E+00   2.1118275418520169E+00
      52.0000000000000000   7.1972895449177310E+00   2.2282647784432692E+00
      53.0000000000000000   6.9856813225032361E+00   2.3448075093326559E+00
      54.0000000000000000   6.7910025447690083E+00   2.4606587777362314E+00
      55.0000000000000000   6.6125250739831252E+00   2.5750958101129191E+00
      56.0000000000000000   6.4493718394836925E+00   2.6874869481041976E+00
      57.0000000000000000   6.3005733492209206E+00   2.7972993890989573E+00
      58.0000000000000000   6.1651159134785196E+00   2.9040998657996582E+00
      59.0000000000000000   6.0419805636478916E+00   3.0075496717525168E+00
      60.0000000000000000   5.9301720527150721E+00   3.1073962660663272E+00
      61.0000000000000000   5.8287384163262637E+00   3.2034634635599311E+00
      62.0000000000000000   5.7367838083713210E+00   3.2956406207635047E+00
      63.0000000000000000   5.6534752973492051E+00   3.3838722617436230E+00
      64.0000000000000000   5.5780454803531381E+00   3.4681483936520792E+00
      65.0000000000000000   5.5097921534126408E+00   3.5484958174467058E+00
      66.0000000000000000   5.4480760034353874E+00   3.6249705344753744E+00
      67.0000000000000000   5.3923170886358172E+00   3.6976512432391440E+00
      67.9989999999999952   5.3420384293068759E+00   3.7665666880158826E+00
      68.0000000000000000   5.3419906546243121E+00   3.7666338587159820E+00
      68.0010000000000048   5.3419428848963193E+00   3.7667010258258347E+00
      69.0000000000000000   5.2966226662194895E+00   3.8320269546697991E+00
      70.0000000000000000   5.2557853155138865E+00   3.8939480164430043E+00
      71.0000000000000000   5.2190926706850984E+00   3.9525203926513814E+00
      72.0000000000000000   5.1861965693890690E+00   4.0078708392644495E+00
      73.0000000000000000   5.1567828061838492E+00   4.0601275613289269E+00
      74.0000000000000000   5.1305676395340321E+00   4.1094186681937925E+00
      75.0000000000000000   5.1072946089829543E+00   4.1558709805789427E+00
      76.0000000000000000   5.0867317219510086E+00   4.1996090638715042E+00
      77.0000000000000000   5.0686688159960900E+00   4.2407545967153384E+00
      78.0000000000000000   5.0529153114481229E+00   4.2794258164360235E+00
      79.0000000000000000   5.0392981516932123E+00   4.3157371675344214E+00
      80.0000000000000000   5.0276599797006414E+00   4.3497990586232413E+00
      81.0000000000000000   5.0178575154485960E+00   4.3817177144204305E+00
      82.0000000000000000   5.0097601143120665E+00   4.4115951029450100E+00
      83.0000000000000000   5.0032484841763276E+00   4.4395289216422009E+00
      84.0000000000000000   4.9982135441255862E+00   4.4656126294342782E+00
      85.0000000000000000   4.9945554110723167E+00   4.4899355137766355E+00
      86.0000000000000000   4.9921824961297308E+00   4.5125827842608857E+00
      87.0000000000000000   4.9910106987305998E+00   4.5336356873616168E+00
      88.0000000000000000   4.9909626957081450E+00   4.5531716269421585E+00
      89.0000000000000000   4.9919672907407140E+00   4.5712643106604265E+00
      90.0000000000000000   4.9939588482437003E+00   4.5879838858253157E+00
      91.0000000000000000   4.9968767803164207E+00   4.6033970866173410E+00
      92.0000000000000000   5.0006650877847294E+00   4.6175673805770305E+00
      93.0000000000000000   5.0052719487855581E+00   4.6305551142862917E+00
      94.0000000000000000   5.0106493493061350E+00   4.6424176569302293E+00
      95.0000000000000000   5.0167527509413610E+00   4.6532095407429805E+00
      96.0000000000000000   5.0235407917705164E+00   4.6629825976000570E+00
      97.0000000000000000   5.0309750166729961E+00   4.6717860912265028E+00
      98.0000000000000000   5.0390196336407209E+00   4.6796668446754097E+00
      99.0000000000000000   5.0476412946962359E+00   4.6866693627325358E+00
     100.0000000000000000   5.0568088951363706E+00   4.6928359494014229E+00
     103.9989999999999952   5.0983742072248388E+00   4.7099153000565170E+00
     104.0010000000000048   5.0983967911705150E+00   4.7099210471036432E+00
     110.0000000000000000   5.1729566883805829E+00   4.7164684494214546E+00
     120.0000000000000000   5.3208775765913217E+00   4.6904026543286959E+00
     130.0000000000000000   5.4888200219019820E+00   4.6339405000430540E+00
     140.0000000000000000   5.6698935081682373E+00   4.5591247482955826E+00
     150.0000000000000000   5.8520096380463817E+00   4.4940383537107262E+00
     153.9989999999999952   5.9350841209621157E+00   4.4478502986824529E+00
     154.0010000000000048   5.9351336644176085E+00   4.4478100586070424E+00
     160.0000000000000000   6.0521092114430353E+00   4.3973025340598344E+00
     167.9989999999999952   6.2113564369066427E+00   4.3263362392649949E+00
     168.0010000000000048   6.2114052467099317E+00   4.3262993826580756E+00
     169.9989999999999952   6.2530245364166195E+00   4.3051570409982141E+00
     170.0000000000000000   6.2530488955492842E+00   4.3051388595310796E+00
     170.0010000000000048   6.2530732532275239E+00   4.3051206804116893E+00
     180.0000000000000000   6.4545145272900850E+00   4.2174722459172234E+00
     190.0000000000000000   6.6624697310799812E+00   4.1208635449592075E+00
     200.0000000000000000   6.8698484946259235E+00   4.0300685375297043E+00
     210.0000000000000000   7.0766138171063604E+00   3.9445960659322261E+00
     220.0000000000000000   7.2827475719961470E+00   3.8639990298200586E+00
     230.0000000000000000   7.4882440756360147E+00   3.7878731043765224E+00
     231.9989999999999952   7.5343082213880193E+00   3.7627976508803842E+00
     232.0010000000000048   7.5343542813366025E+00   3.7627727419916184E+00
     233.9989999999999952   7.5752556505056283E+00   3.7483495271120151E+00
     234.0010000000000048   7.5753016354542302E+00   3.7483248880246620E+00
     236.9989999999999952   7.6341518480493162E+00   3.7320191540817396E+00
     237.0010000000000048   7.6341977106980146E+00   3.7319948722228453E+00
     240.0000000000000000   7.6979729400012893E+00   3.7059227851075649E+00
     250.0000000000000000   7.9066730120723534E+00   3.6287264175183114E+00
     260.0000000000000000   8.1143848942286780E+00   3.5558659027536570E+00
     270.0000000000000000   8.3211486398233951E+00   3.4869707866123076E+00
     280.0000000000000000   8.5312907935392239E+00   3.4134433362757601E+00
     290.0000000000000000   8.7361265118661855E+00   3.3518718217989849E+00
     300.0000000000000000   8.9441836745858581E+00   3.2857340056931514E+00
     310.0000000000000000   9.1472532542311189E+00   3.2303393532387128E+00
     320.0000000000000000   9.3533919802287215E+00   3.1704771156504412E+00
     330.0000000000000000   9.5585869557637899E+00   3.1135278556774018E+00
     340.0000000000000000   9.7628751810915411E+00   3.0592747515457765E+00
     350.0000000000000000   9.9662916852667216E+00   3.0075222955796894E+00
     360.0000000000000000   1.0168869608595745E+01   2.9580937380493881E+00
     370.0000000000000000   1.0374111983749485E+01   2.9048474480428430E+00
     380.0000000000000000   1.0575027902302493E+01   2.8597833743835830E+00
     390.0000000000000000   1.0775195572435855E+01   2.8165951847883441E+00
     398.9990000000000236   1.0957008188909406E+01   2.7753947044279643E+00
     399.0009999999999764   1.0957049991284544E+01   2.7753832812615711E+00
     400.0000000000000000   1.0977926323299272E+01   2.7696900771079660E+00
     410.0000000000000000   1.1176601744660934E+01   2.7300584971590425E+00
     415.9990000000000236   1.1298023938685811E+01   2.7028405339042556E+00
     416.0009999999999764   1.1298065445054329E+01   2.7028298254277257E+00
     420.0000000000000000   1.1377782160413210E+01   2.6867860811073134E+00
     430.0000000000000000   1.1578207619437212E+01   2.6452307560698820E+00
     440.0000000000000000   1.1774791519495791E+01   2.6102107223951574E+00
     450.0000000000000000   1.1973808285776375E+01   2.5716671161398965E+00
     460.0000000000000000   1.2172135361853352E+01   2.5345589591251674E+00
     470.0000000000000000   1.2369792184335923E+01   2.4988053083233477E+00
     480.0000000000000000   1.2566798163504277E+01   2.4643300675588589E+00
     490.0000000000000000   1.2760271358863166E+01   2.4354246793984871E+00
     500.0000000000000000   1.2956064239588709E+01   2.4032041296145690E+00
     510.0000000000000000   1.3151258418931830E+01   2.3720711310242786E+00
     510.9989999999999668   1.3171288402290184E+01   2.3681873591625631E+00
     511.0009999999999195   1.3171328496270959E+01   2.3681795978623734E+00
     520.0000000000000000   1.3345869936958994E+01   2.3419693359678821E+00
     530.0000000000000000   1.3542679629655895E+01   2.3088464734814247E+00
     540.0000000000000000   1.3736137491917194E+01   2.2807354638631381E+00
     550.0000000000000000   1.3929056637753153E+01   2.2535061021462619E+00
     560.0000000000000000   1.4121450481086143E+01   2.2271160914694290E+00
     570.0000000000000000   1.4313331966984387E+01   2.2015257575954119E+00
     580.0000000000000000   1.4507344685710198E+01   2.1730710547891858E+00
     590.0000000000000000   1.4698206889431628E+01   2.1490364396088650E+00
     600.0000000000000000   1.4888592169585428E+01   2.1256952449196573E+00
     610.0000000000000000   1.5078510814747760E+01   2.1030178540017670E+00
     620.0000000000000000   1.5270502285609572E+01   2.0776024145567291E+00
     630.0000000000000000   1.5459492909086183E+01   2.0562184373133148E+00
     640.0000000000000000   1.5650531180318193E+01   2.0321658356092902E+00
     650.0000000000000000   1.5838630866733951E+01   2.0119692907581159E+00
     660.0000000000000000   1.6028761214504222E+01   1.9891593654116895E+00
     670.0000000000000000   1.6216003683852662E+01   1.9700570805678861E+00
     680.0000000000000000   1.6405263011034513E+01   1.9483895926863084E+00
     690.0000000000000000   1.6591683420383305E+01   1.9302937985177304E+00
     700.0000000000000000   1.6780103219590899E+01   1.9096828354860516E+00
     710.0000000000000000   1.6965735591117248E+01   1.8925135619806754E+00
     720.0000000000000000   1.7153345164709553E+01   1.8728822408845553E+00
     730.0000000000000000   1.7338222298012827E+01   1.8565665516032044E+00
     740.0000000000000000   1.7525048424958278E+01   1.8378465299593680E+00
     750.0000000000000000   1.7711498025878484E+01   1.8195674433198088E+00
     760.0000000000000000   1.7895270516191278E+01   1.8044464374482112E+00
     770.0000000000000000   1.8080978866723640E+01   1.7869812713457922E+00
     780.0000000000000000   1.8266323523798373E+01   1.7699189892680394E+00
     790.0000000000000000   1.8449055004628505E+01   1.7558616033442311E+00
     800.0000000000000000   1.8633697472118204E+01   1.7395286767953662E+00
     810.0000000000000000   1.8817994225816580E+01   1.7235585925212975E+00
     820.0000000000000000   1.9001942350547047E+01   1.7079485574725819E+00
     830.0000000000000000   1.9183363825145907E+01   1.6951485300804767E+00
     840.0000000000000000   1.9366663093104474E+01   1.6801646740251168E+00
     850.0000000000000000   1.9549635881204686E+01   1.6655007202648067E+00
     860.0000000000000000   1.9732282445124817E+01   1.6511514843316142E+00
     870.0000000000000000   1.9914607996045181E+01   1.6371065194540046E+00
     880.0000000000000000   2.0096623252731366E+01   1.6233497004202382E+00
     890.0000000000000000   2.0276238433563027E+01   1.6121384722889260E+00
     900.0000000000000000   2.0457667333501380E+01   1.5988915449778374E+00
     910.0000000000000000   2.0638796256388101E+01   1.5859110800108966E+00
     920.0000000000000000   2.0819629013186777E+01   1.5731895217586072E+00
     930.0000000000000000   2.1000170398034360E+01   1.5607184534202803E+00
     940.0000000000000000   2.1180426225131296E+01   1.5484886076703559E+00
     950.0000000000000000   2.1360402658955500E+01   1.5364906287536719E+00
     960.0000000000000000   2.1540104860243598E+01   1.5247164531444573E+00
     970.0000000000000000   2.1719536567807292E+01   1.5131596668856284E+00
     980.0000000000000000   2.1898700723705566E+01   1.5018148157511593E+00
     990.0000000000000000   2.2077600169790689E+01   1.4906766788986139E+00
    1000.0000000000000000   2.2256237927226291E+01   1.4797399835871159E+00
    1100.0000000000000000   2.4028921823767615E+01   1.3803435021920734E+00
    1200.0000000000000000   2.5780616415746767E+01   1.2944021832425823E+00
    1300.0000000000000000   2.7513596798154655E+01   1.2190294885882078E+00
    1400.0000000000000000   2.9229756166167583E+01   1.1521056855035701E+00
    1500.0000000000000000   3.0928908232122332E+01   1.0934359548625201E+00
    1600.0000000000000000   3.2614106348061036E+01   1.0403544744665436E+00
    1700.0000000000000000   3.4283421495456388E+01   9.9415357886454303E-01
    1800.0000000000000000   3.5942627829930956E+01   9.5053699233527056E-01
    1843.9990000000000236   3.6667535513016901E+01   9.3352198820860066E-01
    1844.0009999999999764   3.6667568551273483E+01   9.3352113346106302E-01
    1900.0000000000000000   3.7587957618714178E+01   9.1217487895976179E-01
    2000.0000000000000000   3.9223090980341418E+01   8.7651130028212731E-01
    2100.0000000000000000   4.0847506091593644E+01   8.4393376783231111E-01
    2200.0000000000000000   4.2463400410224942E+01   8.1310303237168391E-01
    2300.0000000000000000   4.4067960401315602E+01   7.8576695903195737E-01
    2400.0000000000000000   4.5665075068613774E+01   7.5962783164390768E-01
    2475.9989999999997963   4.6872894132533176E+01   7.4116452239086072E-01
    2476.0010000000002037   4.6872925802239536E+01   7.4116407073794754E-01
    2500.0000000000000000   4.7253328856768881E+01   7.3555452781471620E-01
    2526.9989999999997963   4.7680691586269717E+01   7.2936788757546567E-01
    2527.0010000000002037   4.7680723279765324E+01   7.2936739916652493E-01
    2600.0000000000000000   4.8833494110950774E+01   7.1315931786876186E-01
    2631.9989999999997963   4.9337861390686598E+01   7.0611497755662056E-01
    2632.0010000000002037   4.9337893213385691E+01   7.0611437773125729E-01
    2700.0000000000000000   5.0405967373870268E+01   6.9226459042772026E-01
    2800.0000000000000000   5.1970622226681932E+01   6.7294031593788928E-01
    2871.9989999999997963   5.3093929462372515E+01   6.5920512846591739E-01
    2872.0010000000002037   5.3093960679389617E+01   6.5920472214546955E-01
    2900.0000000000000000   5.3529585365361328E+01   6.5415631056200574E-01
    3000.0000000000000000   5.5080695336910971E+01   6.3706888177132237E-01
    3100.0000000000000000   5.6626963348302034E+01   6.2022085527493587E-01
    3200.0000000000000000   5.8165751217286463E+01   6.0487324802501985E-01
    3300.0000000000000000   5.9699589759510665E+01   5.8995421615757382E-01
    3400.0000000000000000   6.1227442545044909E+01   5.7592766513174198E-01
    3500.0000000000000000   6.2749144292328559E+01   5.6288031948323802E-01
    3600.0000000000000000   6.4265706620297678E+01   5.5041683316260581E-01
    3700.0000000000000000   6.5777985037254197E+01   5.3824237467407521E-01
    3800.0000000000000000   6.7285085934334674E+01   5.2665896351410024E-01
    3900.0000000000000000   6.8786361110984217E+01   5.1604422867030830E-01
    4000.0000000000000000   7.0283719546304198E+01   5.0563446609690277E-01
    4100.0000000000000000   7.1777345738691125E+01   4.9537906234835488E-01
    4200.0000000000000000   7.3265709450408693E+01   4.8584451863104466E-01
    4300.0000000000000000   7.4749243256234976E+01   4.7697610243951094E-01
    4400.0000000000000000   7.6231599281800385E+01   4.6739282351651124E-01
    4500.0000000000000000   7.7706353107168951E+01   4.5944731614251139E-01
    4600.0000000000000000   7.9179379136431990E+01   4.5110841051244932E-01
    4700.0000000000000000   8.0646178424319913E+01   4.4380599122483827E-01
    4800.0000000000000000   8.2111859260554183E+01   4.3600609525380607E-01
    4900.0000000000000000   8.3574069834554251E+01   4.2844156031421160E-01
    5000.0000000000000000   8.5032272651554905E+01   4.2129042174896852E-01
    5100.0000000000000000   8.6486624118499535E+01   4.1451599633937330E-01
    5200.0000000000000000   8.7937206142563909E+01   4.0810582273063772E-01
    5300.0000000000000000   8.9384213404757148E+01   4.0200903437191787E-01
    5400.0000000000000000   9.0827191978113376E+01   3.9636107410205895E-01
    5500.0000000000000000   9.2270701822043662E+01   3.8983848924568754E-01
    5600.0000000000000000   9.3709375812979488E+01   3.8402432371163686E-01
    5700.0000000000000000   9.5142604143739106E+01   3.7904107469670806E-01
    5800.0000000000000000   9.6577311000859765E+01   3.7302653915520495E-01
    5900.0000000000000000   9.8004003094019936E+01   3.6862271570135902E-01
    6000.0000000000000000   9.9433516288909601E+01   3.6287166034568091E-01
    6100.0000000000000000   1.0085900369365217E+02   3.5758027699278289E-01
    6200.0000000000000000   1.0227586979181399E+02   3.5396451523106914E-01
    6300.0000000000000000   1.0369698037404495E+02   3.4872352404014062E-01
    6400.0000000000000000   1.0511366951187229E+02   3.4413634692919232E-01
    6500.0000000000000000   1.0652749880771235E+02   3.3961433618863207E-01
    6600.0000000000000000   1.0794004647936335E+02   3.3507303370839081E-01
    6700.0000000000000000   1.0934847354844869E+02   3.3095018975260088E-01
    6800.0000000000000000   1.1075510384548271E+02   3.2684556653211122E-01
    6900.0000000000000000   1.1215838443068968E+02   3.2310292607102248E-01
    7000.0000000000000000   1.1355923761925270E+02   3.1943470313745587E-01
    7100.0000000000000000   1.1495836673312894E+02   3.1577987478183628E-01
    7200.0000000000000000   1.1635378394330428E+02   3.1253116786866286E-01
    7300.0000000000000000   1.1774697168740963E+02   3.0932532944941604E-01
    7400.0000000000000000   1.1914500228974234E+02   3.0472326928459148E-01
    7500.0000000000000000   1.2053312648160170E+02   3.0181639126826160E-01
    7600.0000000000000000   1.2192055391447231E+02   2.9888438122639016E-01
    7700.0000000000000000   1.2331023055443038E+02   2.9486026880374872E-01
    7800.0000000000000000   1.2469254464377939E+02   2.9215153997298504E-01
    7900.0000000000000000   1.2607310183596179E+02   2.8960192291684345E-01
    8000.0000000000000000   1.2745590031631330E+02   2.8603747957318681E-01
    8100.0000000000000000   1.2883127369917091E+02   2.8367279164256098E-01
    8200.0000000000000000   1.3021129218374512E+02   2.8023063632220424E-01
    8300.0000000000000000   1.3158429411699831E+02   2.7779857792506596E-01
    8400.0000000000000000   1.3295889326708814E+02   2.7457704557489349E-01
    8500.0000000000000000   1.3433154195342959E+02   2.7148981641056902E-01
    8600.0000000000000000   1.3569652094378392E+02   2.6983776813266863E-01
    8700.0000000000000000   1.3706737827104050E+02   2.6673154241890068E-01
    8800.0000000000000000   1.3843551199901077E+02   2.6362152738425643E-01
    8900.0000000000000000   1.3979214783052655E+02   2.6252849360184577E-01
    9000.0000000000000000   1.4115848215178130E+02   2.5924979305962587E-01
    9100.0000000000000000   1.4251896107145532E+02   2.5695439165324313E-01
    9200.0000000000000000   1.4388106708819072E+02   2.5411952863478798E-01
    9300.0000000000000000   1.4523687151155406E+02   2.5224327044339839E-01
    9400.0000000000000000   1.4658866434619912E+02   2.5074061421341987E-01
    9500.0000000000000000   1.4794536425688301E+02   2.4800571311280631E-01
    9600.0000000000000000   1.4929906288439807E+02   2.4564555406521896E-01
    9700.0000000000000000   1.5065006702463788E+02   2.4346826595286347E-01
    9800.0000000000000000   1.5199840084913376E+02   2.4154777640598540E-01
    9900.0000000000000000   1.5334601597276065E+02   2.3953200785351328E-01
   10000.0000000000000000   1.5469262524207633E+02   2.3748197394603471E-01
   11000.0000000000000000   1.6808344418789787E+02   2.1860629493536990E-01
   12000.0000000000000000   1.8133555390443064E+02   2.0358154133724804E-01
   13000.0000000000000000   1.9447073971001655E+02   1.9044976288004400E-01
   14000.0000000000000000   2.0750311915643078E+02   1.7847299746471171E-01
   15000.0000000000000000   2.2043063995869315E+02   1.6847299219328446E-01
   16000.0000000000000000   2.3327433740318500E+02   1.5967544061152639E-01
   17000.0000000000000000   2.4602692172073142E+02   1.5163599933363825E-01
   18000.0000000000000000   2.5870168515440827E+02   1.4522536398586244E-01
   19000.0000000000000000   2.7131585487362520E+02   1.3762827071668932E-01
   20000.0000000000000000   2.8385591966760143E+02   1.3187566358564345E-01
   20005.9989999999997963   2.8393248953601869E+02   1.3167765708048210E-01
   20006.0010000000002037   2.8393251500028953E+02   1.3167760285748076E-01
   21000.0000000000000000   2.9632121280739403E+02   1.2751508851158871E-01
   22000.0000000000000000   3.0874462833715467E+02   1.2137894945989458E-01
   23000.0000000000000000   3.2108912010759650E+02   1.1662057744510332E-01
   24000.0000000000000000   3.3339878868814378E+02   1.1268790009479009E-01
   25000.0000000000000000   3.4564455172678618E+02   1.0962389718946805E-01
   26000.0000000000000000   3.5784874167884726E+02   1.0604096846286655E-01
   27000.0000000000000000   3.7000807972834781E+02   1.0180094838216247E-01
   28000.0000000000000000   3.8209495057189588E+02   9.9146720725113505E-02
   29000.0000000000000000   3.9417207609237607E+02   9.6694204862098149E-02
   30000.0000000000000000   4.0619692877470419E+02   9.2838042053074790E-02
   31000.0000000000000000   4.1820367179003705E+02   9.0354959923506006E-02
   32000.0000000000000000   4.3013233826691715E+02   8.7963226545888520E-02
   33000.0000000000000000   4.4201065652238719E+02   8.6838334899630512E-02
   34000.0000000000000000   4.5388263918835844E+02   8.4660022676175867E-02
   35000.0000000000000000   4.6574503900569761E+02   8.1251796108963034E-02
   36000.0000000000000000   4.7754888411687079E+02   8.0328421000287697E-02
   37000.0000000000000000   4.8935212253065549E+02   7.8775006131704933E-02
   38000.0000000000000000   5.0111807713917989E+02   7.5552036764990366E-02
   39000.0000000000000000   5.1279053478945605E+02   7.3944175555430300E-02
   40000.0000000000000000   5.2453732510297800E+02   7.2125427257778083E-02
   41000.0000000000000000   5.3615617512946199E+02   7.0417770630536752E-02
   42000.0000000000000000   5.4781647213769725E+02   6.9863105762699954E-02
   43000.0000000000000000   5.5937506195660660E+02   6.7764118477425278E-02
   44000.0000000000000000   5.7101002201543326E+02   6.6164718773132208E-02
   45000.0000000000000000   5.8257303676752065E+02   6.5311173342646231E-02
   46000.0000000000000000   5.9405275232892416E+02   6.3964647328181634E-02
   47000.0000000000000000   6.0553144135036496E+02   6.3570033882210442E-02
   48000.0000000000000000   6.1706043846511420E+02   6.1845372752593011E-02
   49000.0000000000000000   6.2852719675416472E+02   6.1351177310721698E-02
   50000.0000000000000000   6.3999925972775361E+02   5.9429307626271563E-02
