       0.1000000000000000   2.8684780008278285E+01   1.0155414450772301E-03
       0.2000000000000000   2.5245224592073267E+01   1.9850628851151237E-03
       0.3000000000000000   2.4099400883978504E+01   2.9478720050720754E-03
       0.4000000000000000   2.3659428398921282E+01   3.8670732750751965E-03
       0.5000000000000000   2.3434410157060100E+01   4.7755838025059861E-03
       0.6000000000000000   2.3312589205665152E+01   5.6752312166630185E-03
       0.7000000000000000   2.3250246405492859E+01   6.5676902476232459E-03
       0.7999999999999999   2.3223406612648880E+01   7.4541439452648749E-03
       0.8999999999999999   2.3220967700345362E+01   8.3332556167505338E-03
       0.9999999999999999   2.3232447655944529E+01   9.2085902556441751E-03
       2.0000000000000000   2.3572703373039353E+01   1.7788722854256724E-02
       3.0000000000000000   2.3859410841393156E+01   2.6308774697424920E-02
       4.0000000000000000   2.4000001006676406E+01   3.4990857099679341E-02
       5.0000000000000000   2.4012237284406318E+01   4.3972899495643578E-02
       6.0000000000000000   2.3922141504710080E+01   5.3351003885488940E-02
       7.0000000000000000   2.3752960569478702E+01   6.3192334332368150E-02
       8.0000000000000000   2.3522314803898436E+01   7.3551297961595430E-02
       9.0000000000000000   2.3244040782686351E+01   8.4473725632678548E-02
      10.0000000000000000   2.2928696948682262E+01   9.6001557490091094E-02
      11.0000000000000000   2.2584716084288967E+01   1.0817338984841796E-01
      12.0000000000000000   2.2218699686924815E+01   1.2102625437238246E-01
      13.0000000000000000   2.1835969076439412E+01   1.3459689977630596E-01
      14.0000000000000000   2.1440576014047796E+01   1.4892410592099301E-01
      15.0000000000000000   2.1035784832382934E+01   1.6404832212834064E-01
      16.0000000000000000   2.0624244045343637E+01   1.8001181492402488E-01
      17.0000000000000000   2.0207979340396605E+01   1.9686090815682428E-01
      18.0000000000000000   1.9788647761504699E+01   2.1464534085748235E-01
      19.0000000000000000   1.9367520485922714E+01   2.3341945105095088E-01
      20.0000000000000000   1.8945596653721640E+01   2.5324306318997458E-01
      21.0000000000000000   1.8523639752234548E+01   2.7418204043894717E-01
      22.0000000000000000   1.8102253391815996E+01   2.9630858214024208E-01
      23.0000000000000000   1.7681888418310589E+01   3.1970244887373411E-01
      24.0000000000000000   1.7262868404201637E+01   3.4445212490320953E-01
      25.0000000000000000   1.6845434884636898E+01   3.7065522540337392E-01
      26.0000000000000000   1.6429759528328528E+01   3.9841969757556722E-01
      27.0000000000000000   1.6015962316548215E+01   4.2786487571588011E-01
      28.0000000000000000   1.5604129581650509E+01   4.5912255939735674E-01
      29.0000000000000000   1.5194322834341472E+01   4.9233828049727740E-01
      30.0000000000000000   1.4786598333480464E+01   5.2767237469589812E-01
      31.0000000000000000   1.4381013300410149E+01   5.6530120257696814E-01
      32.0000000000000000   1.3977645353071352E+01   6.0541797382472096E-01
      33.0000000000000000   1.3576597733143036E+01   6.4823367739802606E-01
      34.0000000000000000   1.3178018112127967E+01   6.9397722258972228E-01
      35.0000000000000000   1.2782110772091011E+01   7.4289505232521225E-01
      36.0000000000000000   1.2389152850327489E+01   7.9524966735073122E-01
      37.0000000000000000   1.1999510924479422E+01   8.5131666111228932E-01
      38.0000000000000000   1.1613658676046137E+01   9.1137970647170397E-01
      39.0000000000000000   1.1232193831732175E+01   9.7572286668363495E-01
      40.0000000000000000   1.0855854434946831E+01   1.0446195537795757E+00
      41.0000000000000000   1.0485529863797307E+01   1.1183176624894440E+00
      41.9990000000000023   1.0122624757261063E+01   1.1969393385021811E+00
      42.0000000000000000   1.0122265405289086E+01   1.1970205935196381E+00
      42.0009999999999977   1.0121906061560610E+01   1.1971018536858913E+00
      43.0000000000000000   9.7672551621243695E+00   1.2808646543014608E+00
      44.0000000000000000   9.4218194860306177E+00   1.3698941525965420E+00
      44.9990000000000023   9.0876919427866749E+00   1.4639402019322330E+00
      45.0000000000000000   9.0873634484939263E+00   1.4640368411627587E+00
      45.0009999999999977   9.0870349666146932E+00   1.4641334853095960E+00
      46.0000000000000000   8.7653167022291907E+00   1.5630832239036947E+00
      47.0000000000000000   8.4570570095045330E+00   1.6666740940139841E+00
      48.0000000000000000   8.1638258807961073E+00   1.7743000655694949E+00
      49.0000000000000000   7.8866477303896660E+00   1.8853152331222598E+00
      50.0000000000000000   7.6262650114028618E+00   1.9989644180075927E+00
      51.0000000000000000   7.3830992947139409E+00   2.1144206480038799E+00
      52.0000000000000000   7.1572429630796552E+00   2.2308275146554295E+00
      53.0000000000000000   6.9484796587008990E+00   2.3473405605644739E+00
      54.0000000000000000   6.7563268794204658E+00   2.4631628129136556E+00
      55.0000000000000000   6.5800914107105353E+00   2.5775714820868743E+00
      56.0000000000000000   6.4189286575572888E+00   2.6899348935016971E+00
      57.0000000000000000   6.2718988182671529E+00   2.7997202281889102E+00
      58.0000000000000000   6.1380149700718336E+00   2.9064942023646347E+00
      59.0000000000000000   6.0162820010847291E+00   3.0099180930266942E+00
      60.0000000000000000   5.9057257377561410E+00   3.1097393427050291E+00
      61.0000000000000000   5.8054127072425583E+00   3.2057817497664205E+00
      62.0000000000000000   5.7144632087369587E+00   3.2979346544512569E+00
      63.0000000000000000   5.6320583611575259E+00   3.3861425647750689E+00
      64.0000000000000000   5.5574429629541280E+00   3.4703954721574211E+00
      65.0000000000000000   5.4899253953524685E+00   3.5507201621831750E+00
      66.0000000000000000   5.4288755265204021E+00   3.6271726212286879E+00
      67.0000000000000000   5.3737213819860878E+00   3.6998315332537874E+00
      67.9989999999999952   5.3239923779415399E+00   3.7687256495727768E+00
      68.0000000000000000   5.3239451282437740E+00   3.7687927991420618E+00
      68.0010000000000048   5.3238978834520667E+00   3.7688599451215365E+00
      69.0000000000000000   5.2790787505173302E+00   3.8341649790251973E+00
      70.0000000000000000   5.2386996869486930E+00   3.8960655450695469E+00
      71.0000000000000000   5.2024265860195618E+00   3.9546178331814907E+00
      72.0000000000000000   5.1699152930094412E+00   4.0099485870741471E+00
      73.0000000000000000   5.1408551169340795E+00   4.0621859999839121E+00
      74.0000000000000000   5.1149654054527316E+00   4.1114581698843224E+00
      75.0000000000000000   5.0919924200372275E+00   4.1578919065451165E+00
      76.0000000000000000   5.0717065720804060E+00   4.2016117648017577E+00
      77.0000000000000000   5.0538998276466192E+00   4.2427394131500593E+00
      78.0000000000000000   5.0383834960777873E+00   4.2813930791431822E+00
      79.0000000000000000   5.0249862012511191E+00   4.3176871978736697E+00
      80.0000000000000000   5.0135520846379036E+00   4.3517321688953192E+00
      81.0000000000000000   5.0039392054991412E+00   4.3836342082021691E+00
      82.0000000000000000   4.9960181189658153E+00   4.4134952754109671E+00
      83.0000000000000000   4.9896706100196049E+00   4.4414130598696380E+00
      84.0000000000000000   4.9847885667721545E+00   4.4674810126996656E+00
      85.0000000000000000   4.9812729798274331E+00   4.4917884138363400E+00
      86.0000000000000000   4.9790330496174304E+00   4.5144204656206250E+00
      87.0000000000000000   4.9779853901434343E+00   4.5354584075340814E+00
      88.0000000000000000   4.9780533262678635E+00   4.5549796366940916E+00
      89.0000000000000000   4.9791662506212164E+00   4.5730578542478408E+00
      90.0000000000000000   4.9812590637185243E+00   4.5897632012204683E+00
      91.0000000000000000   4.9842716665815914E+00   4.6051624057248244E+00
      92.0000000000000000   4.9881485066853015E+00   4.6193189294410200E+00
      93.0000000000000000   4.9928381708774534E+00   4.6322931132891316E+00
      94.0000000000000000   4.9982930197459821E+00   4.6441423209826427E+00
      95.0000000000000000   5.0044688587609505E+00   4.6549210794664493E+00
      96.0000000000000000   5.0113246421524122E+00   4.6646812155016235E+00
      97.0000000000000000   5.0188222058904071E+00   4.6734719878664457E+00
      98.0000000000000000   5.0269260263574678E+00   4.6813402148289702E+00
      99.0000000000000000   5.0356030034205395E+00   4.6883303965415806E+00
     100.0000000000000000   5.0448222614877496E+00   4.6944848325253243E+00
     103.9989999999999952   5.0865616010040533E+00   4.7115173635952567E+00
     104.0010000000000048   5.0865842601535656E+00   4.7115230879086720E+00
     110.0000000000000000   5.1613253790342002E+00   4.7180051455192942E+00
     120.0000000000000000   5.3093968163221588E+00   4.6918417018220318E+00
     130.0000000000000000   5.4773633514050628E+00   4.6352936848395538E+00
     140.0000000000000000   5.6583782879986328E+00   4.5604017678604718E+00
     150.0000000000000000   5.8403959548545084E+00   4.4952545101211339E+00
     153.9989999999999952   5.9233849517114745E+00   4.4490442547756048E+00
     154.0010000000000048   5.9234344204167915E+00   4.4490040038248830E+00
     160.0000000000000000   6.0403078738450970E+00   4.3984648299218190E+00
     167.9989999999999952   6.1993993073867690E+00   4.3274591449682465E+00
     168.0010000000000048   6.1994480427492507E+00   4.3274222788863987E+00
     169.9989999999999952   6.2410202435949884E+00   4.3062705605643830E+00
     170.0000000000000000   6.2410445655291715E+00   4.3062523744482055E+00
     170.0010000000000048   6.2410688860144319E+00   4.3062341906798114E+00
     180.0000000000000000   6.4422949569758554E+00   4.2185413478507021E+00
     190.0000000000000000   6.6500018604421074E+00   4.1218920194255233E+00
     200.0000000000000000   6.8571273079033954E+00   4.0310596884947802E+00
     210.0000000000000000   7.0636352210059830E+00   3.9455527955670697E+00
     220.0000000000000000   7.2695081901988239E+00   3.8649239022448310E+00
     230.0000000000000000   7.4747410976331317E+00   3.7887683971235213E+00
     231.9989999999999952   7.5207340385880528E+00   3.7636872816304505E+00
     232.0010000000000048   7.5207800273244567E+00   3.7636623671168774E+00
     233.9989999999999952   7.5616285698797485E+00   3.7492335724395489E+00
     234.0010000000000048   7.5616744837324026E+00   3.7492089278059466E+00
     236.9989999999999952   7.6204541391611667E+00   3.7328949664375672E+00
     237.0010000000000048   7.6204999309201211E+00   3.7328706791470774E+00
     240.0000000000000000   7.6841865959427640E+00   3.7067905310531781E+00
     250.0000000000000000   7.8926029695540398E+00   3.6295684393387977E+00
     260.0000000000000000   8.1000309647245103E+00   3.5566838414599418E+00
     270.0000000000000000   8.3065107460250935E+00   3.4877661253511056E+00
     280.0000000000000000   8.5163539475462056E+00   3.4142174203156670E+00
     290.0000000000000000   8.7209063721034461E+00   3.3526258754173210E+00
     300.0000000000000000   8.9286662969075756E+00   3.2864691465266471E+00
     310.0000000000000000   9.1314533663875679E+00   3.2310566045451461E+00
     320.0000000000000000   9.3372965699812180E+00   3.1711774168380651E+00
     330.0000000000000000   9.5421970337670174E+00   3.1142120713899968E+00
     340.0000000000000000   9.7461917344188791E+00   3.0599436795363233E+00
     350.0000000000000000   9.9493156759382853E+00   3.0081766735627982E+00
     360.0000000000000000   1.0151601972750878E+01   2.9587342496885887E+00
     370.0000000000000000   1.0356541883570287E+01   2.9054747282015279E+00
     380.0000000000000000   1.0557168262764852E+01   2.8603980137463729E+00
     390.0000000000000000   1.0757047243929332E+01   2.8171977339420806E+00
     398.9990000000000236   1.0938593053384954E+01   2.7759868140623030E+00
     399.0009999999999764   1.0938634791640787E+01   2.7759753886201852E+00
     400.0000000000000000   1.0959479102326679E+01   2.7702810501569433E+00
     410.0000000000000000   1.1157867735261611E+01   2.7306383749372207E+00
     415.9990000000000236   1.1279109690562223E+01   2.7034139736209490E+00
     416.0009999999999764   1.1279151133326657E+01   2.7034032630243732E+00
     420.0000000000000000   1.1358751516311212E+01   2.6873553140408029E+00
     430.0000000000000000   1.1558881486626287E+01   2.6457897667346040E+00
     440.0000000000000000   1.1755181361574902E+01   2.6107599078082138E+00
     450.0000000000000000   1.1953904703430116E+01   2.5722068498173867E+00
     460.0000000000000000   1.2151939408968447E+01   2.5350895929347472E+00
     470.0000000000000000   1.2349304886963887E+01   2.4993271741557375E+00
     480.0000000000000000   1.2546020518040146E+01   2.4648434788393225E+00
     490.0000000000000000   1.2739213899314841E+01   2.4359299324564199E+00
     500.0000000000000000   1.2934718213518618E+01   2.4037015049270383E+00
     510.0000000000000000   1.3129624744720330E+01   2.3725608943472563E+00
     510.9989999999999668   1.3149624193153638E+01   2.3686763761135325E+00
     511.0009999999999195   1.3149664226013719E+01   2.3686686133216179E+00
     520.0000000000000000   1.3323949508131349E+01   2.3424517393672453E+00
     530.0000000000000000   1.3520464251227638E+01   2.3093217562742523E+00
     540.0000000000000000   1.3713637198627971E+01   2.2812038534785866E+00
     550.0000000000000000   1.3906272254156448E+01   2.2539678149141764E+00
     560.0000000000000000   1.4098382810843351E+01   2.2275713333439322E+00
     570.0000000000000000   1.4289981793411233E+01   2.2019747248198080E+00
     580.0000000000000000   1.4483704205068911E+01   2.1735139345078740E+00
     590.0000000000000000   1.4674285526821176E+01   2.1494734104312694E+00
     600.0000000000000000   1.4864390652516072E+01   2.1261264774406627E+00
     610.0000000000000000   1.5054029855680385E+01   2.1034435112826406E+00
     620.0000000000000000   1.5245734384205909E+01   2.0780226525701204E+00
     630.0000000000000000   1.5434447034836277E+01   2.0566334053555173E+00
     640.0000000000000000   1.5625199963985619E+01   2.0325756766826282E+00
     650.0000000000000000   1.5813023089920895E+01   2.0123741419260570E+00
     660.0000000000000000   1.6002869608890993E+01   1.9895593581289805E+00
     670.0000000000000000   1.6189836879660763E+01   1.9704523409878183E+00
     680.0000000000000000   1.6378813827322674E+01   1.9487802419469995E+00
     690.0000000000000000   1.6564960340814405E+01   1.9306799530091296E+00
     700.0000000000000000   1.6753099159474957E+01   1.9100646070992151E+00
     710.0000000000000000   1.6938458878723328E+01   1.8928910583407255E+00
     720.0000000000000000   1.7125788824072430E+01   1.8732555655685881E+00
     730.0000000000000000   1.7310394490221721E+01   1.8569358043443067E+00
     740.0000000000000000   1.7496942299580745E+01   1.8382118068378097E+00
     750.0000000000000000   1.7683114208001633E+01   1.8199288369423612E+00
     760.0000000000000000   1.7866617002655193E+01   1.8048040371164837E+00
     770.0000000000000000   1.8052048897111092E+01   1.7873351632143770E+00
     780.0000000000000000   1.8237117710940570E+01   1.7702692564932159E+00
     790.0000000000000000   1.8419581152448053E+01   1.7562083262238917E+00
     800.0000000000000000   1.8603948943549888E+01   1.7398719329007888E+00
     810.0000000000000000   1.8787971602440447E+01   1.7238984568213287E+00
     820.0000000000000000   1.8971646231378081E+01   1.7082851024507528E+00
     830.0000000000000000   1.9152801751769182E+01   1.6954818258455444E+00
     840.0000000000000000   1.9335828586846628E+01   1.6804947884154473E+00
     850.0000000000000000   1.9518529493705536E+01   1.6658277189470359E+00
     860.0000000000000000   1.9700904734440407E+01   1.6514754308939465E+00
     870.0000000000000000   1.9882959510680656E+01   1.6374274754945031E+00
     880.0000000000000000   2.0064704513978523E+01   1.6236677256304226E+00
     890.0000000000000000   2.0244056598122686E+01   1.6124536245329888E+00
     900.0000000000000000   2.0425216194684328E+01   1.5992038803677360E+00
     910.0000000000000000   2.0606076322340225E+01   1.5862206529775922E+00
     920.0000000000000000   2.0786640786102314E+01   1.5734963851196788E+00
     930.0000000000000000   2.0966914370889288E+01   1.5610226584441425E+00
     940.0000000000000000   2.1146902878315021E+01   1.5487902041372703E+00
     950.0000000000000000   2.1326612459034319E+01   1.5367896650137634E+00
     960.0000000000000000   2.1506048263010477E+01   1.5250129761728959E+00
     970.0000000000000000   2.1685214022649230E+01   1.5134537223351479E+00
     980.0000000000000000   2.1864112675990913E+01   1.5021064480020632E+00
     990.0000000000000000   2.2042747061057852E+01   1.4909659311064181E+00
    1000.0000000000000000   2.2221120194495128E+01   1.4800268977279649E+00
    1100.0000000000000000   2.3991180706136507E+01   1.3806091134656839E+00
    1200.0000000000000000   2.5740284091487773E+01   1.2946496608424813E+00
    1300.0000000000000000   2.7470701863788779E+01   1.2192613267319223E+00
    1400.0000000000000000   2.9184324205922241E+01   1.1523238846323245E+00
    1500.0000000000000000   3.0880967792663689E+01   1.0936421454460585E+00
    1600.0000000000000000   3.2563678512101006E+01   1.0405500040255584E+00
    1700.0000000000000000   3.4230535012110124E+01   9.9433957464803002E-01
    1800.0000000000000000   3.5887295107274070E+01   9.5071440743009628E-01
    1843.9990000000000236   3.6611136663024020E+01   9.3369589281948040E-01
    1844.0009999999999764   3.6611169652476349E+01   9.3369503791578523E-01
    1900.0000000000000000   3.7530203958994356E+01   9.1234452684836487E-01
    2000.0000000000000000   3.9162931490858938E+01   8.7667388117192513E-01
    2100.0000000000000000   4.0784958480924658E+01   8.4408988901215998E-01
    2200.0000000000000000   4.2398476548751539E+01   8.1325322415862478E-01
    2300.0000000000000000   4.4000681548717324E+01   7.8591168741249184E-01
    2400.0000000000000000   4.5595451316846294E+01   7.5976750840328433E-01
    2475.9989999999997963   4.6801498458663765E+01   7.4130060680062404E-01
    2476.0010000000002037   4.6801530082003048E+01   7.4130015505579383E-01
    2500.0000000000000000   4.7181375261930960E+01   7.3568951873326016E-01
    2526.9989999999997963   4.7608111403752417E+01   7.2950167083530815E-01
    2527.0010000000002037   4.7608143050693201E+01   7.2950118233777073E-01
    2600.0000000000000000   4.8759223956701931E+01   7.1328994941379120E-01
    2631.9989999999997963   4.9262851521531999E+01   7.0624427743742690E-01
    2632.0010000000002037   4.9262883297055708E+01   7.0624367752974648E-01
    2700.0000000000000000   5.0329393267953357E+01   6.9239115526231121E-01
    2800.0000000000000000   5.1891757643429465E+01   6.7306307749018235E-01
    2871.9989999999997963   5.3013419463127200E+01   6.5932530040336235E-01
    2872.0010000000002037   5.3013450634327512E+01   6.5932489401261274E-01
    2900.0000000000000000   5.3448437775283686E+01   6.5427550684192615E-01
    3000.0000000000000000   5.4997279172920010E+01   6.3718472857945829E-01
    3100.0000000000000000   5.6541284305472708E+01   6.2033354891673409E-01
    3200.0000000000000000   5.8077823323394462E+01   6.0498296761953085E-01
    3300.0000000000000000   5.9609419717078012E+01   5.9006112561168489E-01
    3400.0000000000000000   6.1135040491921536E+01   5.7603191483671345E-01
    3500.0000000000000000   6.2654521144039734E+01   5.6298204777936534E-01
    3600.0000000000000000   6.4168870504803635E+01   5.5051616760922073E-01
    3700.0000000000000000   6.5678941755999645E+01   5.3833943315528365E-01
    3800.0000000000000000   6.7183844212697167E+01   5.2675385520523443E-01
    3900.0000000000000000   6.8682931838235547E+01   5.1613705488574180E-01
    4000.0000000000000000   7.0178108077605444E+01   5.0572532103636780E-01
    4100.0000000000000000   7.1669557072926267E+01   4.9546803375608051E-01
    4200.0000000000000000   7.3155753362763789E+01   4.8593168837971640E-01
    4300.0000000000000000   7.4637128392832921E+01   4.7706154704916448E-01
    4400.0000000000000000   7.6117323508017762E+01   4.6747661461691331E-01
    4500.0000000000000000   7.7589933693918837E+01   4.5952952088629595E-01
    4600.0000000000000000   7.9060815904481501E+01   4.5118909194519918E-01
    4700.0000000000000000   8.0525484800913432E+01   4.4388520861741715E-01
    4800.0000000000000000   8.1989033523892147E+01   4.3608390440149136E-01
    4900.0000000000000000   8.3449117428330297E+01   4.2851801380654847E-01
    5000.0000000000000000   8.4905200746076261E+01   4.2136556921373897E-01
    5100.0000000000000000   8.6357439530406566E+01   4.1458988466361474E-01
    5200.0000000000000000   8.7805915552585063E+01   4.0817849626126967E-01
    5300.0000000000000000   8.9250823016743965E+01   4.0208053509820368E-01
    5400.0000000000000000   9.0691709448876310E+01   3.9643144182185147E-01
    5500.0000000000000000   9.2133121314053540E+01   3.8990776171716690E-01
    5600.0000000000000000   9.3569707581649368E+01   3.8409253679204053E-01
    5700.0000000000000000   9.5000860342510535E+01   3.7910826246937585E-01
    5800.0000000000000000   9.6433483251810571E+01   3.7309273404610577E-01
    5900.0000000000000000   9.7858111360106577E+01   3.6868794858613380E-01
    6000.0000000000000000   9.9285548368989126E+01   3.6293596064811734E-01
    6100.0000000000000000   1.0070896783609589E+02   3.5764367277553472E-01
    6200.0000000000000000   1.0212378797098707E+02   3.5402703327934670E-01
    6300.0000000000000000   1.0354283639487721E+02   3.4878518993902008E-01
    6400.0000000000000000   1.0495747300408624E+02   3.4419718513511943E-01
    6500.0000000000000000   1.0636925482500713E+02   3.3967437009563961E-01
    6600.0000000000000000   1.0777975545394015E+02   3.3513228570949527E-01
    6700.0000000000000000   1.0918614439983190E+02   3.3100868129679373E-01
    6800.0000000000000000   1.1059073865522852E+02   3.2690331817732193E-01
    6900.0000000000000000   1.1199198994352568E+02   3.2315995753339055E-01
    7000.0000000000000000   1.1339081789861143E+02   3.1949103333721990E-01
    7100.0000000000000000   1.1478792381160592E+02   3.1583552188611408E-01
    7200.0000000000000000   1.1618132579509573E+02   3.1258614933137530E-01
    7300.0000000000000000   1.1757250194296125E+02   3.0937966204857970E-01
    7400.0000000000000000   1.1896850369066036E+02   3.0477696915718822E-01
    7500.0000000000000000   1.2035462548698646E+02   3.0186947394287178E-01
    7600.0000000000000000   1.2174004975969417E+02   2.9893686165375877E-01
    7700.0000000000000000   1.2312771380842199E+02   2.9491216138544424E-01
    7800.0000000000000000   1.2450803435328025E+02   2.9220285858828815E-01
    7900.0000000000000000   1.2588660050375879E+02   2.8965268094799951E-01
    8000.0000000000000000   1.2726739866909649E+02   2.8608768992913874E-01
    8100.0000000000000000   1.2864079107623638E+02   2.8372246678127178E-01
    8200.0000000000000000   1.3001881229269665E+02   2.8027978827166972E-01
    8300.0000000000000000   1.3138983515954538E+02   2.7784721830310960E-01
    8400.0000000000000000   1.3276244803561249E+02   2.7462518560782445E-01
    8500.0000000000000000   1.3413311375592326E+02   2.7153746695078634E-01
    8600.0000000000000000   1.3549613000204494E+02   2.6988493967527827E-01
    8700.0000000000000000   1.3686500485208163E+02   2.6677824511741344E-01
    8800.0000000000000000   1.3823116179378673E+02   2.6366777106542644E-01
    8900.0000000000000000   1.3958585243856382E+02   2.6257428777970687E-01
    9000.0000000000000000   1.4095021068246368E+02   2.5929514694877598E-01
    9100.0000000000000000   1.4230872854015070E+02   2.5699931418142680E-01
    9200.0000000000000000   1.4366886647757852E+02   2.5416402845481861E-01
    9300.0000000000000000   1.4502271920377677E+02   2.5228735594446433E-01
    9400.0000000000000000   1.4637256999565517E+02   2.5078429353181003E-01
    9500.0000000000000000   1.4772731127060280E+02   2.4804899414209314E-01
    9600.0000000000000000   1.4907905799770029E+02   2.4568844446592894E-01
    9700.0000000000000000   1.5042811609310201E+02   2.4351077316166844E-01
    9800.0000000000000000   1.5177450968064525E+02   2.4158990764444110E-01
    9900.0000000000000000   1.5312018465408704E+02   2.3957377013637324E-01
   10000.0000000000000000   1.5446485473072534E+02   2.3752337408916330E-01
   11000.0000000000000000   1.6783639816412867E+02   2.1864440975993849E-01
   12000.0000000000000000   1.8106946358601041E+02   2.0361688022055235E-01
   13000.0000000000000000   1.9418578965816491E+02   1.9048272329858354E-01
   14000.0000000000000000   2.0719946695469210E+02   1.7850389579806611E-01
   15000.0000000000000000   2.2010846125733937E+02   1.6850208456138610E-01
   16000.0000000000000000   2.3293375665024004E+02   1.5970293739144437E-01
   17000.0000000000000000   2.4566809349551434E+02   1.5166207553199768E-01
   18000.0000000000000000   2.5832473293377097E+02   1.4525016681448477E-01
   19000.0000000000000000   2.7092085873867887E+02   1.3765192523298833E-01
   20000.0000000000000000   2.8344300500740997E+02   1.3189827696411704E-01
   20005.9989999999997963   2.8351946322022701E+02   1.3170026450570529E-01
   20006.0010000000002037   2.8351948864745680E+02   1.3170021028071988E-01
   21000.0000000000000000   2.9589051218623285E+02   1.2753675332793979E-01
   22000.0000000000000000   3.0829618349070574E+02   1.2139974625047417E-01
   23000.0000000000000000   3.2062308459888885E+02   1.1664057672610204E-01
   24000.0000000000000000   3.3291519195101461E+02   1.1270716397294427E-01
   25000.0000000000000000   3.4514351104366261E+02   1.0964248065992971E-01
   26000.0000000000000000   3.5733031278381549E+02   1.0605892046467293E-01
   27000.0000000000000000   3.6947233078899757E+02   1.0181831266386587E-01
   28000.0000000000000000   3.8154203230168054E+02   9.9163536560264900E-02
   29000.0000000000000000   3.9360196023235318E+02   9.6710507644898774E-02
   30000.0000000000000000   4.0560971235381436E+02   9.2853863797583688E-02
   31000.0000000000000000   4.1759935523521517E+02   9.0370329684620901E-02
   32000.0000000000000000   4.2951109714346848E+02   8.7978170776414413E-02
   33000.0000000000000000   4.4137258804885198E+02   8.6852877754779192E-02
   34000.0000000000000000   4.5322771530727692E+02   8.4674186274549756E-02
   35000.0000000000000000   4.6507324271678749E+02   8.1265600757306072E-02
   36000.0000000000000000   4.7686034110549775E+02   8.0341885387898243E-02
   37000.0000000000000000   4.8864679287198504E+02   7.8788147499312650E-02
   38000.0000000000000000   5.0039602793003951E+02   7.5564871052034230E-02
   39000.0000000000000000   5.1205199615583638E+02   7.3956717528981586E-02
   40000.0000000000000000   5.2378204520835629E+02   7.2137690625796627E-02
   41000.0000000000000000   5.3538448540098636E+02   7.0429768141698990E-02
   42000.0000000000000000   5.4702821765619331E+02   6.9874849294672428E-02
   43000.0000000000000000   5.5857050051461988E+02   6.7775619115157185E-02
   44000.0000000000000000   5.7018890037807978E+02   6.6175986878496740E-02
   45000.0000000000000000   5.8173552896219564E+02   6.5322218616557334E-02
   46000.0000000000000000   5.9319906572294906E+02   6.3975478866143923E-02
   47000.0000000000000000   6.0466154773303231E+02   6.3580660224122149E-02
   48000.0000000000000000   6.1617416311132149E+02   6.1855801927502715E-02
   49000.0000000000000000   6.2762468881143616E+02   6.1361416877143145E-02
   50000.0000000000000000   6.3908047517291322E+02   5.9439364708576387E-02
