       0.1000000000000000   3.2565874986069247E+01   8.9467279314440595E-04
       0.2000000000000000   2.8642077689622482E+01   1.7504539160175894E-03
       0.3000000000000000   2.7324026755587184E+01   2.6019908669255723E-03
       0.4000000000000000   2.6807936546534133E+01   3.4165853619772123E-03
       0.5000000000000000   2.6536009809147259E+01   4.2232604146322742E-03
       0.6000000000000000   2.6381306898144771E+01   5.0235948670068181E-03
       0.7000000000000000   2.6294133140233843E+01   5.8190434645329020E-03
       0.7999999999999999   2.6247255850896746E+01   6.6106280291772807E-03
       0.8999999999999999   2.6228082330512784E+01   7.3971346570321853E-03
       0.9999999999999999   2.6224687900715391E+01   8.1817077572436860E-03
       2.0000000000000000   2.6447118917690844E+01   1.5947707778225954E-02
       3.0000000000000000   2.6612458821272927E+01   2.3787074656573533E-02
       4.0000000000000000   2.6618969933583791E+01   3.1890797638698079E-02
       5.0000000000000000   2.6488977493162302E+01   4.0378476529735641E-02
       6.0000000000000000   2.6253261858983933E+01   4.9334165622132629E-02
       7.0000000000000000   2.5938848194738515E+01   5.8816597970848782E-02
       8.0000000000000000   2.5565983935896387E+01   6.8873394293229917E-02
       9.0000000000000000   2.5150314189747942E+01   7.9544592087208224E-02
      10.0000000000000000   2.4703559608337272E+01   9.0866871944023764E-02
      11.0000000000000000   2.4234870835764585E+01   1.0287403097709674E-01
      12.0000000000000000   2.3751224038644875E+01   1.1559859142341528E-01
      13.0000000000000000   2.3258069493494652E+01   1.2907312067922280E-01
      14.0000000000000000   2.2759391598533782E+01   1.4333242738936430E-01
      15.0000000000000000   2.2258264980688349E+01   1.5841330028241379E-01
      16.0000000000000000   2.1757067500564325E+01   1.7435465437134759E-01
      17.0000000000000000   2.1257492188050353E+01   1.9119973460106723E-01
      18.0000000000000000   2.0760835048142155E+01   2.0899551711635037E-01
      19.0000000000000000   2.0267991530733592E+01   2.2779386191215015E-01
      20.0000000000000000   1.9779581840775418E+01   2.4765239617713319E-01
      21.0000000000000000   1.9295998052286549E+01   2.6863504925074011E-01
      22.0000000000000000   1.8817487290894572E+01   2.9081234020918678E-01
      23.0000000000000000   1.8344160983577002E+01   3.1426257232731691E-01
      24.0000000000000000   1.7876022832871282E+01   3.3907297785963886E-01
      25.0000000000000000   1.7413016364260027E+01   3.6534010569159076E-01
      26.0000000000000000   1.6955036965213331E+01   3.9317100016155604E-01
      27.0000000000000000   1.6501949931348580E+01   4.2268423717756665E-01
      28.0000000000000000   1.6053607879997656E+01   4.5401098463943806E-01
      29.0000000000000000   1.5609858532504751E+01   4.8729625052986830E-01
      30.0000000000000000   1.5170563238305039E+01   5.2269994200187619E-01
      31.0000000000000000   1.4735602033244191E+01   5.6039807053694379E-01
      32.0000000000000000   1.4304891874251513E+01   6.0058356646579980E-01
      33.0000000000000000   1.3878390644322989E+01   6.4346719641994421E-01
      34.0000000000000000   1.3456114803135309E+01   6.8927769680342998E-01
      35.0000000000000000   1.3038150520751890E+01   7.3826137840441597E-01
      36.0000000000000000   1.2624668850909041E+01   7.9068064412480510E-01
      37.0000000000000000   1.2215941323364225E+01   8.4681101789321811E-01
      38.0000000000000000   1.1812356623415079E+01   9.0693612644915178E-01
      39.0000000000000000   1.1414436588886945E+01   9.7134000594190784E-01
      40.0000000000000000   1.1022851465494671E+01   1.0402960570739126E+00
      41.0000000000000000   1.0638429846045341E+01   1.1140521754127524E+00
      41.9990000000000023   1.0262533893299613E+01   1.1927304612665253E+00
      42.0000000000000000   1.0262162067227296E+01   1.1928117722842133E+00
      42.0009999999999977   1.0261790250441498E+01   1.1928930884493714E+00
      43.0000000000000000   9.8951917856048173E+00   1.2767111733335599E+00
      44.0000000000000000   9.5387919807162085E+00   1.3657947099543140E+00
      44.9990000000000023   9.1946599210768110E+00   1.4598934708203024E+00
      45.0000000000000000   9.1943218720814510E+00   1.4599901621875397E+00
      45.0009999999999977   9.1939838364039321E+00   1.4600868584698443E+00
      46.0000000000000000   8.8631652813243029E+00   1.5590880635574844E+00
      47.0000000000000000   8.5466528294331798E+00   1.6627292379330869E+00
      48.0000000000000000   8.2459766084239554E+00   1.7704043302881909E+00
      49.0000000000000000   7.9621088836127605E+00   1.8814674656380030E+00
      50.0000000000000000   7.6957373735073817E+00   1.9951634950660995E+00
      51.0000000000000000   7.4472270271639989E+00   2.1106654752105705E+00
      52.0000000000000000   7.2166128245950931E+00   2.2271170257666331E+00
      53.0000000000000000   7.0036215318340638E+00   2.3436737169231154E+00
      54.0000000000000000   6.8077155786418322E+00   2.4595386030776849E+00
      55.0000000000000000   6.6281495820266398E+00   2.5739889216038825E+00
      56.0000000000000000   6.4640304792914973E+00   2.6863930248195129E+00
      57.0000000000000000   6.3143741916251512E+00   2.7962181205420431E+00
      58.0000000000000000   6.1781539042624605E+00   2.9030309516552637E+00
      59.0000000000000000   6.0543389697521226E+00   3.0064928216248452E+00
      60.0000000000000000   5.9419238392511797E+00   3.1063511992242221E+00
      61.0000000000000000   5.8399475197851327E+00   3.2024299086348873E+00
      62.0000000000000000   5.7475062905529324E+00   3.2946183154578796E+00
      63.0000000000000000   5.6637603735216571E+00   3.3828609525301818E+00
      64.0000000000000000   5.5879364252092056E+00   3.4671478354606933E+00
      65.0000000000000000   5.5193270917566304E+00   3.5475057733552364E+00
      66.0000000000000000   5.4572885961935294E+00   3.6239907754009404E+00
      67.0000000000000000   5.4012371253967562E+00   3.6966815476335095E+00
      67.9989999999999952   5.3506925925484108E+00   3.7656068318238307E+00
      68.0000000000000000   5.3506445639334892E+00   3.7656740122683754E+00
      68.0010000000000048   5.3505965402966105E+00   3.7657411891224672E+00
      69.0000000000000000   5.3050339543367189E+00   3.8310767500153324E+00
      70.0000000000000000   5.2639749434425411E+00   3.8930072528850248E+00
      71.0000000000000000   5.2270793781039906E+00   3.9515888758877824E+00
      72.0000000000000000   5.1939971531356202E+00   4.0069483811282618E+00
      73.0000000000000000   5.1644123599414611E+00   4.0592139795385469E+00
      74.0000000000000000   5.1380397604155696E+00   4.1085137861138463E+00
      75.0000000000000000   5.1146215758605287E+00   4.1549746269901338E+00
      76.0000000000000000   5.0939246497760289E+00   4.1987210727570492E+00
      77.0000000000000000   5.0757377894489872E+00   4.2398748070478840E+00
      78.0000000000000000   5.0598695010917139E+00   4.2785540719806434E+00
      79.0000000000000000   5.0461459150711470E+00   4.3148733166592637E+00
      80.0000000000000000   5.0344089495450062E+00   4.3489429541190647E+00
      81.0000000000000000   5.0245146768294076E+00   4.3808692133286185E+00
      82.0000000000000000   5.0163318722250221E+00   4.4107540663932738E+00
      83.0000000000000000   5.0097407229459971E+00   4.4386952146895018E+00
      84.0000000000000000   5.0046316797305410E+00   4.4647861209207038E+00
      85.0000000000000000   5.0009044372935163E+00   4.4891160761817526E+00
      86.0000000000000000   4.9984670253839187E+00   4.5117702935682624E+00
      87.0000000000000000   4.9972349982385413E+00   4.5328300229296250E+00
      88.0000000000000000   4.9971307196854111E+00   4.5523726713804038E+00
      89.0000000000000000   4.9980827089709834E+00   4.5704719497124602E+00
      90.0000000000000000   5.0000250716391985E+00   4.5871980082556583E+00
      91.0000000000000000   5.0028969837285482E+00   4.6026175841041868E+00
      92.0000000000000000   5.0066422304408151E+00   4.6167941476095091E+00
      93.0000000000000000   5.0112087926269897E+00   4.6297880480662936E+00
      94.0000000000000000   5.0165484754737246E+00   4.6416566572784346E+00
      95.0000000000000000   5.0226165746229521E+00   4.6524545100090062E+00
      96.0000000000000000   5.0293715755964818E+00   4.6622334405764025E+00
      97.0000000000000000   5.0367748828229670E+00   4.6710427150661813E+00
      98.0000000000000000   5.0447905748089399E+00   4.6789291588125961E+00
      99.0000000000000000   5.0533851840146546E+00   4.6859372788082778E+00
     100.0000000000000000   5.0625274952222989E+00   4.6921093811898205E+00
     103.9989999999999952   5.1040073570502704E+00   4.7092099675800227E+00
     104.0010000000000048   5.1040299039593293E+00   4.7092157249316031E+00
     110.0000000000000000   5.1785000699627322E+00   4.7157927190066964E+00
     120.0000000000000000   5.3263443440865501E+00   4.6897710461295787E+00
     130.0000000000000000   5.4942710415029339E+00   4.6333475931871480E+00
     140.0000000000000000   5.6753685410119621E+00   4.5585660985765539E+00
     150.0000000000000000   5.8575283613873470E+00   4.4935068530500653E+00
     153.9989999999999952   5.9406423410064253E+00   4.4473286780544301E+00
     154.0010000000000048   5.9406919194448893E+00   4.4472884428173591E+00
     160.0000000000000000   6.0577143252158061E+00   4.3967949921639748E+00
     167.9989999999999952   6.2170334667948755E+00   4.3258461949866165E+00
     168.0010000000000048   6.2170823114630851E+00   4.3258093425861324E+00
     169.9989999999999952   6.2587234641307328E+00   4.3046711631600134E+00
     170.0000000000000000   6.2587478406870112E+00   4.3046529837562755E+00
     170.0010000000000048   6.2587722157862471E+00   4.3046348067002560E+00
     180.0000000000000000   6.4603132447760894E+00   4.2170060691821325E+00
     190.0000000000000000   6.6683840239319458E+00   4.1204153658562115E+00
     200.0000000000000000   6.8758808183522486E+00   4.0296368737298662E+00
     210.0000000000000000   7.0827661769185477E+00   3.9441796174735120E+00
     220.0000000000000000   7.2890216228655920E+00   3.8635966498515546E+00
     230.0000000000000000   7.4946411959505879E+00   3.7874837756013005E+00
     231.9989999999999952   7.5407387293997727E+00   3.7624108190391374E+00
     232.0010000000000048   7.5407848227396288E+00   3.7623859126307004E+00
     233.9989999999999952   7.5817108629342904E+00   3.7479651580388182E+00
     234.0010000000000048   7.5817568812200173E+00   3.7479405213967669E+00
     236.9989999999999952   7.6406399847278834E+00   3.7316384144365671E+00
     237.0010000000000048   7.6406858806175570E+00   3.7316141349718541E+00
     240.0000000000000000   7.7045025444400181E+00   3.7055456006339460E+00
     250.0000000000000000   7.9133352873303133E+00   3.6283605651592210E+00
     260.0000000000000000   8.1211799550569914E+00   3.5555106520497151E+00
     270.0000000000000000   8.3280765450935359E+00   3.4866254780272956E+00
     280.0000000000000000   8.5383586639623292E+00   3.4131073721391116E+00
     290.0000000000000000   8.7433269443386799E+00   3.3515446586646687E+00
     300.0000000000000000   8.9515232884015479E+00   3.2854151478554798E+00
     310.0000000000000000   9.1547250867422481E+00   3.2300283471995090E+00
     320.0000000000000000   9.3610022038838991E+00   3.1701735453737756E+00
     330.0000000000000000   9.5663351008166249E+00   3.1132313385000714E+00
     340.0000000000000000   9.7707607880953411E+00   3.0589849346369999E+00
     350.0000000000000000   9.9743143058712818E+00   3.0072388528631895E+00
     360.0000000000000000   1.0177028806024710E+01   2.9578163675167128E+00
     370.0000000000000000   1.0382412890117429E+01   2.9045758693992969E+00
     380.0000000000000000   1.0583464407790986E+01   2.8595173269782386E+00
     390.0000000000000000   1.0783767279295560E+01   2.8163344257876179E+00
     398.9990000000000236   1.0965704884224309E+01   2.7751385102914488E+00
     399.0009999999999764   1.0965746716658144E+01   2.7751270881200027E+00
     400.0000000000000000   1.0986638060033027E+01   2.7694343798789243E+00
     410.0000000000000000   1.1185447790908098E+01   2.7298076498340329E+00
     415.9990000000000236   1.1306954432537900E+01   2.7025925000215851E+00
     416.0009999999999764   1.1306995968721836E+01   2.7025817924714279E+00
     420.0000000000000000   1.1386767173807538E+01   2.6865398853057938E+00
     430.0000000000000000   1.1587331059881530E+01   2.6449890257571447E+00
     440.0000000000000000   1.1784047970605950E+01   2.6099732828605560E+00
     450.0000000000000000   1.1983202191441972E+01   2.5714338030797985E+00
     460.0000000000000000   1.2181666225042658E+01   2.5343296178178778E+00
     470.0000000000000000   1.2379459521056100E+01   2.4985797928851086E+00
     480.0000000000000000   1.2576601503672551E+01   2.4641082402714396E+00
     490.0000000000000000   1.2770205727236323E+01   2.4352064101002404E+00
     500.0000000000000000   1.2966133771195011E+01   2.4029892951478153E+00
     510.0000000000000000   1.3161462680271509E+01   2.3718596147328355E+00
     510.9989999999999668   1.3181506972660200E+01   2.3679761681839024E+00
     511.0009999999999195   1.3181547095282797E+01   2.3679684075338869E+00
     520.0000000000000000   1.3356208506206690E+01   2.3417610272393565E+00
     530.0000000000000000   1.3553156376237013E+01   2.3086412673295049E+00
     540.0000000000000000   1.3746747677331388E+01   2.2805332605457567E+00
     550.0000000000000000   1.3939799872607763E+01   2.2533068068159539E+00
     560.0000000000000000   1.4132326385810014E+01   2.2269196138526643E+00
     570.0000000000000000   1.4324340171573640E+01   2.2013320116980455E+00
     580.0000000000000000   1.4518488872945021E+01   2.1728799586254910E+00
     590.0000000000000000   1.4709482610284459E+01   2.1488479149519155E+00
     600.0000000000000000   1.4899999080318574E+01   2.1255092170710412E+00
     610.0000000000000000   1.5090048578702008E+01   2.1028342515788636E+00
     620.0000000000000000   1.5282174441101636E+01   2.0774211692959472E+00
     630.0000000000000000   1.5471295223277869E+01   2.0560394838878615E+00
     640.0000000000000000   1.5662467129105956E+01   2.0319891114602022E+00
     650.0000000000000000   1.5850696306475855E+01   2.0117947359374080E+00
     660.0000000000000000   1.6040959572962844E+01   1.9889869224365579E+00
     670.0000000000000000   1.6228330889321310E+01   1.9698866942850677E+00
     680.0000000000000000   1.6417722449567577E+01   1.9482212101457352E+00
     690.0000000000000000   1.6604271089900866E+01   1.9301273688547340E+00
     700.0000000000000000   1.6792822460289880E+01   1.9095183098114039E+00
     710.0000000000000000   1.6978582474678923E+01   1.8923508932778723E+00
     720.0000000000000000   1.7166322979624891E+01   1.8727213839137571E+00
     730.0000000000000000   1.7351327195249926E+01   1.8564074628113159E+00
     740.0000000000000000   1.7538283633409524E+01   1.8376891673958016E+00
     750.0000000000000000   1.7724863249652177E+01   1.8194117665574947E+00
     760.0000000000000000   1.7908761984341844E+01   1.8042924075094660E+00
     770.0000000000000000   1.8094599765139851E+01   1.7868288506326875E+00
     780.0000000000000000   1.8280073562416032E+01   1.7697681414969484E+00
     790.0000000000000000   1.8462930504048110E+01   1.7557122934842491E+00
     800.0000000000000000   1.8647701559560634E+01   1.7393808710103342E+00
     810.0000000000000000   1.8832126625998288E+01   1.7234122581151752E+00
     820.0000000000000000   1.9016202779986592E+01   1.7078036628379407E+00
     830.0000000000000000   1.9197748728833290E+01   1.6950050446498994E+00
     840.0000000000000000   1.9381175522977077E+01   1.6800225682253063E+00
     850.0000000000000000   1.9564275576156454E+01   1.6653599654732245E+00
     860.0000000000000000   1.9747049141044794E+01   1.6510120528354786E+00
     870.0000000000000000   1.9929501433341191E+01   1.6369683844115102E+00
     880.0000000000000000   2.0111643184650543E+01   1.6232128358238236E+00
     890.0000000000000000   2.0291381487453265E+01   1.6120028529304919E+00
     900.0000000000000000   2.0472936432309567E+01   1.5987571464157713E+00
     910.0000000000000000   2.0654191159600277E+01   1.5857778785387968E+00
     920.0000000000000000   2.0835149483109660E+01   1.5730574943756062E+00
     930.0000000000000000   2.1015816201333621E+01   1.5605875778028599E+00
     940.0000000000000000   2.1196197134417609E+01   1.5483588621455782E+00
     950.0000000000000000   2.1376298453365969E+01   1.5363619922737237E+00
     960.0000000000000000   2.1556125324004576E+01   1.5245889052624484E+00
     970.0000000000000000   2.1735681488177097E+01   1.5130331877325580E+00
     980.0000000000000000   2.1914969889849765E+01   1.5016893860139868E+00
     990.0000000000000000   2.2093993372693163E+01   1.4905522797993678E+00
    1000.0000000000000000   2.2272754960013454E+01   1.4796165968629931E+00
    1100.0000000000000000   2.4046666336518072E+01   1.3802293355790727E+00
    1200.0000000000000000   2.5799573159718527E+01   1.2942958593484271E+00
    1300.0000000000000000   2.7533752219748269E+01   1.2189299243250025E+00
    1400.0000000000000000   2.9251098137627483E+01   1.1520120128692122E+00
    1500.0000000000000000   3.0951423241006093E+01   1.0933474668724894E+00
    1600.0000000000000000   3.2637784399582820E+01   1.0402705871852613E+00
    1700.0000000000000000   3.4308248998222297E+01   9.9407380408173918E-01
    1800.0000000000000000   3.5968598879413207E+01   9.5046091748016959E-01
    1843.9990000000000236   3.6694004899502801E+01   9.3344742664543101E-01
    1844.0009999999999764   3.6694037960572366E+01   9.3344657196520386E-01
    1900.0000000000000000   3.7615060256324270E+01   9.1210215205772127E-01
    2000.0000000000000000   3.9251318043147492E+01   8.7644161850033564E-01
    2100.0000000000000000   4.0876849199061049E+01   8.4386686862903604E-01
    2200.0000000000000000   4.2493853927893873E+01   8.1303868656649425E-01
    2300.0000000000000000   4.4099514289346558E+01   7.8570496531505796E-01
    2400.0000000000000000   4.5697724534820878E+01   7.5956801217855707E-01
    2475.9989999999997963   4.6906371414428847E+01   7.4110624876632247E-01
    2476.0010000000002037   4.6906403105796215E+01   7.4110579715295910E-01
    2500.0000000000000000   4.7287066781305946E+01   7.3549672468034322E-01
    2526.9989999999997963   4.7714722226640916E+01   7.2931060402330550E-01
    2527.0010000000002037   4.7714753941885263E+01   7.2931011565248127E-01
    2600.0000000000000000   4.8868314209170691E+01   7.1310339015810120E-01
    2631.9989999999997963   4.9373027030939340E+01   7.0605962265117339E-01
    2632.0010000000002037   4.9373058875677359E+01   7.0605902286121680E-01
    2700.0000000000000000   5.0441863681193603E+01   6.9221041185808008E-01
    2800.0000000000000000   5.2007588374508614E+01   6.7288777287049073E-01
    2871.9989999999997963   5.3131664119188237E+01   6.5915369880673080E-01
    2872.0010000000002037   5.3131695357604393E+01   6.5915329251650712E-01
    2900.0000000000000000   5.3567617804748110E+01   6.5410530034810010E-01
    3000.0000000000000000   5.5119787254134430E+01   6.3701931136214052E-01
    3100.0000000000000000   5.6667112031246077E+01   6.2017264004628181E-01
    3200.0000000000000000   5.8206950046521534E+01   6.0482631077773308E-01
    3300.0000000000000000   5.9741835553698792E+01   5.8990848626304493E-01
    3400.0000000000000000   6.1270730513046360E+01   5.7588307779781478E-01
    3500.0000000000000000   6.2793469279998568E+01   5.6283681512059358E-01
    3600.0000000000000000   6.4311064782342896E+01   5.5037435683549474E-01
    3700.0000000000000000   6.5824373620592880E+01   5.3820087562219776E-01
    3800.0000000000000000   6.7332500816055628E+01   5.2661839473480421E-01
    3900.0000000000000000   6.8834797155018535E+01   5.1600454655215211E-01
    4000.0000000000000000   7.0333174212373109E+01   5.0559563009715081E-01
    4100.0000000000000000   7.1827816654426556E+01   4.9534103470820134E-01
    4200.0000000000000000   7.3317192005509966E+01   4.8580726412336489E-01
    4300.0000000000000000   7.4801733370827023E+01   4.7693958814475879E-01
    4400.0000000000000000   7.6285097929709082E+01   4.6735701862305756E-01
    4500.0000000000000000   7.7760852168141497E+01   4.5941219176827847E-01
    4600.0000000000000000   7.9234878669355567E+01   4.5107393954515840E-01
    4700.0000000000000000   8.0702672112528859E+01   4.4377214817857408E-01
    4800.0000000000000000   8.2169347887020692E+01   4.3597285613993270E-01
    4900.0000000000000000   8.3632550825095208E+01   4.2840890252493630E-01
    5000.0000000000000000   8.5091742623727200E+01   4.2125832395209301E-01
    5100.0000000000000000   8.6547079856337447E+01   4.1448443838295662E-01
    5200.0000000000000000   8.7998644494510273E+01   4.0807478555646881E-01
    5300.0000000000000000   8.9446631443353368E+01   4.0197849993683166E-01
    5400.0000000000000000   9.0890586095950113E+01   3.9633102530625397E-01
    5500.0000000000000000   9.2335074733255865E+01   3.8980890986730887E-01
    5600.0000000000000000   9.3774722693885195E+01   3.8399519834697315E-01
    5700.0000000000000000   9.5208919282547569E+01   3.7901238870543263E-01
    5800.0000000000000000   9.6644598302470172E+01   3.7299827861015528E-01
    5900.0000000000000000   9.8072253190310278E+01   3.6859486734240959E-01
    6000.0000000000000000   9.9502734875745219E+01   3.6284421153731350E-01
    6100.0000000000000000   1.0092918689015998E+02   3.5755321568500104E-01
    6200.0000000000000000   1.0234700729031802E+02   3.5393782992334549E-01
    6300.0000000000000000   1.0376907974111745E+02   3.4869720374811675E-01
    6400.0000000000000000   1.0518672622136762E+02   3.4411038115388254E-01
    6500.0000000000000000   1.0660151047673307E+02   3.3958871488790582E-01
    6600.0000000000000000   1.0801501288922277E+02   3.3504774727053427E-01
    6700.0000000000000000   1.0942439050702815E+02   3.3092522897177790E-01
    6800.0000000000000000   1.1083197036257140E+02   3.2682092258556167E-01
    6900.0000000000000000   1.1223619733326548E+02   3.2307859049784937E-01
    7000.0000000000000000   1.1363799498997092E+02   3.1941066781887278E-01
    7100.0000000000000000   1.1503806760565284E+02   3.1575613192275315E-01
    7200.0000000000000000   1.1643442457024179E+02   3.1250770998050420E-01
    7300.0000000000000000   1.1782855035512782E+02   3.0930214933407085E-01
    7400.0000000000000000   1.1922752706243753E+02   3.0470036001940898E-01
    7500.0000000000000000   1.2061658496042685E+02   3.0179374619200999E-01
    7600.0000000000000000   1.2200494644380794E+02   2.9886199392610413E-01
    7700.0000000000000000   1.2339556153491688E+02   2.9483813310240115E-01
    7800.0000000000000000   1.2477880514764756E+02   2.9212964991791956E-01
    7900.0000000000000000   1.2616029067899207E+02   2.8958027276891235E-01
    8000.0000000000000000   1.2754402182561290E+02   2.8601606379654210E-01
    8100.0000000000000000   1.2892031881150521E+02   2.8365160489505431E-01
    8200.0000000000000000   1.3030126851115105E+02   2.8020967344635012E-01
    8300.0000000000000000   1.3167519312937435E+02   2.7777783393952954E-01
    8400.0000000000000000   1.3305071832517928E+02   2.7455651566646644E-01
    8500.0000000000000000   1.3442429149726334E+02   2.7146949592660147E-01
    8600.0000000000000000   1.3579018549937140E+02   2.6981765257392387E-01
    8700.0000000000000000   1.3716196706022265E+02   2.6671162743280680E-01
    8800.0000000000000000   1.3853102234735474E+02   2.6360180875852735E-01
    8900.0000000000000000   1.3988856494178074E+02   2.6250896725844719E-01
    9000.0000000000000000   1.4125582046807835E+02   2.5923045504906500E-01
    9100.0000000000000000   1.4261721355649030E+02   2.5693523814916153E-01
    9200.0000000000000000   1.4398023701416980E+02   2.5410055592883618E-01
    9300.0000000000000000   1.4533695120343810E+02   2.5222447494037803E-01
    9400.0000000000000000   1.4668964927697536E+02   2.5072199242667353E-01
    9500.0000000000000000   1.4804726217880940E+02   2.4798726165984258E-01
    9600.0000000000000000   1.4940187063623205E+02   2.4562726966355683E-01
    9700.0000000000000000   1.5075378185696542E+02   2.4345014541608287E-01
    9800.0000000000000000   1.5210302003511038E+02   2.4152981663997330E-01
    9900.0000000000000000   1.5345153946197402E+02   2.3951420585289135E-01
   10000.0000000000000000   1.5479905257688921E+02   2.3746432679076035E-01
   11000.0000000000000000   1.6819885501554776E+02   2.1859005227372189E-01
   12000.0000000000000000   1.8145983923214115E+02   2.0356648503271213E-01
   13000.0000000000000000   1.9460381246876207E+02   1.9043572277622822E-01
   14000.0000000000000000   2.0764490497437771E+02   1.7845983816452285E-01
   15000.0000000000000000   2.2058105609119377E+02   1.6846060411916766E-01
   16000.0000000000000000   2.3343332509932887E+02   1.5966373377953291E-01
   17000.0000000000000000   2.4619440820103659E+02   1.5162489890632064E-01
   18000.0000000000000000   2.5887761222084356E+02   1.4521480702520262E-01
   19000.0000000000000000   2.7150018464168147E+02   1.3761820376714848E-01
   20000.0000000000000000   2.8404859311989867E+02   1.3186604084424253E-01
   20005.9989999999997963   2.8412521498511035E+02   1.3166803687888062E-01
   20006.0010000000002037   2.8412524046663060E+02   1.3166798265672575E-01
   21000.0000000000000000   2.9652216760953615E+02   1.2750587042129868E-01
   22000.0000000000000000   3.0895384460710324E+02   1.2137010161364149E-01
   23000.0000000000000000   3.2130652575964189E+02   1.1661206972128754E-01
   24000.0000000000000000   3.3362436963012965E+02   1.1267970596781808E-01
   25000.0000000000000000   3.4587825286265047E+02   1.0961599317429188E-01
   26000.0000000000000000   3.5809053667177642E+02   1.0603333366333863E-01
   27000.0000000000000000   3.7025793645207943E+02   1.0179356412068256E-01
   28000.0000000000000000   3.8235279838032528E+02   9.9139570236559157E-02
   29000.0000000000000000   3.9443792790640691E+02   9.6687273039052571E-02
   30000.0000000000000000   4.0647073903889395E+02   9.2831315232334330E-02
   31000.0000000000000000   4.1848544005339159E+02   9.0348425706064925E-02
   32000.0000000000000000   4.3042198234329049E+02   8.7956873644271641E-02
   33000.0000000000000000   4.4230813080974133E+02   8.6832153007717669E-02
   34000.0000000000000000   4.5418795656124752E+02   8.4654002357641603E-02
   35000.0000000000000000   4.6605820718225385E+02   8.1245928701214776E-02
   36000.0000000000000000   4.7786984423698181E+02   8.0322698531379744E-02
   37000.0000000000000000   4.8968089302357782E+02   7.8769421248172530E-02
   38000.0000000000000000   5.0145462650053372E+02   7.5546582668919379E-02
   39000.0000000000000000   5.1313475545787094E+02   7.3938845949375415E-02
   40000.0000000000000000   5.2488933439745529E+02   7.2120216296378353E-02
   41000.0000000000000000   5.3651581824383038E+02   7.0412672877871674E-02
   42000.0000000000000000   5.4818382117814133E+02   6.9858116154584607E-02
   43000.0000000000000000   5.5974999649333154E+02   6.7759232287971191E-02
   44000.0000000000000000   5.7139266002230318E+02   6.6159931585005438E-02
   45000.0000000000000000   5.8296329690410778E+02   6.5306481020541360E-02
   46000.0000000000000000   5.9445053771494190E+02   6.3960045995101175E-02
   47000.0000000000000000   6.0593676500061929E+02   6.3565519898200418E-02
   48000.0000000000000000   6.1747338173319815E+02   6.1840942695633991E-02
   49000.0000000000000000   6.2894768993191326E+02   6.1346827959517798E-02
   50000.0000000000000000   6.4042732320952894E+02   5.9425035944714447E-02
