       0.1000000000000000   2.3931324208582680E+01   1.2169907303368039E-03
       0.2000000000000000   2.1078710960792471E+01   2.3760882667272325E-03
       0.3000000000000000   2.0138250806564574E+01   3.5243741961854523E-03
       0.4000000000000000   1.9786149132475867E+01   4.6179625622473153E-03
       0.5000000000000000   1.9613289838133380E+01   5.6962665593734505E-03
       0.6000000000000000   1.9526491109645928E+01   6.7615337194748670E-03
       0.7000000000000000   1.9489333093264644E+01   7.8158104854661459E-03
       0.7999999999999999   1.9481826134927335E+01   8.8605534377423321E-03
       0.8999999999999999   1.9494697336314296E+01   9.8942255894132400E-03
       0.9999999999999999   1.9519224248083425E+01   1.0921097540366118E-02
       2.0000000000000000   1.9953473138365997E+01   2.0864322277262346E-02
       3.0000000000000000   2.0342037739032904E+01   3.0533487057890513E-02
       4.0000000000000000   2.0604637310356352E+01   4.0204530532629248E-02
       5.0000000000000000   2.0754032991036357E+01   5.0046910801549903E-02
       6.0000000000000000   2.0810641758892665E+01   6.0177011926466656E-02
       7.0000000000000000   2.0793060374539806E+01   7.0675596261575921E-02
       8.0000000000000000   2.0715506476066214E+01   8.1607420724150240E-02
       9.0000000000000000   2.0589296834871554E+01   9.3026632149481911E-02
      10.0000000000000000   2.0423187418239156E+01   1.0498235118850831E-01
      11.0000000000000000   2.0224304854543639E+01   1.1751945367063124E-01
      12.0000000000000000   1.9998344806762308E+01   1.3068073144989156E-01
      13.0000000000000000   1.9750019703781188E+01   1.4450820152816568E-01
      14.0000000000000000   1.9483028080088662E+01   1.5904568447802178E-01
      15.0000000000000000   1.9200452870976189E+01   1.7433831853246556E-01
      16.0000000000000000   1.8904889402727211E+01   1.9043273217694726E-01
      17.0000000000000000   1.8598421393091893E+01   2.0737936802817653E-01
      18.0000000000000000   1.8282833700469045E+01   2.2523176071045181E-01
      19.0000000000000000   1.7959580035438179E+01   2.4404776639483236E-01
      20.0000000000000000   1.7629880933819219E+01   2.6389044279080048E-01
      21.0000000000000000   1.7294745288060891E+01   2.8482860863119447E-01
      22.0000000000000000   1.6955033953816542E+01   3.0693713334946626E-01
      23.0000000000000000   1.6611461861515767E+01   3.3029819341663963E-01
      24.0000000000000000   1.6264617591311058E+01   3.5500244252312613E-01
      25.0000000000000000   1.5915002457994429E+01   3.8114942920819112E-01
      26.0000000000000000   1.5563040172126286E+01   4.0884881767432951E-01
      27.0000000000000000   1.5209092531543776E+01   4.3822145831731024E-01
      28.0000000000000000   1.4853475786613114E+01   4.6940048149874641E-01
      29.0000000000000000   1.4496468626146941E+01   5.0253258530912071E-01
      30.0000000000000000   1.4138331041704596E+01   5.3777911783659427E-01
      31.0000000000000000   1.3779310293667177E+01   5.7531731792705931E-01
      32.0000000000000000   1.3419660280689838E+01   6.1534114907006277E-01
      33.0000000000000000   1.3059647035950148E+01   6.5806224720272344E-01
      34.0000000000000000   1.2699567809307034E+01   7.0371007075184810E-01
      35.0000000000000000   1.2339763593372584E+01   7.5253152635275411E-01
      36.0000000000000000   1.1980635889264759E+01   8.0478950240208658E-01
      37.0000000000000000   1.1622663852161248E+01   8.6075991312593181E-01
      38.0000000000000000   1.1266422639380972E+01   9.2072669328646262E-01
      39.0000000000000000   1.0912601112409847E+01   9.8497411669723800E-01
      40.0000000000000000   1.0562019101923452E+01   1.0537757605181353E+00
      41.0000000000000000   1.0215639644915068E+01   1.1273796463681147E+00
      41.9990000000000023   9.8749130599328669E+00   1.2059081067056503E+00
      42.0000000000000000   9.8745750571019535E+00   1.2059892688953315E+00
      42.0009999999999977   9.8742370608317724E+00   1.2060704362347907E+00
      43.0000000000000000   9.5400817014546746E+00   1.2897410020754190E+00
      44.0000000000000000   9.2135395605643602E+00   1.3786791986347808E+00
      44.9990000000000023   8.8967250705730390E+00   1.4726350910518684E+00
      45.0000000000000000   8.8964131449534189E+00   1.4727316405695703E+00
      45.0009999999999977   8.8961012302446942E+00   1.4728281950046589E+00
      46.0000000000000000   8.5901937861005848E+00   1.5716888503161095E+00
      47.0000000000000000   8.2963253679156086E+00   1.6751916340853314E+00
      48.0000000000000000   8.0161215779422950E+00   1.7827306175608499E+00
      49.0000000000000000   7.7506857944990051E+00   1.8936599086973172E+00
      50.0000000000000000   7.5008458984297715E+00   2.0072243457126282E+00
      51.0000000000000000   7.2671140287603402E+00   2.1225969772913178E+00
      52.0000000000000000   7.0496761987836321E+00   2.2389214189454130E+00
      53.0000000000000000   6.8484102755372787E+00   2.3553532387776146E+00
      54.0000000000000000   6.6629261257090624E+00   2.4710954890790440E+00
      55.0000000000000000   6.4926189201761808E+00   2.5854254031177164E+00
      56.0000000000000000   6.3367268527538299E+00   2.6977113253288691E+00
      57.0000000000000000   6.1943862644817989E+00   2.8074204510079022E+00
      58.0000000000000000   6.0646792229754896E+00   2.9141195052494462E+00
      59.0000000000000000   5.9466723670869239E+00   3.0174697684573859E+00
      60.0000000000000000   5.8394462680532389E+00   3.1172186811784952E+00
      61.0000000000000000   5.7421156415978594E+00   3.2131900350617211E+00
      62.0000000000000000   5.6538429767130731E+00   3.3052731593289328E+00
      63.0000000000000000   5.5738461964393897E+00   3.3934125473138650E+00
      64.0000000000000000   5.5014021283026739E+00   3.4775981727610303E+00
      65.0000000000000000   5.4358469931169564E+00   3.5578568011537448E+00
      66.0000000000000000   5.3765748475824804E+00   3.6342443968868401E+00
      67.0000000000000000   5.3230347400088522E+00   3.7068396205347285E+00
      67.9989999999999952   5.2747729723344641E+00   3.7756712609968908E+00
      68.0000000000000000   5.2747271241286420E+00   3.7757383485947535E+00
      68.0010000000000048   5.2746812806995802E+00   3.7758054326039310E+00
      69.0000000000000000   5.2311999133540663E+00   3.8410491161678166E+00
      70.0000000000000000   5.1920444415348399E+00   3.9028893700052625E+00
      71.0000000000000000   5.1568915024542212E+00   3.9613824204779937E+00
      72.0000000000000000   5.1254075786537578E+00   4.0166549858102512E+00
      73.0000000000000000   5.0972913159450775E+00   4.0688352339497857E+00
      74.0000000000000000   5.0722702759472140E+00   4.1180512378977934E+00
      75.0000000000000000   5.0500979632626057E+00   4.1644297828656480E+00
      76.0000000000000000   5.0305511909966016E+00   4.2080953995764796E+00
      77.0000000000000000   5.0134275972773432E+00   4.2491697329616072E+00
      78.0000000000000000   4.9985435285282716E+00   4.2877709875561063E+00
      79.0000000000000000   4.9857320923843416E+00   4.3240135760125229E+00
      80.0000000000000000   4.9748414307707529E+00   4.3580078760360434E+00
      81.0000000000000000   4.9657331802596767E+00   4.3898600823694274E+00
      82.0000000000000000   4.9582811022112088E+00   4.4196721339775600E+00
      83.0000000000000000   4.9523698614131479E+00   4.4475417001439608E+00
      84.0000000000000000   4.9478939380202513E+00   4.4735622125172592E+00
      85.0000000000000000   4.9447566606614108E+00   4.4978229321332517E+00
      86.0000000000000000   4.9428693428708357E+00   4.5204090429967936E+00
      87.0000000000000000   4.9421505123678360E+00   4.5414017668029318E+00
      88.0000000000000000   4.9425252301814711E+00   4.5608784834179934E+00
      89.0000000000000000   4.9439244673728258E+00   4.5789128772568253E+00
      90.0000000000000000   4.9462845617325231E+00   4.5955750731190914E+00
      91.0000000000000000   4.9495467254928629E+00   4.6109317833805834E+00
      92.0000000000000000   4.9536566043359942E+00   4.6250464544580643E+00
      93.0000000000000000   4.9585638818639666E+00   4.6379794124665636E+00
      94.0000000000000000   4.9642219241692347E+00   4.6497880067576913E+00
      95.0000000000000000   4.9705874600023767E+00   4.6605267503427728E+00
      96.0000000000000000   4.9776202926564705E+00   4.6702474564631018E+00
      97.0000000000000000   4.9852830400576797E+00   4.6789993707768680E+00
      98.0000000000000000   4.9935408997409745E+00   4.6868292988202631E+00
      99.0000000000000000   5.0023614376670835E+00   4.6937817283796379E+00
     100.0000000000000000   5.0117143941380231E+00   4.6998989469768020E+00
     103.9989999999999952   5.0539006126322272E+00   4.7167877629975763E+00
     104.0010000000000048   5.0539234633628247E+00   4.7167934174110027E+00
     110.0000000000000000   5.1291195412083050E+00   4.7230740916296510E+00
     120.0000000000000000   5.2775401926388179E+00   4.6966080010719544E+00
     130.0000000000000000   5.4455141882040792E+00   4.6397922172947474E+00
     140.0000000000000000   5.6263130718000305E+00   4.5646615147469358E+00
     150.0000000000000000   5.8080124748532143E+00   4.4993201720071205E+00
     153.9989999999999952   5.8907472003905017E+00   4.4530387635679585E+00
     154.0010000000000048   5.8907964530871206E+00   4.4529984777331952E+00
     160.0000000000000000   6.0073618216218110E+00   4.4023576680098380E+00
     167.9989999999999952   6.1659889449270286E+00   4.3312251668285793E+00
     168.0010000000000048   6.1660374655502235E+00   4.3311882701995650E+00
     169.9989999999999952   6.2074711119690411E+00   4.3100063114931420E+00
     170.0000000000000000   6.2074953266166988E+00   4.3099881103785069E+00
     170.0010000000000048   6.2075195398308027E+00   4.3099699116117902E+00
     180.0000000000000000   6.4081100886109894E+00   4.2221335777166136E+00
     190.0000000000000000   6.6150905125039721E+00   4.1253525857268576E+00
     200.0000000000000000   6.8214765125722376E+00   4.0343989737227162E+00
     210.0000000000000000   7.0272344142066050E+00   3.9487799564439592E+00
     220.0000000000000000   7.2323486725260162E+00   3.8680470584700446E+00
     230.0000000000000000   7.4368156385603115E+00   3.7917947848612448E+00
     231.9989999999999952   7.4826037135001400E+00   3.7666951245964206E+00
     232.0010000000000048   7.4826494973509119E+00   3.7666701916564080E+00
     233.9989999999999952   7.5233446386112872E+00   3.7522231145789631E+00
     234.0010000000000048   7.5233903479177133E+00   3.7521984517694946E+00
     236.9989999999999952   7.5819642518630070E+00   3.7358575205524520E+00
     237.0010000000000048   7.5820098396764424E+00   3.7358332154520926E+00
     240.0000000000000000   7.6454403690358737E+00   3.7097266288041326E+00
     250.0000000000000000   7.8530354539888405E+00   3.6324200719733226E+00
     260.0000000000000000   8.0596419904874939E+00   3.5594562668281942E+00
     270.0000000000000000   8.2653004105114736E+00   3.4904641068725168E+00
     280.0000000000000000   8.4742804508402632E+00   3.4168452882012326E+00
     290.0000000000000000   8.6780138960660018E+00   3.3551875786069396E+00
     300.0000000000000000   8.8849158748348387E+00   3.2889682969908245E+00
     310.0000000000000000   9.0868865603794902E+00   3.2334965152683308E+00
     320.0000000000000000   9.2918769547499060E+00   3.1735611345406158E+00
     330.0000000000000000   9.4959275759077943E+00   3.1165424048460721E+00
     340.0000000000000000   9.6990753220079213E+00   3.0622232241845184E+00
     350.0000000000000000   9.9013551157997117E+00   3.0104078329808157E+00
     360.0000000000000000   1.0102799989333507E+01   2.9609192544029548E+00
     370.0000000000000000   1.0306868013719843E+01   2.9076156522222472E+00
     380.0000000000000000   1.0506658988729516E+01   2.8624967891510100E+00
     390.0000000000000000   1.0705705026809591E+01   2.8192561637812137E+00
     398.9990000000000236   1.0886481529548657E+01   2.7780103809128134E+00
     399.0009999999999764   1.0886523083229678E+01   2.7779989478682610E+00
     400.0000000000000000   1.0907275216423667E+01   2.7723008199091765E+00
     410.0000000000000000   1.1104836365104047E+01   2.7326210627062055E+00
     415.9990000000000236   1.1225558809021642E+01   2.7053751320049408E+00
     416.0009999999999764   1.1225600068669518E+01   2.7053644143172577E+00
     420.0000000000000000   1.1304864916224696E+01   2.6893023996581271E+00
     430.0000000000000000   1.1504142915233073E+01   2.6477026399070831E+00
     440.0000000000000000   1.1699623212926092E+01   2.6126398754286488E+00
     450.0000000000000000   1.1897500458770832E+01   2.5740551425402831E+00
     460.0000000000000000   1.2094692060182060E+01   2.5369073711047991E+00
     470.0000000000000000   1.2291217345665038E+01   2.5011155331644774E+00
     480.0000000000000000   1.2487095610579527E+01   2.4666034539754511E+00
     490.0000000000000000   1.2679481419814220E+01   2.4376625033064991E+00
     500.0000000000000000   1.2874153425766032E+01   2.4054075993761304E+00
     510.0000000000000000   1.3068230250641795E+01   2.3742413922226424E+00
     510.9989999999999668   1.3088141722549791E+01   2.3703543634814754E+00
     511.0009999999999195   1.3088181579309600E+01   2.3703465956718488E+00
     520.0000000000000000   1.3261727838422900E+01   2.3441074757630798E+00
     530.0000000000000000   1.3457392213737389E+01   2.3109535245903108E+00
     540.0000000000000000   1.3649743188436238E+01   2.2828124082024028E+00
     550.0000000000000000   1.3841558604817051E+01   2.2555538741722621E+00
     560.0000000000000000   1.4032851796158221E+01   2.2291355812449285E+00
     570.0000000000000000   1.4223635629029761E+01   2.2035178136097371E+00
     580.0000000000000000   1.4416520779221763E+01   2.1750364865554301E+00
     590.0000000000000000   1.4606291531832035E+01   2.1509760200591015E+00
     600.0000000000000000   1.4795588144872179E+01   2.1276097126168882E+00
     610.0000000000000000   1.4984420848876912E+01   2.1049079151852581E+00
     620.0000000000000000   1.5175297608133338E+01   2.0794687450357481E+00
     630.0000000000000000   1.5363207907249116E+01   2.0580616842226238E+00
     640.0000000000000000   1.5553137578518141E+01   2.0339866190384024E+00
     650.0000000000000000   1.5740162339299015E+01   2.0137682052651829E+00
     660.0000000000000000   1.5929189865541487E+01   1.9909369814317315E+00
     670.0000000000000000   1.6115362614275686E+01   1.9718139457241466E+00
     680.0000000000000000   1.6303524653274778E+01   1.9501262330127309E+00
     690.0000000000000000   1.6488880319967020E+01   1.9320107195996792E+00
     700.0000000000000000   1.6676208171823998E+01   1.9113805235258550E+00
     710.0000000000000000   1.6860780551777456E+01   1.8941924847938716E+00
     720.0000000000000000   1.7047303340330867E+01   1.8745428488322380E+00
     730.0000000000000000   1.7231125008930970E+01   1.8582092784653501E+00
     740.0000000000000000   1.7416869353926504E+01   1.8394717937536078E+00
     750.0000000000000000   1.7602239557181715E+01   1.8211756470697251E+00
     760.0000000000000000   1.7784963348509788E+01   1.8060379699048612E+00
     770.0000000000000000   1.7969597020525207E+01   1.7885565076658698E+00
     780.0000000000000000   1.8153869336968889E+01   1.7714782916517806E+00
     790.0000000000000000   1.8335558443316543E+01   1.7574053216359260E+00
     800.0000000000000000   1.8519133023265667E+01   1.7410571490490978E+00
     810.0000000000000000   1.8702364107934475E+01   1.7250721455343012E+00
     820.0000000000000000   1.8885248849399382E+01   1.7094475072884636E+00
     830.0000000000000000   1.9065635909372180E+01   1.6966331824642984E+00
     840.0000000000000000   1.9247875849329425E+01   1.6816353249122589E+00
     850.0000000000000000   1.9429791413803198E+01   1.6669576561853070E+00
     860.0000000000000000   1.9611382883385883E+01   1.6525949828116175E+00
     870.0000000000000000   1.9792655432797709E+01   1.6385368493957790E+00
     880.0000000000000000   1.9973619676426200E+01   1.6247671224621298E+00
     890.0000000000000000   2.0152211347426668E+01   1.6135432391465299E+00
     900.0000000000000000   2.0332592857897076E+01   1.6002839017675357E+00
     910.0000000000000000   2.0512676329842492E+01   1.5872912645568886E+00
     920.0000000000000000   2.0692465551571733E+01   1.5745577648844025E+00
     930.0000000000000000   2.0871965281998861E+01   1.5620749792256203E+00
     940.0000000000000000   2.1051181287137030E+01   1.5498336337944238E+00
     950.0000000000000000   2.1230119678508590E+01   1.5378243666254139E+00
     960.0000000000000000   2.1408785575615600E+01   1.5260391082207618E+00
     970.0000000000000000   2.1587182692829060E+01   1.5144714388780716E+00
     980.0000000000000000   2.1765313956948972E+01   1.5031158988419719E+00
     990.0000000000000000   2.1943182195292525E+01   1.4919672619464908E+00
    1000.0000000000000000   2.2120790411836630E+01   1.4810202503234307E+00
    1100.0000000000000000   2.3883266073252273E+01   1.3815297065932217E+00
    1200.0000000000000000   2.5624874937467194E+01   1.2955082216253317E+00
    1300.0000000000000000   2.7347878432755827E+01   1.2200663137239789E+00
    1400.0000000000000000   2.9054158263432086E+01   1.1530820932195247E+00
    1500.0000000000000000   3.0743539683621322E+01   1.0943591224765630E+00
    1600.0000000000000000   3.2419047362762228E+01   1.0412303398658342E+00
    1700.0000000000000000   3.4078781969948793E+01   9.9498711392707007E-01
    1800.0000000000000000   3.5728454665669148E+01   9.5133240433616750E-01
    1843.9990000000000236   3.6449206704638250E+01   9.3430179671291314E-01
    1844.0009999999999764   3.6449239552669340E+01   9.3430094127119623E-01
    1900.0000000000000000   3.7364347581771248E+01   9.1293576169515300E-01
    2000.0000000000000000   3.8990101533778486E+01   8.7724074933214868E-01
    2100.0000000000000000   4.0605204809956405E+01   8.4463446976278345E-01
    2200.0000000000000000   4.2211832358132831E+01   8.1377733467498814E-01
    2300.0000000000000000   4.3807206997112424E+01   7.8641692561631704E-01
    2400.0000000000000000   4.5395174599553521E+01   7.6025528733035019E-01
    2475.9989999999997963   4.6596080876870829E+01   7.4177596436231652E-01
    2476.0010000000002037   4.6596112365671843E+01   7.4177551229960204E-01
    2500.0000000000000000   4.6974338850835338E+01   7.3616109436852595E-01
    2526.9989999999997963   4.7399256844196401E+01   7.2996906917774562E-01
    2527.0010000000002037   4.7399288356053141E+01   7.2996858037373269E-01
    2600.0000000000000000   4.8545465283071273E+01   7.1374644343716254E-01
    2631.9989999999997963   4.9046946131359618E+01   7.0669616305309835E-01
    2632.0010000000002037   4.9046977770004403E+01   7.0669556286052726E-01
    2700.0000000000000000   5.0108947862456390E+01   6.9283357378810329E-01
    2800.0000000000000000   5.1664663561118083E+01   6.7349232662266223E-01
    2871.9989999999997963   5.2781548664519796E+01   6.5974557945956203E-01
    2872.0010000000002037   5.2781579702711255E+01   6.5974517282526068E-01
    2900.0000000000000000   5.3214715866354773E+01   6.5469240567815823E-01
    3000.0000000000000000   5.4756970309459845E+01   6.3759002014879806E-01
    3100.0000000000000000   5.6294404291353118E+01   6.2072790943985734E-01
    3200.0000000000000000   5.7824411925409429E+01   6.0536701438917062E-01
    3300.0000000000000000   5.9349495680255103E+01   5.9043542373546432E-01
    3400.0000000000000000   6.0868632455313907E+01   5.7639698303474041E-01
    3500.0000000000000000   6.2381660006085554E+01   5.6333836339210797E-01
    3600.0000000000000000   6.3889579171338134E+01   5.5086417094200657E-01
    3700.0000000000000000   6.5393236459889920E+01   5.3867953126270762E-01
    3800.0000000000000000   6.6891749612650244E+01   5.2708642520040971E-01
    3900.0000000000000000   6.8384478836997843E+01   5.1646244684460518E-01
    4000.0000000000000000   6.9873311673479833E+01   5.0604386055540118E-01
    4100.0000000000000000   7.1358431251306911E+01   4.9578002421218176E-01
    4200.0000000000000000   7.2838325868967928E+01   4.8623741293311806E-01
    4300.0000000000000000   7.4313423738942944E+01   4.7736127042386545E-01
    4400.0000000000000000   7.5787335181053734E+01   4.6777058468779270E-01
    4500.0000000000000000   7.7253711063567195E+01   4.5981797009769337E-01
    4600.0000000000000000   7.8718358108387491E+01   4.5147223858210939E-01
    4700.0000000000000000   8.0176830172175741E+01   4.4416325794739137E-01
    4800.0000000000000000   8.1634176774320679E+01   4.3635704970280015E-01
    4900.0000000000000000   8.3088073916007289E+01   4.2878643729600480E-01
    5000.0000000000000000   8.4537990813595144E+01   4.2162944288576704E-01
    5100.0000000000000000   8.5984082512108870E+01   4.1484937105062053E-01
    5200.0000000000000000   8.7426430401337939E+01   4.0843374912404973E-01
    5300.0000000000000000   8.8865227320681782E+01   4.0233170005402069E-01
    5400.0000000000000000   9.0300024993543715E+01   3.9667865691684379E-01
    5500.0000000000000000   9.1735330991794001E+01   3.9015115794894190E-01
    5600.0000000000000000   9.3165840682382125E+01   3.8433223858759291E-01
    5700.0000000000000000   9.4590951641084075E+01   3.7934438812285903E-01
    5800.0000000000000000   9.6017508328148494E+01   3.7332539612046001E-01
    5900.0000000000000000   9.7436127526817799E+01   3.6891725428211031E-01
    6000.0000000000000000   9.8857520185837757E+01   3.6316201214384330E-01
    6100.0000000000000000   1.0027491884424188E+02   3.5786656753940865E-01
    6200.0000000000000000   1.0168378131798742E+02   3.5424686435875419E-01
    6300.0000000000000000   1.0309682512507197E+02   3.4900204622708841E-01
    6400.0000000000000000   1.0450548466540732E+02   3.4441115161749775E-01
    6500.0000000000000000   1.0591130377036323E+02   3.3988552807907985E-01
    6600.0000000000000000   1.0731584270537584E+02   3.3534071303383156E-01
    6700.0000000000000000   1.0871629547677695E+02   3.3121445253175391E-01
    6800.0000000000000000   1.1011495934918759E+02   3.2710650480545983E-01
    6900.0000000000000000   1.1151029950975995E+02   3.2336062812030630E-01
    7000.0000000000000000   1.1290322785875895E+02   3.1968925369011686E-01
    7100.0000000000000000   1.1429443982902608E+02   3.1603135520164438E-01
    7200.0000000000000000   1.1568197069065356E+02   3.1277965633363619E-01
    7300.0000000000000000   1.1706728600244578E+02   3.0957090111803953E-01
    7400.0000000000000000   1.1845737688604036E+02   3.0496599645125422E-01
    7500.0000000000000000   1.1983766402737986E+02   3.0205634350874289E-01
    7600.0000000000000000   1.2121725125074731E+02   2.9912162553415456E-01
    7700.0000000000000000   1.2259905082691155E+02   2.9509486971774024E-01
    7800.0000000000000000   1.2397356172608667E+02   2.9238355969755442E-01
    7900.0000000000000000   1.2534632528240518E+02   2.8983142143438323E-01
    8000.0000000000000000   1.2672129389008869E+02   2.8626451475000358E-01
    8100.0000000000000000   1.2808891243173920E+02   2.8389741932846924E-01
    8200.0000000000000000   1.2946111254368705E+02   2.8045291044428478E-01
    8300.0000000000000000   1.3082636672246784E+02   2.7801855057599723E-01
    8400.0000000000000000   1.3219318991913434E+02   2.7479476709622958E-01
    8500.0000000000000000   1.3355807535242937E+02   2.7170533547131043E-01
    8600.0000000000000000   1.3491536958433232E+02   2.7005113180344059E-01
    8700.0000000000000000   1.3627846523690144E+02   2.6694279624203593E-01
    8800.0000000000000000   1.3763885926760096E+02   2.6383071544004810E-01
    8900.0000000000000000   1.3898787817513676E+02   2.6273565857122261E-01
    9000.0000000000000000   1.4034647524766774E+02   2.5945497628347958E-01
    9100.0000000000000000   1.4169927518232058E+02   2.5715763318862089E-01
    9200.0000000000000000   1.4305367476209341E+02   2.5432086730814929E-01
    9300.0000000000000000   1.4440183633983060E+02   2.5244274390111626E-01
    9400.0000000000000000   1.4574602375076344E+02   2.5093825896970057E-01
    9500.0000000000000000   1.4709505353077176E+02   2.4820156459518222E-01
    9600.0000000000000000   1.4844110809326742E+02   2.4583964665776234E-01
    9700.0000000000000000   1.4978449081469572E+02   2.4366063303725738E-01
    9800.0000000000000000   1.5112522568458630E+02   2.4173845040057923E-01
    9900.0000000000000000   1.5246524205585010E+02   2.3972102025047923E-01
   10000.0000000000000000   1.5380425616493602E+02   2.3766935534673822E-01
   11000.0000000000000000   1.6711956957125611E+02   2.1877887565475918E-01
   12000.0000000000000000   1.8029706208999272E+02   2.0374160985964312E-01
   13000.0000000000000000   1.9335833883127117E+02   1.9059910595548601E-01
   14000.0000000000000000   2.0631741342922484E+02   1.7861303800762421E-01
   15000.0000000000000000   2.1917230499494275E+02   1.6860488262236090E-01
   16000.0000000000000000   2.3194385013325081E+02   1.5980012791369178E-01
   17000.0000000000000000   2.4462487725528572E+02   1.5175427157664581E-01
   18000.0000000000000000   2.5722855800733413E+02   1.4533788430513328E-01
   19000.0000000000000000   2.6977195086241693E+02   1.3773560263074250E-01
   20000.0000000000000000   2.8224172178666106E+02   1.3197829017506332E-01
   20005.9989999999997963   2.8231785370717421E+02   1.3178025676149474E-01
   20006.0010000000002037   2.8231787902615451E+02   1.3178020252952496E-01
   21000.0000000000000000   2.9463723252109145E+02   1.2761342717005369E-01
   22000.0000000000000000   3.0699102313043608E+02   1.2147336339410962E-01
   23000.0000000000000000   3.1926648415719319E+02   1.1671138475016779E-01
   24000.0000000000000000   3.3150723208973039E+02   1.1277538099574992E-01
   25000.0000000000000000   3.4368452771216874E+02   1.0970829987801203E-01
   26000.0000000000000000   3.5582046350251210E+02   1.0612251384516484E-01
   27000.0000000000000000   3.6791180940297670E+02   1.0187983397370926E-01
   28000.0000000000000000   3.7993127266048049E+02   9.9223123870756089E-02
   29000.0000000000000000   3.9194087650857051E+02   9.6768285417361363E-02
   30000.0000000000000000   4.0389858284551531E+02   9.2909944631821201E-02
   31000.0000000000000000   4.1583817771641765E+02   9.0424815793767668E-02
   32000.0000000000000000   4.2770037851105673E+02   8.8031155238192479E-02
   33000.0000000000000000   4.3951260773230393E+02   8.6904445578791081E-02
   34000.0000000000000000   4.5131838872163797E+02   8.4724415317257537E-02
   35000.0000000000000000   4.6311451747211356E+02   8.1314562510153690E-02
   36000.0000000000000000   4.7485257975796139E+02   8.0389645659191614E-02
   37000.0000000000000000   4.8658987656186184E+02   7.8834767006657466E-02
   38000.0000000000000000   4.9829014907777781E+02   7.5610405939101941E-02
   39000.0000000000000000   5.0989782148177829E+02   7.4001219817957528E-02
   40000.0000000000000000   5.2157883972381660E+02   7.2181208614918335E-02
   41000.0000000000000000   5.3313321074418343E+02   7.0472346755722851E-02
   42000.0000000000000000   5.4472842081802173E+02   6.9916530394826620E-02
   43000.0000000000000000   5.5622292924302610E+02   6.7816441774095779E-02
   44000.0000000000000000   5.6779281564612847E+02   6.6215987624909822E-02
   45000.0000000000000000   5.7929143497050939E+02   6.5361431653384580E-02
   46000.0000000000000000   5.9070756386356061E+02   6.4013936265750138E-02
   47000.0000000000000000   6.0212255392131351E+02   6.3618392103304333E-02
   48000.0000000000000000   6.1358716681500289E+02   6.1892836604788046E-02
   49000.0000000000000000   6.2499012219767405E+02   6.1397781014494425E-02
   50000.0000000000000000   6.3639820818841815E+02   5.9475083439329987E-02
