       0.1000000000000000   1.0000000000000000E+30   0.0000000000000000E+00
       0.2000000000000000   1.0000000000000000E+30   0.0000000000000000E+00
       0.3000000000000000   1.0000000000000000E+30   0.0000000000000000E+00
       0.4000000000000000   1.0000000000000000E+30   0.0000000000000000E+00
       0.5000000000000000   1.0000000000000000E+30   0.0000000000000000E+00
       0.6000000000000000   1.0000000000000000E+30   0.0000000000000000E+00
       0.7000000000000000   1.0000000000000000E+30   0.0000000000000000E+00
       0.7999999999999999   1.0000000000000000E+30   0.0000000000000000E+00
       0.8999999999999999   1.0000000000000000E+30   0.0000000000000000E+00
       0.9999999999999999   1.0000000000000000E+30   0.0000000000000000E+00
       2.0000000000000000   1.0000000000000000E+30   0.0000000000000000E+00
       3.0000000000000000   1.0000000000000000E+30   0.0000000000000000E+00
       4.0000000000000000   1.0000000000000000E+30   0.0000000000000000E+00
       5.0000000000000000   1.0000000000000000E+30   0.0000000000000000E+00
       6.0000000000000000   1.0000000000000000E+30   0.0000000000000000E+00
       7.0000000000000000   1.0000000000000000E+30   0.0000000000000000E+00
       8.0000000000000000   1.0000000000000000E+30   0.0000000000000000E+00
       9.0000000000000000   1.0000000000000000E+30   0.0000000000000000E+00
      10.0000000000000000   1.0000000000000000E+30   0.0000000000000000E+00
      11.0000000000000000   1.0000000000000000E+30   0.0000000000000000E+00
      12.0000000000000000   1.0000000000000000E+30   0.0000000000000000E+00
      13.0000000000000000   1.0000000000000000E+30   0.0000000000000000E+00
      14.0000000000000000   1.0000000000000000E+30   0.0000000000000000E+00
      15.0000000000000000   1.0000000000000000E+30   0.0000000000000000E+00
      16.0000000000000000   1.0000000000000000E+30   0.0000000000000000E+00
      17.0000000000000000   1.0000000000000000E+30   0.0000000000000000E+00
      18.0000000000000000   1.0000000000000000E+30   0.0000000000000000E+00
      19.0000000000000000   1.0000000000000000E+30   0.0000000000000000E+00
      20.0000000000000000   1.0000000000000000E+30   0.0000000000000000E+00
      21.0000000000000000   1.0000000000000000E+30   0.0000000000000000E+00
      22.0000000000000000   1.0000000000000000E+30   0.0000000000000000E+00
      23.0000000000000000   1.0000000000000000E+30   0.0000000000000000E+00
      24.0000000000000000   1.0000000000000000E+30   0.0000000000000000E+00
      25.0000000000000000   1.0000000000000000E+30   0.0000000000000000E+00
      26.0000000000000000   1.0000000000000000E+30   0.0000000000000000E+00
      27.0000000000000000   1.0000000000000000E+30   0.0000000000000000E+00
      28.0000000000000000   1.0000000000000000E+30   0.0000000000000000E+00
      29.0000000000000000   1.0000000000000000E+30   0.0000000000000000E+00
      30.0000000000000000   1.0000000000000000E+30   0.0000000000000000E+00
      31.0000000000000000   1.0000000000000000E+30   0.0000000000000000E+00
      32.0000000000000000   1.0000000000000000E+30   0.0000000000000000E+00
      33.0000000000000000   1.0000000000000000E+30   0.0000000000000000E+00
      34.0000000000000000   1.0000000000000000E+30   0.0000000000000000E+00
      35.0000000000000000   1.0000000000000000E+30   0.0000000000000000E+00
      36.0000000000000000   1.0000000000000000E+30   0.0000000000000000E+00
      37.0000000000000000   1.0000000000000000E+30   0.0000000000000000E+00
      38.0000000000000000   1.0000000000000000E+30   0.0000000000000000E+00
      39.0000000000000000   1.0000000000000000E+30   0.0000000000000000E+00
      40.0000000000000000   1.0000000000000000E+30   0.0000000000000000E+00
      41.0000000000000000   1.0000000000000000E+30   0.0000000000000000E+00
      41.9990000000000023   1.0000000000000000E+30   0.0000000000000000E+00
      42.0000000000000000   1.0000000000000000E+30   0.0000000000000000E+00
      42.0009999999999977   1.0000000000000000E+30   0.0000000000000000E+00
      43.0000000000000000   1.0000000000000000E+30   0.0000000000000000E+00
      44.0000000000000000   1.0000000000000000E+30   0.0000000000000000E+00
      44.9990000000000023   1.0000000000000000E+30   0.0000000000000000E+00
      45.0000000000000000   1.4724355383127182E+09   3.0561609543577065E-08
      45.0009999999999977   1.4725475374381886E+09   3.0559285086501947E-08
      46.0000000000000000   7.7807532073352821E+04   5.8134296093639772E-04
      47.0000000000000000   2.7494732362653085E+04   1.6535152216777462E-03
      48.0000000000000000   1.4935783036569355E+04   3.0591835300644988E-03
      49.0000000000000000   9.6834456412768777E+03   4.7419320605028813E-03
      50.0000000000000000   6.9201729139206818E+03   6.6680156243907815E-03
      51.0000000000000000   5.2611837746121691E+03   8.8133162669096331E-03
      52.0000000000000000   4.1750317357755212E+03   1.1159722447897046E-02
      53.0000000000000000   3.4191813328786570E+03   1.3691942435427476E-02
      54.0000000000000000   2.8684700611957060E+03   1.6398185398876289E-02
      55.0000000000000000   2.4528285648090700E+03   1.9267471967831542E-02
      56.0000000000000000   2.1302291532124805E+03   2.2289395429926487E-02
      57.0000000000000000   1.8739906453400165E+03   2.5455269848590565E-02
      58.0000000000000000   1.6664321926538071E+03   2.8758567059360321E-02
      59.0000000000000000   1.4956196344944335E+03   3.2190883592920050E-02
      60.0000000000000000   1.3530213238454483E+03   3.5746963589694654E-02
      61.0000000000000000   1.2325675999807725E+03   3.9419664446168429E-02
      62.0000000000000000   1.1296997359986442E+03   4.3204834081568985E-02
      63.0000000000000000   1.0410458997701330E+03   4.7096501097674992E-02
      64.0000000000000000   9.6399508453175804E+02   5.1090305358623925E-02
      65.0000000000000000   8.9653828190950446E+02   5.5181244430340864E-02
      66.0000000000000000   8.3707336338598509E+02   5.9365820634555186E-02
      67.0000000000000000   7.8433889806108459E+02   6.3639730667370401E-02
      67.9989999999999952   7.3735784687391879E+02   6.7994940972254503E-02
      68.0000000000000000   7.3731374755524462E+02   6.7999307979701440E-02
      68.0010000000000048   7.3726628362976885E+02   6.8004011384049490E-02
      69.0000000000000000   6.9516557468707015E+02   7.2441333391821613E-02
      70.0000000000000000   6.5722579873440964E+02   7.6960902277025386E-02
      71.0000000000000000   6.2291182378362214E+02   8.1557172402921568E-02
      72.0000000000000000   5.9176484671216133E+02   8.6225612115416517E-02
      73.0000000000000000   5.6338398526506296E+02   9.0964337057350825E-02
      74.0000000000000000   5.3744354341977737E+02   9.5769196739238643E-02
      75.0000000000000000   5.1365887617827980E+02   1.0063752472220373E-01
      76.0000000000000000   4.9178462686963854E+02   1.0556721422450722E-01
      77.0000000000000000   4.7161361494936961E+02   1.1055539828513868E-01
      78.0000000000000000   4.5296634304950828E+02   1.1559937811629697E-01
      79.0000000000000000   4.3568722624964141E+02   1.2069648417015209E-01
      80.0000000000000000   4.1964107161308328E+02   1.2584389407372840E-01
      81.0000000000000000   4.0470482479676156E+02   1.3104042596240537E-01
      82.0000000000000000   3.9077829049416528E+02   1.3628221901332485E-01
      83.0000000000000000   3.7776792630521174E+02   1.4156727780145223E-01
      84.0000000000000000   3.6559184392383793E+02   1.4689335847954121E-01
      85.0000000000000000   3.5417807667645707E+02   1.5225788837846485E-01
      86.0000000000000000   3.4346240131627519E+02   1.5765839082283334E-01
      87.0000000000000000   3.3338684819087604E+02   1.6309271818945018E-01
      88.0000000000000000   3.2390022296694957E+02   1.6855828856266725E-01
      89.0000000000000000   3.1495701708801056E+02   1.7405232753269395E-01
      90.0000000000000000   3.0651364732379790E+02   1.7957369410764115E-01
      91.0000000000000000   2.9853421502850040E+02   1.8511892807351379E-01
      92.0000000000000000   2.9098469909226333E+02   1.9068575644085115E-01
      93.0000000000000000   2.8383463430080877E+02   1.9627153100498718E-01
      94.0000000000000000   2.7705490866416659E+02   2.0187469185157683E-01
      95.0000000000000000   2.7062062084148499E+02   2.0749249581252585E-01
      96.0000000000000000   2.6450871308804238E+02   2.1312244543739112E-01
      97.0000000000000000   2.5869778539063134E+02   2.1876232811760973E-01
      98.0000000000000000   2.5316833606722852E+02   2.2440988265586145E-01
      99.0000000000000000   2.4790295028426698E+02   2.3006239992015107E-01
     100.0000000000000000   2.4288451854165928E+02   2.3571827069303777E-01
     103.9989999999999952   2.2500482138075259E+02   2.5831920699456362E-01
     104.0010000000000048   2.2499667885879748E+02   2.5833047940363607E-01
     110.0000000000000000   2.0349386988510318E+02   2.9194630975011515E-01
     120.0000000000000000   1.7761730524989591E+02   3.4616041216741816E-01
     130.0000000000000000   1.5994694833650655E+02   3.9673578975408513E-01
     140.0000000000000000   1.4756118792992754E+02   4.4264351269813984E-01
     150.0000000000000000   1.3872772013112100E+02   4.8341568209537955E-01
     153.9989999999999952   1.3593243598197355E+02   4.9826346234772328E-01
     154.0010000000000048   1.3593112483658683E+02   4.9827069022670806E-01
     160.0000000000000000   1.3236406698739250E+02   5.1901337084845711E-01
     167.9989999999999952   1.2857056346706011E+02   5.4391729467991190E-01
     168.0010000000000048   1.2856973369042865E+02   5.4392314062433245E-01
     169.9989999999999952   1.2776722654777754E+02   5.4967232355369999E-01
     170.0000000000000000   1.2776683808316947E+02   5.4967515472324213E-01
     170.0010000000000048   1.2776644860697854E+02   5.4967799069117407E-01
     180.0000000000000000   1.2446415985164586E+02   5.7579311704830693E-01
     190.0000000000000000   1.2213090042015990E+02   5.9782455622037578E-01
     200.0000000000000000   1.2053764142048948E+02   6.1623701177126833E-01
     210.0000000000000000   1.1951899793703626E+02   6.3147707355964611E-01
     220.0000000000000000   1.1895339223342697E+02   6.4395507256306816E-01
     230.0000000000000000   1.1874989411818079E+02   6.5403861902089477E-01
     231.9989999999999952   1.1874625622317720E+02   6.5579640529380245E-01
     232.0010000000000048   1.1874625830088915E+02   6.5579812315347874E-01
     233.9989999999999952   1.1875381435635676E+02   6.5747482774942012E-01
     234.0010000000000048   1.1875382740781704E+02   6.5747646651971459E-01
     236.9989999999999952   1.1878518689696314E+02   6.5984703690333046E-01
     237.0010000000000048   1.1878521560332865E+02   6.5984856132518410E-01
     240.0000000000000000   1.1883937883247208E+02   6.6205216565649405E-01
     250.0000000000000000   1.1916852694631312E+02   6.6827931307455124E-01
     260.0000000000000000   1.1969565585662535E+02   6.7296638994689373E-01
     270.0000000000000000   1.2038778930525405E+02   6.7632651111586239E-01
     280.0000000000000000   1.2121854243105814E+02   6.7854369469987474E-01
     290.0000000000000000   1.2216659722326312E+02   6.7977659025834047E-01
     300.0000000000000000   1.2321454763034849E+02   6.8016213529631986E-01
     310.0000000000000000   1.2434808542945576E+02   6.7981833707598516E-01
     320.0000000000000000   1.2555533589333156E+02   6.7884713512896278E-01
     330.0000000000000000   1.2682638257420676E+02   6.7733658042505995E-01
     340.0000000000000000   1.2815288259362930E+02   6.7536286193766559E-01
     350.0000000000000000   1.2952777869121510E+02   6.7299193966902127E-01
     360.0000000000000000   1.3094506133179345E+02   6.7028102765345432E-01
     370.0000000000000000   1.3239958954399779E+02   6.6727977944486694E-01
     380.0000000000000000   1.3388694114143757E+02   6.6403137617323149E-01
     390.0000000000000000   1.3540329436660139E+02   6.6057339130715631E-01
     398.9990000000000236   1.3678990301186846E+02   6.5730953536570513E-01
     399.0009999999999764   1.3679021333456427E+02   6.5730879564198941E-01
     400.0000000000000000   1.3694533262361358E+02   6.5693856779776083E-01
     410.0000000000000000   1.3851016710747939E+02   6.5315544285891192E-01
     415.9990000000000236   1.3945878664579988E+02   6.5082527648843114E-01
     416.0009999999999764   1.3945910406769505E+02   6.5082449276728227E-01
     420.0000000000000000   1.4009527123542020E+02   6.4924893168528863E-01
     430.0000000000000000   1.4169842453147675E+02   6.4524081752182794E-01
     440.0000000000000000   1.4331767367509340E+02   6.4115012550545114E-01
     450.0000000000000000   1.4495129374474894E+02   6.3699348600234773E-01
     460.0000000000000000   1.4659775337424875E+02   6.3278547444193500E-01
     470.0000000000000000   1.4825569409633309E+02   6.2853882918153026E-01
     480.0000000000000000   1.4992390431039857E+02   6.2426470777579390E-01
     490.0000000000000000   1.5160130179370714E+02   6.1997287789031885E-01
     500.0000000000000000   1.5328691853107327E+02   6.1567187771665288E-01
     510.0000000000000000   1.5497988656126836E+02   6.1136916253091400E-01
     510.9989999999999668   1.5514938686432379E+02   6.1093948891611138E-01
     511.0009999999999195   1.5514972627134378E+02   6.1093862874665528E-01
     520.0000000000000000   1.5667942304786828E+02   6.0707127417421247E-01
     530.0000000000000000   1.5838482678655510E+02   6.0278388736682320E-01
     540.0000000000000000   1.6009546128208993E+02   5.9851197011504320E-01
     550.0000000000000000   1.6181075322910965E+02   5.9425983937498217E-01
     560.0000000000000000   1.6353018207922850E+02   5.9003124253021644E-01
     570.0000000000000000   1.6525327659436539E+02   5.8582942451579556E-01
     580.0000000000000000   1.6697960936014971E+02   5.8165717288138596E-01
     590.0000000000000000   1.6870879055011207E+02   5.7751690079289553E-01
     600.0000000000000000   1.7044046464931426E+02   5.7341066661880924E-01
     610.0000000000000000   1.7217431006814070E+02   5.6934020801026075E-01
     620.0000000000000000   1.7386617943853852E+02   5.6585713303944740E-01
     630.0000000000000000   1.7551504462911734E+02   5.6296593138927598E-01
     640.0000000000000000   1.7733946154896492E+02   5.5820379024428091E-01
     650.0000000000000000   1.7898563420947949E+02   5.5543367723346126E-01
     660.0000000000000000   1.8080268333448691E+02   5.5085723128147279E-01
     670.0000000000000000   1.8244626123130098E+02   5.4820042152393422E-01
     680.0000000000000000   1.8425617160766612E+02   5.4379821755910174E-01
     690.0000000000000000   1.8606209183159575E+02   5.3949299520728344E-01
     700.0000000000000000   1.8770025675647378E+02   5.3700906572889107E-01
     710.0000000000000000   1.8949938891507287E+02   5.3286181885961825E-01
     720.0000000000000000   1.9129471219402802E+02   5.2880278845884687E-01
     730.0000000000000000   1.9292783476234041E+02   5.2647497683312761E-01
     740.0000000000000000   1.9471671207730310E+02   5.2255961421121921E-01
     750.0000000000000000   1.9650195682155041E+02   5.1872473757122350E-01
     760.0000000000000000   1.9828362600942742E+02   5.1496777549088280E-01
     770.0000000000000000   1.9990951941578967E+02   5.1283452765923387E-01
     780.0000000000000000   2.0168518387569841E+02   5.0920434009438897E-01
     790.0000000000000000   2.0345744052052103E+02   5.0564551164824800E-01
     800.0000000000000000   2.0522634291923728E+02   5.0215585845982580E-01
     810.0000000000000000   2.0684568264918124E+02   5.0019344736658700E-01
     820.0000000000000000   2.0860899234578537E+02   4.9681624098915100E-01
     830.0000000000000000   2.1036910429498363E+02   4.9350262205098555E-01
     840.0000000000000000   2.1212606943450484E+02   4.9025071551277760E-01
     850.0000000000000000   2.1387993659789697E+02   4.8705872914058262E-01
     860.0000000000000000   2.1563075511493008E+02   4.8392492964119521E-01
     870.0000000000000000   2.1737857317466774E+02   4.8084765231275656E-01
     880.0000000000000000   2.1912343729677769E+02   4.7782530297483577E-01
     890.0000000000000000   2.2072864751607406E+02   4.7616761342119068E-01
     900.0000000000000000   2.2246866805131253E+02   4.7323421657829040E-01
     910.0000000000000000   2.2420586855745896E+02   4.7035165553898556E-01
     920.0000000000000000   2.2594029268133397E+02   4.6751854397813064E-01
     930.0000000000000000   2.2767198314436615E+02   4.6473354805321065E-01
     940.0000000000000000   2.2940098136172418E+02   4.6199538548341429E-01
     950.0000000000000000   2.3112732879105377E+02   4.5930281322469518E-01
     960.0000000000000000   2.3285106572531851E+02   4.5665463554606500E-01
     970.0000000000000000   2.3457223101921116E+02   4.5404970386000176E-01
     980.0000000000000000   2.3629086383153631E+02   4.5148690087151511E-01
     990.0000000000000000   2.3800700158990986E+02   4.4896515568061696E-01
    1000.0000000000000000   2.3972068139416959E+02   4.4648343101890736E-01
    1100.0000000000000000   2.5684788556860389E+02   4.2263204624797746E-01
    1200.0000000000000000   2.7386211667172336E+02   4.0112375036073861E-01
    1300.0000000000000000   2.9066619193750563E+02   3.8239455219226259E-01
    1400.0000000000000000   3.0738630093942294E+02   3.6512856615891404E-01
    1500.0000000000000000   3.2392976046905483E+02   3.4983191704401440E-01
    1600.0000000000000000   3.4040916689422789E+02   3.3549236960345158E-01
    1700.0000000000000000   3.5673616937426436E+02   3.2261938653246064E-01
    1800.0000000000000000   3.7292339348499212E+02   3.1099118292273031E-01
    1843.9990000000000236   3.8006123709802426E+02   3.0584859630581729E-01
    1844.0009999999999764   3.8006156909953239E+02   3.0584831440395949E-01
    1900.0000000000000000   3.8906942325587812E+02   2.9986462505558625E-01
    2000.0000000000000000   4.0509124265384020E+02   2.8972044069924063E-01
    2100.0000000000000000   4.2099743394215488E+02   2.8042990824345371E-01
    2200.0000000000000000   4.3679566855631509E+02   2.7188615578241437E-01
    2300.0000000000000000   4.5257259757310550E+02   2.6354029746900381E-01
    2400.0000000000000000   4.6825108175531744E+02   2.5581733293568221E-01
    2475.9989999999997963   4.8010724740001365E+02   2.5030468692219987E-01
    2476.0010000000002037   4.8010756486628981E+02   2.5030451229048944E-01
    2500.0000000000000000   4.8383662505613677E+02   2.4864818996852225E-01
    2526.9989999999997963   4.8803546233577396E+02   2.4676641265645377E-01
    2527.0010000000002037   4.8803577884864694E+02   2.4676624380858084E-01
    2600.0000000000000000   4.9933427888973256E+02   2.4197359916876568E-01
    2631.9989999999997963   5.0429675424189537E+02   2.3982233384780283E-01
    2632.0010000000002037   5.0429706887257612E+02   2.3982217599442596E-01
    2700.0000000000000000   5.1474866083983807E+02   2.3574255719309126E-01
    2800.0000000000000000   5.3015746529574506E+02   2.2953847357349993E-01
    2871.9989999999997963   5.4114215835339519E+02   2.2561905852638028E-01
    2872.0010000000002037   5.4114246901766023E+02   2.2561892188883925E-01
    2900.0000000000000000   5.4541609764344196E+02   2.2408189164163086E-01
    3000.0000000000000000   5.6067440813430255E+02   2.1860549614576272E-01
    3100.0000000000000000   5.7586215026543948E+02   2.1344991214032430E-01
    3200.0000000000000000   5.9091239995931414E+02   2.0891169754803585E-01
    3300.0000000000000000   6.0596846800162223E+02   2.0430695878801625E-01
    3400.0000000000000000   6.2096235268715463E+02   1.9994863993792797E-01
    3500.0000000000000000   6.3596368247954206E+02   1.9552227244059545E-01
    3600.0000000000000000   6.5083946851836674E+02   1.9160807788787690E-01
    3700.0000000000000000   6.6565992112529943E+02   1.8788636479333695E-01
    3800.0000000000000000   6.8042694034396652E+02   1.8434332007603679E-01
    3900.0000000000000000   6.9520650517902004E+02   1.8070365336880093E-01
    4000.0000000000000000   7.0987161103213293E+02   1.7748604205626015E-01
    4100.0000000000000000   7.2455115488617696E+02   1.7416390602851034E-01
    4200.0000000000000000   7.3912087987455357E+02   1.7122860536448381E-01
    4300.0000000000000000   7.5370670611826120E+02   1.6818270328608706E-01
    4400.0000000000000000   7.6824797868692701E+02   1.6526322099317564E-01
    4500.0000000000000000   7.8274591750903539E+02   1.6246252151669552E-01
    4600.0000000000000000   7.9714040606438539E+02   1.5999728961970511E-01
    4700.0000000000000000   8.1155483487699394E+02   1.5741105052732696E-01
    4800.0000000000000000   8.2592943466321708E+02   1.5492365735728067E-01
    4900.0000000000000000   8.4026517106827168E+02   1.5252976593329146E-01
    5000.0000000000000000   8.5456299991928211E+02   1.5022431055313926E-01
    5100.0000000000000000   8.6882387012212382E+02   1.4800247560037341E-01
    5200.0000000000000000   8.8304870617598442E+02   1.4585974046035405E-01
    5300.0000000000000000   8.9723840222190972E+02   1.4379187986302722E-01
    5400.0000000000000000   9.1139383434281956E+02   1.4179490575484147E-01
    5500.0000000000000000   9.2557343463775851E+02   1.3967853211592846E-01
    5600.0000000000000000   9.3966271710294268E+02   1.3781470028493029E-01
    5700.0000000000000000   9.5371978515176590E+02   1.3601239258461537E-01
    5800.0000000000000000   9.6774551547578267E+02   1.3426818271661456E-01
    5900.0000000000000000   9.8179639582351774E+02   1.3240703841451182E-01
    6000.0000000000000000   9.9576251569936733E+02   1.3076921281891199E-01
    6100.0000000000000000   1.0096984023225498E+03   1.2918432665643614E-01
    6200.0000000000000000   1.0236600032567736E+03   1.2748495344316235E-01
    6300.0000000000000000   1.0375403955447596E+03   1.2599101415308187E-01
    6400.0000000000000000   1.0513917697008721E+03   1.2454514152450961E-01
    6500.0000000000000000   1.0652708156449439E+03   1.2298278219558530E-01
    6600.0000000000000000   1.0790691464573788E+03   1.2161852804603272E-01
    6700.0000000000000000   1.0928946026844997E+03   1.2014218811660965E-01
    6800.0000000000000000   1.1066419336353983E+03   1.1885272159883487E-01
    6900.0000000000000000   1.1204163703727927E+03   1.1745380582070261E-01
    7000.0000000000000000   1.1341655064449674E+03   1.1609360915775364E-01
    7100.0000000000000000   1.1478400151024737E+03   1.1490505772255016E-01
    7200.0000000000000000   1.1615400837949096E+03   1.1361534790257895E-01
    7300.0000000000000000   1.1751682736646208E+03   1.1248709160172859E-01
    7400.0000000000000000   1.1888215561289840E+03   1.1126090668021954E-01
    7500.0000000000000000   1.2024536583488652E+03   1.1006133832764854E-01
    7600.0000000000000000   1.2160144910453230E+03   1.0901766950900137E-01
    7700.0000000000000000   1.2296003341213559E+03   1.0787949309827882E-01
    7800.0000000000000000   1.2431666404049495E+03   1.0676336831412521E-01
    7900.0000000000000000   1.2566635904347349E+03   1.0579475162268000E-01
    8000.0000000000000000   1.2701861263574772E+03   1.0473302446510145E-01
    8100.0000000000000000   1.2836888985454411E+03   1.0369405354388966E-01
    8200.0000000000000000   1.2971723456395564E+03   1.0267615200620732E-01
    8300.0000000000000000   1.3106368753337922E+03   1.0167898390931329E-01
    8400.0000000000000000   1.3240307974770710E+03   1.0082614893676536E-01
    8500.0000000000000000   1.3374537557515703E+03   9.9877408260190065E-02
    8600.0000000000000000   1.3508589368870043E+03   9.8946033167414793E-02
    8700.0000000000000000   1.3642454351603385E+03   9.8034286803797194E-02
    8800.0000000000000000   1.3776144356880588E+03   9.7139853234623333E-02
    8900.0000000000000000   1.3909642564990252E+03   9.6266066049590315E-02
    9000.0000000000000000   1.4042469841767556E+03   9.5522746429805058E-02
    9100.0000000000000000   1.4175595419160604E+03   9.4687207496706158E-02
    9200.0000000000000000   1.4308556453015917E+03   9.3866379459683152E-02
    9300.0000000000000000   1.4441346194804096E+03   9.3061526118254537E-02
    9400.0000000000000000   1.4573962866544614E+03   9.2273096029863014E-02
    9500.0000000000000000   1.4706411514853269E+03   9.1500178739173599E-02
    9600.0000000000000000   1.4838697104909072E+03   9.0741809819276251E-02
    9700.0000000000000000   1.4970821379643073E+03   8.9997620458671865E-02
    9800.0000000000000000   1.5102784550674940E+03   8.9267537996905899E-02
    9900.0000000000000000   1.5234587193020143E+03   8.8551428499748522E-02
   10000.0000000000000000   1.5366230702728437E+03   8.7849009326914404E-02
   11000.0000000000000000   1.6674354099293621E+03   8.1495009352818740E-02
   12000.0000000000000000   1.7969553309128660E+03   7.5965614470681314E-02
   13000.0000000000000000   1.9252293427075901E+03   7.1238827375746286E-02
   14000.0000000000000000   2.0523667744026297E+03   6.7162865309070133E-02
   15000.0000000000000000   2.1785193319193513E+03   6.3530233957291168E-02
   16000.0000000000000000   2.3037717523004212E+03   6.0257298479386996E-02
   17000.0000000000000000   2.4281361390814918E+03   5.7365623368922404E-02
   18000.0000000000000000   2.5516904501154145E+03   5.4777355626623753E-02
   19000.0000000000000000   2.6745198561304919E+03   5.2403255570547973E-02
   20000.0000000000000000   2.7966301227177364E+03   5.0270328331512217E-02
   20005.9989999999997963   2.7973597835042469E+03   5.0258727420668052E-02
   20006.0010000000002037   2.7973600263765520E+03   5.0258723984303894E-02
   21000.0000000000000000   2.9181230292623850E+03   4.8267934728215840E-02
   22000.0000000000000000   3.0389496728500271E+03   4.6480001399507760E-02
   23000.0000000000000000   3.1591896512948128E+03   4.4837041101502502E-02
   24000.0000000000000000   3.2789251924517912E+03   4.3262810980362970E-02
   25000.0000000000000000   3.3981259613591242E+03   4.1806809594396623E-02
   26000.0000000000000000   3.5167994778374245E+03   4.0476949543454183E-02
   27000.0000000000000000   3.6349384052668443E+03   3.9286328035094187E-02
   28000.0000000000000000   3.7527333151336784E+03   3.8069921408737224E-02
   29000.0000000000000000   3.8700428665877498E+03   3.6969127934455052E-02
   30000.0000000000000000   3.9869066069531696E+03   3.5956559834455185E-02
   31000.0000000000000000   4.1032959432067701E+03   3.5060158293324081E-02
   32000.0000000000000000   4.2194647019390213E+03   3.4083295111589786E-02
   33000.0000000000000000   4.3352170615259811E+03   3.3189572504306986E-02
   34000.0000000000000000   4.4505752127198793E+03   3.2370233537762319E-02
   35000.0000000000000000   4.5655518247074806E+03   3.1620347180679617E-02
   36000.0000000000000000   4.6801699855866027E+03   3.0924414313756157E-02
   37000.0000000000000000   4.7946043127633484E+03   3.0159931692999662E-02
   38000.0000000000000000   4.9085267812489974E+03   2.9568909523562441E-02
   39000.0000000000000000   5.0223159297240727E+03   2.8893695293622457E-02
   40000.0000000000000000   5.1357648332045592E+03   2.8275980894275046E-02
   41000.0000000000000000   5.2488973901328027E+03   2.7705227242016590E-02
   42000.0000000000000000   5.3617693456589859E+03   2.7147546939900451E-02
   43000.0000000000000000   5.4742709745429092E+03   2.6674825124519418E-02
   44000.0000000000000000   5.5867616856953482E+03   2.6072513399225439E-02
   45000.0000000000000000   5.6987474746759808E+03   2.5643392310908009E-02
   46000.0000000000000000   5.8106598595039559E+03   2.5126944818416881E-02
   47000.0000000000000000   5.9221371844428768E+03   2.4736622584366076E-02
   48000.0000000000000000   6.0335531131128264E+03   2.4268628776318343E-02
   49000.0000000000000000   6.1447500103676584E+03   2.3812249539624779E-02
   50000.0000000000000000   6.2556112461357507E+03   2.3435622076297066E-02
