       0.1000000000000000   1.5306936128353975E+01   1.9019250054287183E-03
       0.2000000000000000   1.3502001560799485E+01   3.7056202281592881E-03
       0.3000000000000000   1.2918450249229499E+01   5.4846288373080138E-03
       0.4000000000000000   1.2710656634091341E+01   7.1713192596721924E-03
       0.5000000000000000   1.2617443434448326E+01   8.8272173849734785E-03
       0.6000000000000000   1.2579273965607975E+01   1.0456021491425702E-02
       0.7000000000000000   1.2572916914928028E+01   1.2061064140845273E-02
       0.7999999999999999   1.2585601353743131E+01   1.3644753133487321E-02
       0.8999999999999999   1.2611383692654751E+01   1.5204889709292178E-02
       0.9999999999999999   1.2644712098052004E+01   1.6748164017605465E-02
       2.0000000000000000   1.3102154377998058E+01   3.1353204091722910E-02
       3.0000000000000000   1.3533415919557113E+01   4.4994294451906565E-02
       4.0000000000000000   1.3883648264202071E+01   5.8140209223679032E-02
       5.0000000000000000   1.4158551467748488E+01   7.1073863235449897E-02
       6.0000000000000000   1.4369526231355099E+01   8.3984104828946263E-02
       7.0000000000000000   1.4527309419329638E+01   9.6999045216487029E-02
       8.0000000000000000   1.4640139795311063E+01   1.1021778911668302E-01
       9.0000000000000000   1.4714651005910063E+01   1.2372028294899633E-01
      10.0000000000000000   1.4756004631661545E+01   1.3757630495942866E-01
      11.0000000000000000   1.4768463143835850E+01   1.5184733217021149E-01
      12.0000000000000000   1.4755470861404801E+01   1.6659026062885346E-01
      13.0000000000000000   1.4719938755681497E+01   1.8185911492615078E-01
      14.0000000000000000   1.4664185593505266E+01   1.9770877206033000E-01
      15.0000000000000000   1.4590196656756733E+01   2.1419424852574950E-01
      16.0000000000000000   1.4499693357943920E+01   2.3137109408881021E-01
      17.0000000000000000   1.4394100970800494E+01   2.4929818688766275E-01
      18.0000000000000000   1.4274690780887674E+01   2.6803679795303076E-01
      19.0000000000000000   1.4142536610808977E+01   2.8765205758066320E-01
      20.0000000000000000   1.3998586374677693E+01   3.0821386169037168E-01
      21.0000000000000000   1.3843663164386617E+01   3.2979746366437923E-01
      22.0000000000000000   1.3678506905131337E+01   3.5248372063281103E-01
      23.0000000000000000   1.3503770002027794E+01   3.7636045513316913E-01
      24.0000000000000000   1.3320026304619725E+01   4.0152362914028555E-01
      25.0000000000000000   1.3127796360854939E+01   4.2807774433302553E-01
      26.0000000000000000   1.2927551119545740E+01   4.5613709400642349E-01
      27.0000000000000000   1.2719720609717042E+01   4.8582684062421749E-01
      28.0000000000000000   1.2504704304394656E+01   5.1728411427479526E-01
      29.0000000000000000   1.2282874847909250E+01   5.5065932808156448E-01
      30.0000000000000000   1.2054592147688066E+01   5.8611724847923452E-01
      31.0000000000000000   1.1820206047737825E+01   6.2383826204235382E-01
      32.0000000000000000   1.1580072090597952E+01   6.6401919563844303E-01
      33.0000000000000000   1.1334554844779671E+01   7.0687428981065137E-01
      34.0000000000000000   1.1084044296970500E+01   7.5263533685492945E-01
      35.0000000000000000   1.0828966309503759E+01   8.0155131230756249E-01
      36.0000000000000000   1.0569797718246436E+01   8.5388690376707299E-01
      37.0000000000000000   1.0307082137996218E+01   9.0991955031021132E-01
      38.0000000000000000   1.0041447496453356E+01   9.6993442915280226E-01
      39.0000000000000000   9.7736234456207605E+00   1.0342167659057493E+00
      40.0000000000000000   9.5044592760699782E+00   1.1030407867382617E+00
      41.0000000000000000   9.2349379105372318E+00   1.1766548578450347E+00
      41.9990000000000023   8.9664530107435567E+00   1.2551813583164777E+00
      42.0000000000000000   8.9661850524706548E+00   1.2552625124055208E+00
      42.0009999999999977   8.9659170962233752E+00   1.2553436716319564E+00
      43.0000000000000000   8.6994687079082382E+00   1.3389998695191483E+00
      44.0000000000000000   8.4361850490526304E+00   1.4279107633342070E+00
      44.9990000000000023   8.1780825735125084E+00   1.5218257463878908E+00
      45.0000000000000000   8.1778271880383979E+00   1.5219222478466767E+00
      45.0009999999999977   8.1775718090323100E+00   1.5220187542083325E+00
      46.0000000000000000   7.9259359606144946E+00   1.6208239808819016E+00
      47.0000000000000000   7.6820338767882035E+00   1.7242558642637245E+00
      48.0000000000000000   7.4475488897497382E+00   1.8317076870907432E+00
      49.0000000000000000   7.2237378072961649E+00   1.9425328955589569E+00
      50.0000000000000000   7.0116207286352932E+00   2.0559759307202112E+00
      51.0000000000000000   6.8119364398820332E+00   2.1712097695179011E+00
      52.0000000000000000   6.6251243903089891E+00   2.2873783036653643E+00
      53.0000000000000000   6.4513330283741039E+00   2.4036377120587491E+00
      54.0000000000000000   6.2904498364290857E+00   2.5191919490878796E+00
      55.0000000000000000   6.1421453293518926E+00   2.6333193793813185E+00
      56.0000000000000000   6.0059231501806822E+00   2.7453896371031923E+00
      57.0000000000000000   5.8811696030507470E+00   2.8548712983880806E+00
      58.0000000000000000   5.7671977309058029E+00   2.9613324996008461E+00
      59.0000000000000000   5.6632843668992487E+00   3.0644359139026056E+00
      60.0000000000000000   5.5686990910617267E+00   3.1639303186864023E+00
      61.0000000000000000   5.4827250525290374E+00   3.2596407623949539E+00
      62.0000000000000000   5.4046738007549839E+00   3.3514577346761487E+00
      63.0000000000000000   5.3338945313968287E+00   3.4393267852958784E+00
      64.0000000000000000   5.2697792831949268E+00   3.5232388387150571E+00
      65.0000000000000000   5.2117651792348045E+00   3.6032215076339114E+00
      66.0000000000000000   5.1593345461135760E+00   3.6793315052788604E+00
      67.0000000000000000   5.1120136257278910E+00   3.7516481494576399E+00
      67.9989999999999952   5.0694108408888896E+00   3.8202010813737388E+00
      68.0000000000000000   5.0693704002728603E+00   3.8202678899516487E+00
      68.0010000000000048   5.0693299639385270E+00   3.8203346949409700E+00
      69.0000000000000000   5.0310119044828872E+00   3.8852997592110148E+00
      70.0000000000000000   4.9965812944332653E+00   3.9468616331961930E+00
      71.0000000000000000   4.9657548563584264E+00   4.0050771909922913E+00
      72.0000000000000000   4.9382390776686336E+00   4.0600734660071272E+00
      73.0000000000000000   4.9137678498184219E+00   4.1119788943151399E+00
      74.0000000000000000   4.8920998494676544E+00   4.1609217758334536E+00
      75.0000000000000000   4.8730161078199101E+00   4.2070290867669984E+00
      76.0000000000000000   4.8563178403385372E+00   4.2504255173785221E+00
      77.0000000000000000   4.8418243677446098E+00   4.2912328450990387E+00
      78.0000000000000000   4.8293713427908722E+00   4.3295693833481259E+00
      79.0000000000000000   4.8188091015209240E+00   4.3655496332732255E+00
      80.0000000000000000   4.8100011932899260E+00   4.3992840434577980E+00
      81.0000000000000000   4.8028230628996411E+00   4.4308788643223185E+00
      82.0000000000000000   4.7971608732898483E+00   4.4604360774158849E+00
      83.0000000000000000   4.7929104501796607E+00   4.4880533833103362E+00
      84.0000000000000000   4.7899763381981790E+00   4.5138242352688733E+00
      85.0000000000000000   4.7882709601063631E+00   4.5378379076113333E+00
      86.0000000000000000   4.7877138624614979E+00   4.5601795904902662E+00
      87.0000000000000000   4.7882310409297686E+00   4.5809305056451199E+00
      88.0000000000000000   4.7897543419407871E+00   4.6001680277451502E+00
      89.0000000000000000   4.7922209142015815E+00   4.6179658315724712E+00
      90.0000000000000000   4.7955727284763787E+00   4.6343940285065921E+00
      91.0000000000000000   4.7997561425460571E+00   4.6495193142884714E+00
      92.0000000000000000   4.8047215100183660E+00   4.6634051159859284E+00
      93.0000000000000000   4.8104228289007125E+00   4.6761117380815458E+00
      94.0000000000000000   4.8168174252074412E+00   4.6876965063836176E+00
      95.0000000000000000   4.8238656677278344E+00   4.6982139087716908E+00
      96.0000000000000000   4.8315307106566037E+00   4.7077157320459611E+00
      97.0000000000000000   4.8397782610390916E+00   4.7162511943557073E+00
      98.0000000000000000   4.8485763680539806E+00   4.7238670728774519E+00
      99.0000000000000000   4.8578952339277910E+00   4.7306078263359721E+00
     100.0000000000000000   4.8677070387665218E+00   4.7365157126946951E+00
     103.9989999999999952   4.9113764125357866E+00   4.7525902350692482E+00
     104.0010000000000048   4.9113998770180975E+00   4.7525954911681794E+00
     110.0000000000000000   4.9879560543879089E+00   4.7577197936491009E+00
     120.0000000000000000   5.1369967436968489E+00   4.7294841211559184E+00
     130.0000000000000000   5.3042111644383843E+00   4.6710727864719042E+00
     140.0000000000000000   5.4833459438056273E+00   4.5944968444160867E+00
     150.0000000000000000   5.6630290803999301E+00   4.5279351925092017E+00
     153.9989999999999952   5.7444113716642002E+00   4.4812008636599376E+00
     154.0010000000000048   5.7444595568596108E+00   4.4811603552847465E+00
     160.0000000000000000   5.8593293056141613E+00   4.4298691598565147E+00
     167.9989999999999952   6.0154745628917272E+00   4.3579195981558962E+00
     168.0010000000000048   6.0155220272042111E+00   4.3578825039856017E+00
     169.9989999999999952   6.0562379901960401E+00   4.3365048172449203E+00
     170.0000000000000000   6.0562616773604434E+00   4.3364865189697417E+00
     170.0010000000000048   6.0562853631596099E+00   4.3364682230432727E+00
     180.0000000000000000   6.2535537560431376E+00   4.2476985589359364E+00
     190.0000000000000000   6.4568244737131701E+00   4.1500546138496421E+00
     200.0000000000000000   6.6594567949830523E+00   4.0583006777294584E+00
     210.0000000000000000   6.8614254943721837E+00   3.9719372318112782E+00
     220.0000000000000000   7.0627215286984661E+00   3.8905099946730228E+00
     230.0000000000000000   7.2633463317467211E+00   3.8136084420591678E+00
     231.9989999999999952   7.3081338279507735E+00   3.7883839998417090E+00
     232.0010000000000048   7.3081786111530480E+00   3.7883589428597095E+00
     233.9989999999999952   7.3481055585836792E+00   3.7737887384750448E+00
     234.0010000000000048   7.3481502689679301E+00   3.7737639532011920E+00
     236.9989999999999952   7.4056823190350691E+00   3.7572411867731783E+00
     237.0010000000000048   7.4057269109594621E+00   3.7572167615171184E+00
     240.0000000000000000   7.4678886606797823E+00   3.7309316909599910E+00
     250.0000000000000000   7.6714046391194257E+00   3.6530533985343006E+00
     260.0000000000000000   7.8739362445867958E+00   3.5795513608404232E+00
     270.0000000000000000   8.0755245213294398E+00   3.5100515139793624E+00
     280.0000000000000000   8.2802481555004555E+00   3.4359529382454159E+00
     290.0000000000000000   8.4799292464701175E+00   3.3738410793485021E+00
     300.0000000000000000   8.6826042047184160E+00   3.3071911877049658E+00
     310.0000000000000000   8.8805398865230742E+00   3.2513104865843712E+00
     320.0000000000000000   9.0813311753334904E+00   3.1909862197420140E+00
     330.0000000000000000   9.2811980406303327E+00   3.1335971469555899E+00
     340.0000000000000000   9.4801768540734752E+00   3.0789248224114001E+00
     350.0000000000000000   9.6783020185428867E+00   3.0267722715109300E+00
     360.0000000000000000   9.8756060574637825E+00   2.9769614160280433E+00
     370.0000000000000000   1.0075394379398967E+01   2.9233494189011782E+00
     380.0000000000000000   1.0271074253574980E+01   2.8779351312677823E+00
     390.0000000000000000   1.0466021474449336E+01   2.8344112195949176E+00
     398.9990000000000236   1.0643019205412806E+01   2.7929202535322508E+00
     399.0009999999999764   1.0643059856656748E+01   2.7929087669818866E+00
     400.0000000000000000   1.0663361304053822E+01   2.7871839664642470E+00
     410.0000000000000000   1.0856850314039075E+01   2.7472429792833237E+00
     415.9990000000000236   1.0975023597205016E+01   2.7198451928874388E+00
     416.0009999999999764   1.0975063961243396E+01   2.7198344251604363E+00
     420.0000000000000000   1.1052679336837560E+01   2.7036731246932360E+00
     430.0000000000000000   1.1247773280550630E+01   2.6618316221704799E+00
     440.0000000000000000   1.1439219680885889E+01   2.6265360201489369E+00
     450.0000000000000000   1.1632940848931678E+01   2.5877268530625379E+00
     460.0000000000000000   1.1825990514481932E+01   2.5503625865950155E+00
     470.0000000000000000   1.2018387609860349E+01   2.5143617628041142E+00
     480.0000000000000000   1.2210151013277629E+01   2.4796478080332878E+00
     490.0000000000000000   1.2398560398704026E+01   2.4505117214251664E+00
     500.0000000000000000   1.2589141461500983E+01   2.4180680763698952E+00
     510.0000000000000000   1.2779139572166265E+01   2.3867192016457746E+00
     510.9989999999999668   1.2798619944701247E+01   2.3828142463937261E+00
     511.0009999999999195   1.2798658938531865E+01   2.3828064427527762E+00
     520.0000000000000000   1.2968570329252614E+01   2.3564083914776068E+00
     530.0000000000000000   1.3160060102112809E+01   2.3230830405347271E+00
     540.0000000000000000   1.3348368566902877E+01   2.2947757565395586E+00
     550.0000000000000000   1.3536152407580575E+01   2.2673560419742200E+00
     560.0000000000000000   1.3723424669276945E+01   2.2407813258551976E+00
     570.0000000000000000   1.3910197938642456E+01   2.2150116768073032E+00
     580.0000000000000000   1.4098969427036550E+01   2.1863828076319507E+00
     590.0000000000000000   1.4284750965144585E+01   2.1621789479083611E+00
     600.0000000000000000   1.4470067968035346E+01   2.1386732169253357E+00
     610.0000000000000000   1.4654930459399845E+01   2.1158357968032013E+00
     620.0000000000000000   1.4841737600324752E+01   2.0902646456006795E+00
     630.0000000000000000   1.5025696980723291E+01   2.0687290950989419E+00
     640.0000000000000000   1.5211577924283661E+01   2.0445288896312390E+00
     650.0000000000000000   1.5394670296540275E+01   2.0241885507607940E+00
     660.0000000000000000   1.5579668833150881E+01   2.0012384900113993E+00
     670.0000000000000000   1.5761927046183382E+01   1.9819995852944083E+00
     680.0000000000000000   1.5946078986394884E+01   1.9601988574906306E+00
     690.0000000000000000   1.6127537179040022E+01   1.9419730747880044E+00
     700.0000000000000000   1.6310873158569525E+01   1.9212352526104683E+00
     710.0000000000000000   1.6491564336647393E+01   1.9039421334919482E+00
     720.0000000000000000   1.6674112864223410E+01   1.8841898702180488E+00
     730.0000000000000000   1.6854068823529293E+01   1.8677560374976010E+00
     740.0000000000000000   1.7035855971327017E+01   1.8489205715263557E+00
     750.0000000000000000   1.7217277085041662E+01   1.8305286448071498E+00
     760.0000000000000000   1.7396158301534395E+01   1.8152973127181906E+00
     770.0000000000000000   1.7576858971279446E+01   1.7977242480894835E+00
     780.0000000000000000   1.7757206238303784E+01   1.7805564129739493E+00
     790.0000000000000000   1.7935074377402017E+01   1.7663957410384470E+00
     800.0000000000000000   1.8114739080796536E+01   1.7499617205689535E+00
     810.0000000000000000   1.8294067833378378E+01   1.7338926628593903E+00
     820.0000000000000000   1.8473058024110752E+01   1.7181857063985140E+00
     830.0000000000000000   1.8649651284272803E+01   1.7052907441272198E+00
     840.0000000000000000   1.8828010476894448E+01   1.6902138770454158E+00
     850.0000000000000000   1.9006052450644354E+01   1.6754587760904305E+00
     860.0000000000000000   1.9183777575715691E+01   1.6610201992914622E+00
     870.0000000000000000   1.9361190902515283E+01   1.6468876447600129E+00
     880.0000000000000000   1.9538302684019150E+01   1.6330449344293689E+00
     890.0000000000000000   1.9713137723636017E+01   1.6217494626489950E+00
     900.0000000000000000   1.9889679093983691E+01   1.6084198906642759E+00
     910.0000000000000000   2.0065929018738398E+01   1.5953583332610928E+00
     920.0000000000000000   2.0241891209707745E+01   1.5825571899100144E+00
     930.0000000000000000   2.0417570305345201E+01   1.5700080006579935E+00
     940.0000000000000000   2.0592971905792574E+01   1.5577014566895249E+00
     950.0000000000000000   2.0768101939887497E+01   1.5456281623416903E+00
     960.0000000000000000   2.0942965385289714E+01   1.5337800156876036E+00
     970.0000000000000000   2.1117565873177089E+01   1.5221505658044425E+00
     980.0000000000000000   2.1291906279244987E+01   1.5107343228686090E+00
     990.0000000000000000   2.1465989382226148E+01   1.4995260317448342E+00
    1000.0000000000000000   2.1639818128213957E+01   1.4885203866442145E+00
    1100.0000000000000000   2.3364795359540274E+01   1.3884941686366841E+00
    1200.0000000000000000   2.5069319453420032E+01   1.3020146108568982E+00
    1300.0000000000000000   2.6755605266124881E+01   1.2261760529299717E+00
    1400.0000000000000000   2.8425495395848252E+01   1.1588446910795038E+00
    1500.0000000000000000   3.0078857238276079E+01   1.0998151090531882E+00
    1600.0000000000000000   3.1718615406737346E+01   1.0464133433698257E+00
    1700.0000000000000000   3.3342976909204310E+01   9.9992536507030383E-01
    1800.0000000000000000   3.4957430681978927E+01   9.5604984868752152E-01
    1843.9990000000000236   3.5662821720977064E+01   9.3892876077420040E-01
    1844.0009999999999764   3.5662853865997171E+01   9.3892790130575865E-01
    1900.0000000000000000   3.6558436693925195E+01   9.1745289718600742E-01
    2000.0000000000000000   3.8149497080299831E+01   8.8157526700321009E-01
    2100.0000000000000000   3.9730136831541834E+01   8.4880175103235689E-01
    2200.0000000000000000   4.1302451411306656E+01   8.1779084223990850E-01
    2300.0000000000000000   4.2863793888298368E+01   7.9028851431807523E-01
    2400.0000000000000000   4.4417856933260033E+01   7.6399545398556001E-01
    2475.9989999999997963   4.5593129162799450E+01   7.4542255445740557E-01
    2476.0010000000002037   4.5593159980565119E+01   7.4542209999908593E-01
    2500.0000000000000000   4.5963313426165485E+01   7.3977918048085645E-01
    2526.9989999999997963   4.6379162635582716E+01   7.3355566449618115E-01
    2527.0010000000002037   4.6379193473697484E+01   7.3355517338151344E-01
    2600.0000000000000000   4.7500905098606893E+01   7.1725080112665529E-01
    2631.9989999999997963   4.7991674568803852E+01   7.1016575010864447E-01
    2632.0010000000002037   4.7991705524894002E+01   7.1016514776627959E-01
    2700.0000000000000000   4.9031017185235250E+01   6.9623170271149259E-01
    2800.0000000000000000   5.0553539256286925E+01   6.7679098779924352E-01
    2871.9989999999997963   5.1646570769770619E+01   6.6297644672920286E-01
    2872.0010000000002037   5.1646601143758105E+01   6.6297603825371021E-01
    2900.0000000000000000   5.2070492069457870E+01   6.5789771676948960E-01
    3000.0000000000000000   5.3579838217183344E+01   6.4070753572450090E-01
    3100.0000000000000000   5.5084434229964756E+01   6.2376268899790543E-01
    3200.0000000000000000   5.6581790404203183E+01   6.0832368031887363E-01
    3300.0000000000000000   5.8074307772609558E+01   5.9331821096650283E-01
    3400.0000000000000000   5.9561011373859152E+01   5.7920978177152627E-01
    3500.0000000000000000   6.1041750178934656E+01   5.6608475606435860E-01
    3600.0000000000000000   6.2517486535291901E+01   5.5354746429149659E-01
    3700.0000000000000000   6.3989034785210634E+01   5.4130278431914791E-01
    3800.0000000000000000   6.5455553724570493E+01   5.2965247376628954E-01
    3900.0000000000000000   6.6916434083556680E+01   5.1897392500201778E-01
    4000.0000000000000000   6.8373486382600305E+01   5.0850321962166900E-01
    4100.0000000000000000   6.9826888965784889E+01   4.9818954950109018E-01
    4200.0000000000000000   7.1275197145584656E+01   4.8859923862145199E-01
    4300.0000000000000000   7.2718823608043436E+01   4.7967739277603771E-01
    4400.0000000000000000   7.4161227929339773E+01   4.7004287385271798E-01
    4500.0000000000000000   7.5596332914744167E+01   4.6204818066002085E-01
    4600.0000000000000000   7.7029701063036669E+01   4.5366201902328596E-01
    4700.0000000000000000   7.8457077114430120E+01   4.4631415914975930E-01
    4800.0000000000000000   7.9883298344251259E+01   4.3847053261123520E-01
    4900.0000000000000000   8.1306141358915255E+01   4.3086387983587665E-01
    5000.0000000000000000   8.2725099772454541E+01   4.2367214622268218E-01
    5100.0000000000000000   8.4140323838674348E+01   4.1685856526613063E-01
    5200.0000000000000000   8.5551893203119064E+01   4.1041059837188021E-01
    5300.0000000000000000   8.6959994159630895E+01   4.0427730725318106E-01
    5400.0000000000000000   8.8364199012056361E+01   3.9859406803093195E-01
    5500.0000000000000000   8.9768825648340197E+01   3.9203736589492011E-01
    5600.0000000000000000   9.1168795881310729E+01   3.8619018681209361E-01
    5700.0000000000000000   9.2563534205031232E+01   3.8117497387958343E-01
    5800.0000000000000000   9.3959596148062005E+01   3.7512947347832237E-01
    5900.0000000000000000   9.5347997682104534E+01   3.7069563689039564E-01
    6000.0000000000000000   9.6738996799616544E+01   3.6491547577768779E-01
    6100.0000000000000000   9.8126114189861340E+01   3.5959585244634001E-01
    6200.0000000000000000   9.9505001372180928E+01   3.5595267742476239E-01
    6300.0000000000000000   1.0088783778342811E+02   3.5068506297872737E-01
    6400.0000000000000000   1.0226642203506989E+02   3.4607201807477472E-01
    6500.0000000000000000   1.0364223352907653E+02   3.4152486247235392E-01
    6600.0000000000000000   1.0501676738102616E+02   3.3695910739659257E-01
    6700.0000000000000000   1.0638733749305582E+02   3.3281247417995813E-01
    6800.0000000000000000   1.0775614467576915E+02   3.2868469771303482E-01
    6900.0000000000000000   1.0912172006038438E+02   3.2491951419949794E-01
    7000.0000000000000000   1.1048493775841408E+02   3.2122933398451542E-01
    7100.0000000000000000   1.1184646456716413E+02   3.1755311099897948E-01
    7200.0000000000000000   1.1320441982574341E+02   3.1428355020476462E-01
    7300.0000000000000000   1.1456020776741610E+02   3.1105737788795862E-01
    7400.0000000000000000   1.1592052404868095E+02   3.0643548410743343E-01
    7500.0000000000000000   1.1727140785749400E+02   3.0350925405160234E-01
    7600.0000000000000000   1.1862157797577052E+02   3.0055835577406953E-01
    7700.0000000000000000   1.1997382399223893E+02   2.9651580202259115E-01
    7800.0000000000000000   1.2131904808819507E+02   2.9378906269447075E-01
    7900.0000000000000000   1.2266255747267456E+02   2.9122185066903172E-01
    8000.0000000000000000   1.2400813774729266E+02   2.8764021330648137E-01
    8100.0000000000000000   1.2534663919153981E+02   2.8525871841261080E-01
    8200.0000000000000000   1.2668948860684955E+02   2.8180012993295633E-01
    8300.0000000000000000   1.2802564738009846E+02   2.7935199953474438E-01
    8400.0000000000000000   1.2936327034804040E+02   2.7611474426745519E-01
    8500.0000000000000000   1.3069899982675403E+02   2.7301212973498079E-01
    8600.0000000000000000   1.3202742236246104E+02   2.7134502261216920E-01
    8700.0000000000000000   1.3336136387010083E+02   2.6822405403224042E-01
    8800.0000000000000000   1.3469268195936257E+02   2.6509960202075500E-01
    8900.0000000000000000   1.3601307094791028E+02   2.6399242749196883E-01
    9000.0000000000000000   1.3734259723494668E+02   2.6069987318265064E-01
    9100.0000000000000000   1.3866653713141480E+02   2.5839089612347205E-01
    9200.0000000000000000   1.3999197464439766E+02   2.5554272706765419E-01
    9300.0000000000000000   1.4131140447709771E+02   2.5365342430271565E-01
    9400.0000000000000000   1.4262699502608763E+02   2.5213797714093722E-01
    9500.0000000000000000   1.4394718993876415E+02   2.4939053124114102E-01
    9600.0000000000000000   1.4526450307519943E+02   2.4701806631517481E-01
    9700.0000000000000000   1.4657922537350979E+02   2.4482870431605760E-01
    9800.0000000000000000   1.4789138020460928E+02   2.4289636621365962E-01
    9900.0000000000000000   1.4920281562439368E+02   2.4086896803232866E-01
   10000.0000000000000000   1.5051326026879539E+02   2.3880751726160920E-01
   11000.0000000000000000   1.6354442355838037E+02   2.1982816911731171E-01
   12000.0000000000000000   1.7644087182135820E+02   2.0471568078658603E-01
   13000.0000000000000000   1.8922356866951247E+02   1.9150862365778187E-01
   14000.0000000000000000   2.0190616126658054E+02   1.7946650998684185E-01
   15000.0000000000000000   2.1448694313729587E+02   1.6940920697245568E-01
   16000.0000000000000000   2.2698603196687262E+02   1.6056097893539775E-01
   17000.0000000000000000   2.3939669952066708E+02   1.5247637580176379E-01
   18000.0000000000000000   2.5173168217258953E+02   1.4602522242630042E-01
   19000.0000000000000000   2.6400742401216212E+02   1.3839156007346823E-01
   20000.0000000000000000   2.7621124924765184E+02   1.3260577128466439E-01
   20005.9989999999997963   2.7628572563967037E+02   1.3240757497441885E-01
   20006.0010000000002037   2.7628575040935414E+02   1.3240752068815603E-01
   21000.0000000000000000   2.8834263051729397E+02   1.2821494311661774E-01
   22000.0000000000000000   3.0043280750580300E+02   1.2205110076205271E-01
   23000.0000000000000000   3.1244678586758920E+02   1.1726725971009591E-01
   24000.0000000000000000   3.2442639968033046E+02   1.1331108256240187E-01
   25000.0000000000000000   3.3634417991386812E+02   1.1022532480069375E-01
   26000.0000000000000000   3.4822133599842948E+02   1.0662219500803029E-01
   27000.0000000000000000   3.6005482073938623E+02   1.0236336370822068E-01
   28000.0000000000000000   3.7181853710700983E+02   9.9691573240483569E-02
   29000.0000000000000000   3.8357192690237366E+02   9.7222620285496608E-02
   30000.0000000000000000   3.9527476443548244E+02   9.3351039137210212E-02
   31000.0000000000000000   4.0695944193149893E+02   9.0853463723317526E-02
   32000.0000000000000000   4.1856921241376693E+02   8.8448079679322625E-02
   33000.0000000000000000   4.3013036871934247E+02   8.7310307156142491E-02
   34000.0000000000000000   4.4168462291942961E+02   8.5119819256721019E-02
   35000.0000000000000000   4.5322893185588458E+02   8.1700064725811664E-02
   36000.0000000000000000   4.6471694987210685E+02   8.0765758021627720E-02
   37000.0000000000000000   4.7620358013963789E+02   7.9201961921816055E-02
   38000.0000000000000000   4.8765411620519478E+02   7.5969120343637453E-02
   39000.0000000000000000   4.9901534906027194E+02   7.4351858678442365E-02
   40000.0000000000000000   5.1044623511535093E+02   7.2524148003345529E-02
   41000.0000000000000000   5.2175524484754942E+02   7.0807936561658999E-02
   42000.0000000000000000   5.3310280821230765E+02   7.0245096724743869E-02
   43000.0000000000000000   5.4435337730417484E+02   6.8138289080376710E-02
   44000.0000000000000000   5.5567561159933075E+02   6.6531400600414126E-02
   45000.0000000000000000   5.6692907246270795E+02   6.5670676922013269E-02
   46000.0000000000000000   5.7810302384853992E+02   6.4317263894915919E-02
   47000.0000000000000000   5.8927539518442063E+02   6.3916036960447453E-02
   48000.0000000000000000   6.0049481760892024E+02   6.2185019576922504E-02
   49000.0000000000000000   6.1165472064439655E+02   6.1684710107118297E-02
   50000.0000000000000000   6.2281908390051763E+02   5.9756954768798526E-02
