       0.1000000000000000   1.0000000000000000E+30   0.0000000000000000E+00
       0.2000000000000000   1.0000000000000000E+30   0.0000000000000000E+00
       0.3000000000000000   1.0000000000000000E+30   0.0000000000000000E+00
       0.4000000000000000   1.0000000000000000E+30   0.0000000000000000E+00
       0.5000000000000000   1.0000000000000000E+30   0.0000000000000000E+00
       0.6000000000000000   1.0000000000000000E+30   0.0000000000000000E+00
       0.7000000000000000   1.0000000000000000E+30   0.0000000000000000E+00
       0.7999999999999999   1.0000000000000000E+30   0.0000000000000000E+00
       0.8999999999999999   1.0000000000000000E+30   0.0000000000000000E+00
       0.9999999999999999   1.0000000000000000E+30   0.0000000000000000E+00
       2.0000000000000000   1.0000000000000000E+30   0.0000000000000000E+00
       3.0000000000000000   1.0000000000000000E+30   0.0000000000000000E+00
       4.0000000000000000   1.0000000000000000E+30   0.0000000000000000E+00
       5.0000000000000000   1.0000000000000000E+30   0.0000000000000000E+00
       6.0000000000000000   1.0000000000000000E+30   0.0000000000000000E+00
       7.0000000000000000   1.0000000000000000E+30   0.0000000000000000E+00
       8.0000000000000000   1.0000000000000000E+30   0.0000000000000000E+00
       9.0000000000000000   1.0000000000000000E+30   0.0000000000000000E+00
      10.0000000000000000   1.0000000000000000E+30   0.0000000000000000E+00
      11.0000000000000000   1.0000000000000000E+30   0.0000000000000000E+00
      12.0000000000000000   1.0000000000000000E+30   0.0000000000000000E+00
      13.0000000000000000   1.0000000000000000E+30   0.0000000000000000E+00
      14.0000000000000000   1.0000000000000000E+30   0.0000000000000000E+00
      15.0000000000000000   1.0000000000000000E+30   0.0000000000000000E+00
      16.0000000000000000   1.0000000000000000E+30   0.0000000000000000E+00
      17.0000000000000000   1.0000000000000000E+30   0.0000000000000000E+00
      18.0000000000000000   1.0000000000000000E+30   0.0000000000000000E+00
      19.0000000000000000   1.0000000000000000E+30   0.0000000000000000E+00
      20.0000000000000000   1.0000000000000000E+30   0.0000000000000000E+00
      21.0000000000000000   1.0000000000000000E+30   0.0000000000000000E+00
      22.0000000000000000   1.0000000000000000E+30   0.0000000000000000E+00
      23.0000000000000000   1.0000000000000000E+30   0.0000000000000000E+00
      24.0000000000000000   1.0000000000000000E+30   0.0000000000000000E+00
      25.0000000000000000   1.0000000000000000E+30   0.0000000000000000E+00
      26.0000000000000000   1.0000000000000000E+30   0.0000000000000000E+00
      27.0000000000000000   1.0000000000000000E+30   0.0000000000000000E+00
      28.0000000000000000   1.0000000000000000E+30   0.0000000000000000E+00
      29.0000000000000000   1.0000000000000000E+30   0.0000000000000000E+00
      30.0000000000000000   1.0000000000000000E+30   0.0000000000000000E+00
      31.0000000000000000   1.0000000000000000E+30   0.0000000000000000E+00
      32.0000000000000000   1.0000000000000000E+30   0.0000000000000000E+00
      33.0000000000000000   1.0000000000000000E+30   0.0000000000000000E+00
      34.0000000000000000   1.0000000000000000E+30   0.0000000000000000E+00
      35.0000000000000000   1.0000000000000000E+30   0.0000000000000000E+00
      36.0000000000000000   1.0000000000000000E+30   0.0000000000000000E+00
      37.0000000000000000   1.0000000000000000E+30   0.0000000000000000E+00
      38.0000000000000000   1.0000000000000000E+30   0.0000000000000000E+00
      39.0000000000000000   1.0000000000000000E+30   0.0000000000000000E+00
      40.0000000000000000   1.0000000000000000E+30   0.0000000000000000E+00
      41.0000000000000000   1.0000000000000000E+30   0.0000000000000000E+00
      41.9990000000000023   1.0000000000000000E+30   0.0000000000000000E+00
      42.0000000000000000   1.0000000000000000E+30   0.0000000000000000E+00
      42.0009999999999977   1.0000000000000000E+30   0.0000000000000000E+00
      43.0000000000000000   1.0000000000000000E+30   0.0000000000000000E+00
      44.0000000000000000   1.0000000000000000E+30   0.0000000000000000E+00
      44.9990000000000023   1.0000000000000000E+30   0.0000000000000000E+00
      45.0000000000000000   1.0000000000000000E+30   0.0000000000000000E+00
      45.0009999999999977   1.0000000000000000E+30   0.0000000000000000E+00
      46.0000000000000000   1.0000000000000000E+30   0.0000000000000000E+00
      47.0000000000000000   1.0000000000000000E+30   0.0000000000000000E+00
      48.0000000000000000   1.0000000000000000E+30   0.0000000000000000E+00
      49.0000000000000000   1.0000000000000000E+30   0.0000000000000000E+00
      50.0000000000000000   1.0000000000000000E+30   0.0000000000000000E+00
      51.0000000000000000   1.0000000000000000E+30   0.0000000000000000E+00
      52.0000000000000000   1.0000000000000000E+30   0.0000000000000000E+00
      53.0000000000000000   1.0000000000000000E+30   0.0000000000000000E+00
      54.0000000000000000   1.0000000000000000E+30   0.0000000000000000E+00
      55.0000000000000000   1.0000000000000000E+30   0.0000000000000000E+00
      56.0000000000000000   1.0000000000000000E+30   0.0000000000000000E+00
      57.0000000000000000   1.0000000000000000E+30   0.0000000000000000E+00
      58.0000000000000000   1.0000000000000000E+30   0.0000000000000000E+00
      59.0000000000000000   1.0000000000000000E+30   0.0000000000000000E+00
      60.0000000000000000   1.0000000000000000E+30   0.0000000000000000E+00
      61.0000000000000000   1.0000000000000000E+30   0.0000000000000000E+00
      62.0000000000000000   1.0000000000000000E+30   0.0000000000000000E+00
      63.0000000000000000   1.0000000000000000E+30   0.0000000000000000E+00
      64.0000000000000000   1.0000000000000000E+30   0.0000000000000000E+00
      65.0000000000000000   1.0000000000000000E+30   0.0000000000000000E+00
      66.0000000000000000   1.0000000000000000E+30   0.0000000000000000E+00
      67.0000000000000000   1.0000000000000000E+30   0.0000000000000000E+00
      67.9989999999999952   1.0000000000000000E+30   0.0000000000000000E+00
      68.0000000000000000   1.0000000000000000E+30   0.0000000000000000E+00
      68.0010000000000048   1.0000000000000000E+30   0.0000000000000000E+00
      69.0000000000000000   1.0000000000000000E+30   0.0000000000000000E+00
      70.0000000000000000   1.0000000000000000E+30   0.0000000000000000E+00
      71.0000000000000000   1.0000000000000000E+30   0.0000000000000000E+00
      72.0000000000000000   1.0000000000000000E+30   0.0000000000000000E+00
      73.0000000000000000   1.0000000000000000E+30   0.0000000000000000E+00
      74.0000000000000000   1.0000000000000000E+30   0.0000000000000000E+00
      75.0000000000000000   1.0000000000000000E+30   0.0000000000000000E+00
      76.0000000000000000   1.0000000000000000E+30   0.0000000000000000E+00
      77.0000000000000000   1.0000000000000000E+30   0.0000000000000000E+00
      78.0000000000000000   1.0000000000000000E+30   0.0000000000000000E+00
      79.0000000000000000   1.0000000000000000E+30   0.0000000000000000E+00
      80.0000000000000000   1.0000000000000000E+30   0.0000000000000000E+00
      81.0000000000000000   1.0000000000000000E+30   0.0000000000000000E+00
      82.0000000000000000   1.0000000000000000E+30   0.0000000000000000E+00
      83.0000000000000000   1.0000000000000000E+30   0.0000000000000000E+00
      84.0000000000000000   1.0000000000000000E+30   0.0000000000000000E+00
      85.0000000000000000   1.0000000000000000E+30   0.0000000000000000E+00
      86.0000000000000000   1.0000000000000000E+30   0.0000000000000000E+00
      87.0000000000000000   1.0000000000000000E+30   0.0000000000000000E+00
      88.0000000000000000   1.0000000000000000E+30   0.0000000000000000E+00
      89.0000000000000000   1.0000000000000000E+30   0.0000000000000000E+00
      90.0000000000000000   1.0000000000000000E+30   0.0000000000000000E+00
      91.0000000000000000   1.0000000000000000E+30   0.0000000000000000E+00
      92.0000000000000000   1.0000000000000000E+30   0.0000000000000000E+00
      93.0000000000000000   1.0000000000000000E+30   0.0000000000000000E+00
      94.0000000000000000   1.0000000000000000E+30   0.0000000000000000E+00
      95.0000000000000000   1.0000000000000000E+30   0.0000000000000000E+00
      96.0000000000000000   1.0000000000000000E+30   0.0000000000000000E+00
      97.0000000000000000   1.0000000000000000E+30   0.0000000000000000E+00
      98.0000000000000000   1.0000000000000000E+30   0.0000000000000000E+00
      99.0000000000000000   1.0000000000000000E+30   0.0000000000000000E+00
     100.0000000000000000   1.0000000000000000E+30   0.0000000000000000E+00
     103.9989999999999952   1.0000000000000000E+30   0.0000000000000000E+00
     104.0010000000000048   1.0000000000000000E+30   0.0000000000000000E+00
     110.0000000000000000   1.0000000000000000E+30   0.0000000000000000E+00
     120.0000000000000000   1.0000000000000000E+30   0.0000000000000000E+00
     130.0000000000000000   1.0000000000000000E+30   0.0000000000000000E+00
     140.0000000000000000   1.0000000000000000E+30   0.0000000000000000E+00
     150.0000000000000000   1.0000000000000000E+30   0.0000000000000000E+00
     153.9989999999999952   1.0000000000000000E+30   0.0000000000000000E+00
     154.0010000000000048   1.0000000000000000E+30   0.0000000000000000E+00
     160.0000000000000000   1.0000000000000000E+30   0.0000000000000000E+00
     167.9989999999999952   1.0000000000000000E+30   0.0000000000000000E+00
     168.0010000000000048   1.0000000000000000E+30   0.0000000000000000E+00
     169.9989999999999952   1.0000000000000000E+30   0.0000000000000000E+00
     170.0000000000000000   1.0000000000000000E+30   0.0000000000000000E+00
     170.0010000000000048   1.0000000000000000E+30   0.0000000000000000E+00
     180.0000000000000000   1.0000000000000000E+30   0.0000000000000000E+00
     190.0000000000000000   1.0000000000000000E+30   0.0000000000000000E+00
     200.0000000000000000   1.0000000000000000E+30   0.0000000000000000E+00
     210.0000000000000000   1.0000000000000000E+30   0.0000000000000000E+00
     220.0000000000000000   1.0000000000000000E+30   0.0000000000000000E+00
     230.0000000000000000   1.0000000000000000E+30   0.0000000000000000E+00
     231.9989999999999952   1.0000000000000000E+30   0.0000000000000000E+00
     232.0010000000000048   1.0000000000000000E+30   0.0000000000000000E+00
     233.9989999999999952   1.0000000000000000E+30   0.0000000000000000E+00
     234.0010000000000048   1.0000000000000000E+30   0.0000000000000000E+00
     236.9989999999999952   1.0000000000000000E+30   0.0000000000000000E+00
     237.0010000000000048   7.5231451103735733E+10   3.1502781951288374E-09
     240.0000000000000000   1.7256580605280034E+06   1.3774373934002189E-04
     250.0000000000000000   1.8712503066795427E+05   1.2825165133299244E-03
     260.0000000000000000   7.7784079134124171E+04   3.1143252878166818E-03
     270.0000000000000000   4.4493673020784932E+04   5.4945618251969553E-03
     280.0000000000000000   2.9536950637098729E+04   8.3517835266277204E-03
     290.0000000000000000   2.1393131818333590E+04   1.1634082933450409E-02
     300.0000000000000000   1.6411717443134334E+04   1.5299307936846595E-02
     310.0000000000000000   1.3116645982672406E+04   1.9310169476861531E-02
     320.0000000000000000   1.0809806831541449E+04   2.3634268099009408E-02
     330.0000000000000000   9.1241624231723508E+03   2.8241577351590476E-02
     340.0000000000000000   7.8501764630021889E+03   3.3105251285566684E-02
     350.0000000000000000   6.8610529486495216E+03   3.8199098252775898E-02
     360.0000000000000000   6.0757380635280588E+03   4.3499610501229316E-02
     370.0000000000000000   5.4405996812178382E+03   4.8983558855108203E-02
     380.0000000000000000   4.9187826084679873E+03   5.4629038364481540E-02
     390.0000000000000000   4.4842191002093068E+03   6.0415514765506474E-02
     398.9990000000000236   4.1521068153392371E+03   6.5726122584137528E-02
     399.0009999999999764   4.1520385510544966E+03   6.5727309328255795E-02
     400.0000000000000000   4.1181128336797847E+03   6.6322288242568167E-02
     410.0000000000000000   3.8065477356396132E+03   7.2329474003461125E-02
     415.9990000000000236   3.6413309802255885E+03   7.5973594048323781E-02
     416.0009999999999764   3.6412784499693621E+03   7.5974810694260958E-02
     420.0000000000000000   3.5390243644312523E+03   7.8418155582905436E-02
     430.0000000000000000   3.3075131807426155E+03   8.4569735986463293E-02
     440.0000000000000000   3.1057693567450310E+03   9.0766277697628975E-02
     450.0000000000000000   2.9288801117743769E+03   9.6990284849727243E-02
     460.0000000000000000   2.7729173001565932E+03   1.0322533500753442E-01
     470.0000000000000000   2.6347196151116636E+03   1.0945557884152422E-01
     480.0000000000000000   2.5117167547322579E+03   1.1566573520889432E-01
     490.0000000000000000   2.4017811898146410E+03   1.2184232918782818E-01
     500.0000000000000000   2.3031699903357799E+03   1.2797161706782789E-01
     510.0000000000000000   2.2144153078778800E+03   1.3404157128772393E-01
     510.9989999999999668   2.2060414651313013E+03   1.3464423797329089E-01
     511.0009999999999195   2.2060248011842868E+03   1.3464544283367677E-01
     520.0000000000000000   2.1342863843527998E+03   1.4004095488863866E-01
     530.0000000000000000   2.0617398683465585E+03   1.4595965233716959E-01
     540.0000000000000000   1.9958872077368662E+03   1.5178858379977819E-01
     550.0000000000000000   1.9359680423049085E+03   1.5751961293056965E-01
     560.0000000000000000   1.8813277959292429E+03   1.6314561960160662E-01
     570.0000000000000000   1.8313991033779675E+03   1.6866053918011609E-01
     580.0000000000000000   1.7856911004034462E+03   1.7405904333528030E-01
     590.0000000000000000   1.7437736514038659E+03   1.7933685820838038E-01
     600.0000000000000000   1.7052706630871378E+03   1.8449046556098378E-01
     610.0000000000000000   1.6698525422509197E+03   1.8951699272971564E-01
     620.0000000000000000   1.6372264698479216E+03   1.9441455418618206E-01
     630.0000000000000000   1.6071355436535673E+03   1.9918161101754051E-01
     640.0000000000000000   1.5793510504049323E+03   2.0381732190960547E-01
     650.0000000000000000   1.5536688657273667E+03   2.0832147147043428E-01
     660.0000000000000000   1.5299076750813697E+03   2.1269417668822402E-01
     670.0000000000000000   1.5079048394426734E+03   2.1693606629469922E-01
     680.0000000000000000   1.4875151777877402E+03   2.2104803854275759E-01
     690.0000000000000000   1.4686077113610584E+03   2.2503137912222657E-01
     700.0000000000000000   1.4510643981415717E+03   2.2888768904900411E-01
     710.0000000000000000   1.4347789634587068E+03   2.3261877087997440E-01
     720.0000000000000000   1.4196554390600118E+03   2.3622659670691262E-01
     730.0000000000000000   1.4056066355987871E+03   2.3971335508662173E-01
     740.0000000000000000   1.3925531061245222E+03   2.4308144504041990E-01
     750.0000000000000000   1.3804235018866068E+03   2.4633318973112248E-01
     760.0000000000000000   1.3691519110606641E+03   2.4947120645209395E-01
     770.0000000000000000   1.3586788173460352E+03   2.5249804371443579E-01
     780.0000000000000000   1.3489495451952025E+03   2.5541636434294945E-01
     790.0000000000000000   1.3399144047695841E+03   2.5822878063226401E-01
     800.0000000000000000   1.3315269002356190E+03   2.6093815537085929E-01
     810.0000000000000000   1.3237455107149804E+03   2.6354706255625659E-01
     820.0000000000000000   1.3165311723328250E+03   2.6605831603514962E-01
     830.0000000000000000   1.3098488866789655E+03   2.6847443887087680E-01
     840.0000000000000000   1.3036651383920641E+03   2.7079828407644840E-01
     850.0000000000000000   1.2979499963735011E+03   2.7303239264320678E-01
     860.0000000000000000   1.2926752341458541E+03   2.7517943095246639E-01
     870.0000000000000000   1.2878149116274644E+03   2.7724196332491485E-01
     880.0000000000000000   1.2833455749868010E+03   2.7922235669942153E-01
     890.0000000000000000   1.2792441221936585E+03   2.8112331564811904E-01
     900.0000000000000000   1.2754906590817759E+03   2.8294701806448902E-01
     910.0000000000000000   1.2720649857364656E+03   2.8469613905348473E-01
     920.0000000000000000   1.2689501770588238E+03   2.8637267611354339E-01
     930.0000000000000000   1.2661291001554018E+03   2.8797902979037138E-01
     940.0000000000000000   1.2635860794142700E+03   2.8951743829281762E-01
     950.0000000000000000   1.2613067105177017E+03   2.9099000242275291E-01
     960.0000000000000000   1.2592771701002939E+03   2.9239890159360360E-01
     970.0000000000000000   1.2574853951625464E+03   2.9374593430115647E-01
     980.0000000000000000   1.2559189367287340E+03   2.9503327063462520E-01
     990.0000000000000000   1.2545666311632901E+03   2.9626283935710673E-01
    1000.0000000000000000   1.2534183760361818E+03   2.9743636119836014E-01
    1100.0000000000000000   1.2512509535887377E+03   3.0646452547986197E-01
    1200.0000000000000000   1.2615738521700000E+03   3.1156638194906300E-01
    1300.0000000000000000   1.2801549278848863E+03   3.1385147520195578E-01
    1400.0000000000000000   1.3044227835943468E+03   3.1411537753211916E-01
    1500.0000000000000000   1.3327346371114418E+03   3.1292931662209800E-01
    1600.0000000000000000   1.3639970971853363E+03   3.1070562556593262E-01
    1700.0000000000000000   1.3974572579971918E+03   3.0774396647992930E-01
    1800.0000000000000000   1.4325817183574441E+03   3.0426361448888517E-01
    1843.9990000000000236   1.4484596139439579E+03   3.0261123218551039E-01
    1844.0009999999999764   1.4484603408729047E+03   3.0261115568423974E-01
    1900.0000000000000000   1.4689833559792096E+03   3.0042602555001968E-01
    2000.0000000000000000   1.5063753073651758E+03   2.9635073848383209E-01
    2100.0000000000000000   1.5445412282526543E+03   2.9212660057690187E-01
    2200.0000000000000000   1.5833153779475640E+03   2.8781983510019832E-01
    2300.0000000000000000   1.6225690777175603E+03   2.8347983907845514E-01
    2400.0000000000000000   1.6622012075829930E+03   2.7914342844547801E-01
    2475.9989999999997963   1.6925243070684487E+03   2.7586729144415167E-01
    2476.0010000000002037   1.6925251070563672E+03   2.7586720554955041E-01
    2500.0000000000000000   1.7021314939433460E+03   2.7483792941595364E-01
    2526.9989999999997963   1.7129547364685677E+03   2.7368353933268263E-01
    2527.0010000000002037   1.7129555388235469E+03   2.7368345396561311E-01
    2600.0000000000000000   1.7422956238640193E+03   2.7058349212424321E-01
    2631.9989999999997963   1.7551883551083508E+03   2.6923542328668931E-01
    2632.0010000000002037   1.7551891614798435E+03   2.6923533924874998E-01
    2700.0000000000000000   1.7826416281188010E+03   2.6639481203101273E-01
    2800.0000000000000000   1.8219439885081242E+03   2.6291848836624954E-01
    2871.9989999999997963   1.8519241799909717E+03   2.5975027703387649E-01
    2872.0010000000002037   1.8519251276509242E+03   2.5975013809382880E-01
    2900.0000000000000000   1.8630970074861282E+03   2.5875613780052636E-01
    3000.0000000000000000   1.9040908532903275E+03   2.5478808971495326E-01
    3100.0000000000000000   1.9449319490928976E+03   2.5100026561467709E-01
    3200.0000000000000000   1.9856266790557731E+03   2.4737989737609614E-01
    3300.0000000000000000   2.0261813134218746E+03   2.4391538610433006E-01
    3400.0000000000000000   2.0666019189969775E+03   2.4059618767671076E-01
    3500.0000000000000000   2.1068943529369521E+03   2.3741269067418169E-01
    3600.0000000000000000   2.1488152974149598E+03   2.3362756211930616E-01
    3700.0000000000000000   2.1888241732753690E+03   2.3071312572680447E-01
    3800.0000000000000000   2.2287219100958350E+03   2.2790902503565402E-01
    3900.0000000000000000   2.2701592369581340E+03   2.2454427251529421E-01
    4000.0000000000000000   2.3114344520773989E+03   2.2131506872087575E-01
    4100.0000000000000000   2.3509449435243000E+03   2.1884191623110771E-01
    4200.0000000000000000   2.3919312039856713E+03   2.1584278762318443E-01
    4300.0000000000000000   2.4327711828478714E+03   2.1295673403284135E-01
    4400.0000000000000000   2.4734697084050567E+03   2.1017716606853240E-01
    4500.0000000000000000   2.5125203784692958E+03   2.0806391138848873E-01
    4600.0000000000000000   2.5529684678830486E+03   2.0546582214035769E-01
    4700.0000000000000000   2.5932883951560320E+03   2.0295789604740233E-01
    4800.0000000000000000   2.6334842256474917E+03   2.0053527466874449E-01
    4900.0000000000000000   2.6735598378711184E+03   1.9819345286227891E-01
    5000.0000000000000000   2.7135189574815786E+03   1.9592823982604177E-01
    5100.0000000000000000   2.7533651513948698E+03   1.9373573564556720E-01
    5200.0000000000000000   2.7944825309954172E+03   1.9113128720288239E-01
    5300.0000000000000000   2.8340946759989424E+03   1.8908382253266032E-01
    5400.0000000000000000   2.8736038288728273E+03   1.8709848505495202E-01
    5500.0000000000000000   2.9130129973420635E+03   1.8517233300460204E-01
    5600.0000000000000000   2.9523250644775676E+03   1.8330261150149446E-01
    5700.0000000000000000   2.9928497947322903E+03   1.8105258721139619E-01
    5800.0000000000000000   3.0319578854979191E+03   1.7929669401808274E-01
    5900.0000000000000000   3.0709769765632068E+03   1.7758964836964011E-01
    6000.0000000000000000   3.1111790463404063E+03   1.7551919132176921E-01
    6100.0000000000000000   3.1500095949313836E+03   1.7391130967143273E-01
    6200.0000000000000000   3.1900080949374114E+03   1.7195033738889304E-01
    6300.0000000000000000   3.2286594913248819E+03   1.7043307548116959E-01
    6400.0000000000000000   3.2672334862568209E+03   1.6895471895058156E-01
    6500.0000000000000000   3.3069442372299391E+03   1.6713839347947115E-01
    6600.0000000000000000   3.3465615435734544E+03   1.6537044876992785E-01
    6700.0000000000000000   3.3848802467240585E+03   1.6401251441760972E-01
    6800.0000000000000000   3.4243188454560391E+03   1.6232993086522837E-01
    6900.0000000000000000   3.4624828562989924E+03   1.6104225484570850E-01
    7000.0000000000000000   3.5017500152827320E+03   1.5943861461395578E-01
    7100.0000000000000000   3.5397664152447592E+03   1.5821579178908010E-01
    7200.0000000000000000   3.5788689558950537E+03   1.5668531976469699E-01
    7300.0000000000000000   3.6178900105478247E+03   1.5519186525874662E-01
    7400.0000000000000000   3.6556886854558438E+03   1.5405997687850972E-01
    7500.0000000000000000   3.6945545256102178E+03   1.5263192987934951E-01
    7600.0000000000000000   3.7333432453091555E+03   1.5123711244709434E-01
    7700.0000000000000000   3.7720561971942875E+03   1.4987433959793708E-01
    7800.0000000000000000   3.8095800018524087E+03   1.4885027728137906E-01
    7900.0000000000000000   3.8481490050909747E+03   1.4754413566372415E-01
    8000.0000000000000000   3.8866461513494637E+03   1.4626691434004319E-01
    8100.0000000000000000   3.9250726637483872E+03   1.4501762791822800E-01
    8200.0000000000000000   3.9623432294119380E+03   1.4408681055416941E-01
    8300.0000000000000000   4.0006358339719582E+03   1.4288690704582904E-01
    8400.0000000000000000   4.0388613029356457E+03   1.4171234188091569E-01
    8500.0000000000000000   4.0770207294535785E+03   1.4056229258915276E-01
    8600.0000000000000000   4.1151151600411740E+03   1.3943597724812876E-01
    8700.0000000000000000   4.1531456142084990E+03   1.3833264767763054E-01
    8800.0000000000000000   4.1900634233089941E+03   1.3752157391603345E-01
    8900.0000000000000000   4.2279731236041744E+03   1.3645884693098936E-01
    9000.0000000000000000   4.2658218632464195E+03   1.3541710247947364E-01
    9100.0000000000000000   4.3036105707968109E+03   1.3439570571282897E-01
    9200.0000000000000000   4.3413401456051315E+03   1.3339404910144301E-01
    9300.0000000000000000   4.3790114735387424E+03   1.3241154762572357E-01
    9400.0000000000000000   4.4166254204061861E+03   1.3144763930079664E-01
    9500.0000000000000000   4.4541828344391770E+03   1.3050178348719996E-01
    9600.0000000000000000   4.4916845481621203E+03   1.2957345983646659E-01
    9700.0000000000000000   4.5291313738113649E+03   1.2866216822562770E-01
    9800.0000000000000000   4.5665241038341428E+03   1.2776742796723672E-01
    9900.0000000000000000   4.6038635119772716E+03   1.2688877671269580E-01
   10000.0000000000000000   4.6411503543620584E+03   1.2602576948606106E-01
   11000.0000000000000000   5.0122316076041607E+03   1.1795666765145052E-01
   12000.0000000000000000   5.3786877604170058E+03   1.1110304012178379E-01
   13000.0000000000000000   5.7419297707703990E+03   1.0502506052281642E-01
   14000.0000000000000000   6.1023002228330652E+03   9.9572197021495251E-02
   15000.0000000000000000   6.4592487272827584E+03   9.4783864299283441E-02
   16000.0000000000000000   6.8138979845084086E+03   9.0399899087523397E-02
   17000.0000000000000000   7.1656471397255191E+03   8.6490370788443044E-02
   18000.0000000000000000   7.5147256096337533E+03   8.2979966434977875E-02
   19000.0000000000000000   7.8620931251981265E+03   7.9690448464585187E-02
   20000.0000000000000000   8.2063767569335505E+03   7.6817455313109559E-02
   20005.9989999999997963   8.2084622618891553E+03   7.6796976474193507E-02
   20006.0010000000002037   8.2084629571513160E+03   7.6796969650098440E-02
   21000.0000000000000000   8.5499789179547624E+03   7.3981937381366519E-02
   22000.0000000000000000   8.8907780819998807E+03   7.1488820762928798E-02
   23000.0000000000000000   9.2303802460963143E+03   6.9096967786821437E-02
   24000.0000000000000000   9.5674170920517481E+03   6.6986419232540798E-02
   25000.0000000000000000   9.9034421336203577E+03   6.4940950531063260E-02
   26000.0000000000000000   1.0237813972268004E+04   6.3042196146544938E-02
   27000.0000000000000000   1.0571302658863429E+04   6.1190689477652639E-02
   28000.0000000000000000   1.0902606969796445E+04   5.9542743919640560E-02
   29000.0000000000000000   1.1232470238374803E+04   5.8002404461052162E-02
   30000.0000000000000000   1.1561645997957447E+04   5.6481003935034343E-02
   31000.0000000000000000   1.1889479196021190E+04   5.5054019406380494E-02
   32000.0000000000000000   1.2216050188175715E+04   5.3710219283806482E-02
   33000.0000000000000000   1.2541413818427314E+04   5.2441776277986088E-02
   34000.0000000000000000   1.2865607554532880E+04   5.1243301125006746E-02
   35000.0000000000000000   1.3188674918998397E+04   5.0109091236409782E-02
   36000.0000000000000000   1.3510657196159271E+04   4.9033958553281638E-02
   37000.0000000000000000   1.3831605205380496E+04   4.8011988283117715E-02
   38000.0000000000000000   1.4151552916752671E+04   4.7039583462846292E-02
   39000.0000000000000000   1.4471073184358014E+04   4.6062113437065809E-02
   40000.0000000000000000   1.4789096556402908E+04   4.5180597572375948E-02
   41000.0000000000000000   1.5106745007694315E+04   4.4290402302135039E-02
   42000.0000000000000000   1.5422973027049062E+04   4.3486814027497281E-02
   43000.0000000000000000   1.5738849323341996E+04   4.2673636877484274E-02
   44000.0000000000000000   1.6053922739432131E+04   4.1891521884233202E-02
   45000.0000000000000000   1.6368187865985767E+04   4.1141362273944382E-02
   46000.0000000000000000   1.6681038604025947E+04   4.0473031274654958E-02
   47000.0000000000000000   1.6993717925620516E+04   3.9782702901121958E-02
   48000.0000000000000000   1.7305627592050401E+04   3.9120199259046848E-02
   49000.0000000000000000   1.7616808800039984E+04   3.8482724565211804E-02
   50000.0000000000000000   1.7927281321637431E+04   3.7868762011583207E-02
