       0.1000000000000000   1.0000000000000000E+30   0.0000000000000000E+00
       0.2000000000000000   1.0000000000000000E+30   0.0000000000000000E+00
       0.3000000000000000   1.0000000000000000E+30   0.0000000000000000E+00
       0.4000000000000000   1.0000000000000000E+30   0.0000000000000000E+00
       0.5000000000000000   1.0000000000000000E+30   0.0000000000000000E+00
       0.6000000000000000   1.0000000000000000E+30   0.0000000000000000E+00
       0.7000000000000000   1.0000000000000000E+30   0.0000000000000000E+00
       0.7999999999999999   1.0000000000000000E+30   0.0000000000000000E+00
       0.8999999999999999   1.0000000000000000E+30   0.0000000000000000E+00
       0.9999999999999999   1.0000000000000000E+30   0.0000000000000000E+00
       2.0000000000000000   1.0000000000000000E+30   0.0000000000000000E+00
       3.0000000000000000   1.0000000000000000E+30   0.0000000000000000E+00
       4.0000000000000000   1.0000000000000000E+30   0.0000000000000000E+00
       5.0000000000000000   1.0000000000000000E+30   0.0000000000000000E+00
       6.0000000000000000   1.0000000000000000E+30   0.0000000000000000E+00
       7.0000000000000000   1.0000000000000000E+30   0.0000000000000000E+00
       8.0000000000000000   1.0000000000000000E+30   0.0000000000000000E+00
       9.0000000000000000   1.0000000000000000E+30   0.0000000000000000E+00
      10.0000000000000000   1.0000000000000000E+30   0.0000000000000000E+00
      11.0000000000000000   1.0000000000000000E+30   0.0000000000000000E+00
      12.0000000000000000   1.0000000000000000E+30   0.0000000000000000E+00
      13.0000000000000000   1.0000000000000000E+30   0.0000000000000000E+00
      14.0000000000000000   1.0000000000000000E+30   0.0000000000000000E+00
      15.0000000000000000   1.0000000000000000E+30   0.0000000000000000E+00
      16.0000000000000000   1.0000000000000000E+30   0.0000000000000000E+00
      17.0000000000000000   1.0000000000000000E+30   0.0000000000000000E+00
      18.0000000000000000   1.0000000000000000E+30   0.0000000000000000E+00
      19.0000000000000000   1.0000000000000000E+30   0.0000000000000000E+00
      20.0000000000000000   1.0000000000000000E+30   0.0000000000000000E+00
      21.0000000000000000   1.0000000000000000E+30   0.0000000000000000E+00
      22.0000000000000000   1.0000000000000000E+30   0.0000000000000000E+00
      23.0000000000000000   1.0000000000000000E+30   0.0000000000000000E+00
      24.0000000000000000   1.0000000000000000E+30   0.0000000000000000E+00
      25.0000000000000000   1.0000000000000000E+30   0.0000000000000000E+00
      26.0000000000000000   1.0000000000000000E+30   0.0000000000000000E+00
      27.0000000000000000   1.0000000000000000E+30   0.0000000000000000E+00
      28.0000000000000000   1.0000000000000000E+30   0.0000000000000000E+00
      29.0000000000000000   1.0000000000000000E+30   0.0000000000000000E+00
      30.0000000000000000   1.0000000000000000E+30   0.0000000000000000E+00
      31.0000000000000000   1.0000000000000000E+30   0.0000000000000000E+00
      32.0000000000000000   1.0000000000000000E+30   0.0000000000000000E+00
      33.0000000000000000   1.0000000000000000E+30   0.0000000000000000E+00
      34.0000000000000000   1.0000000000000000E+30   0.0000000000000000E+00
      35.0000000000000000   1.0000000000000000E+30   0.0000000000000000E+00
      36.0000000000000000   1.0000000000000000E+30   0.0000000000000000E+00
      37.0000000000000000   1.0000000000000000E+30   0.0000000000000000E+00
      38.0000000000000000   1.0000000000000000E+30   0.0000000000000000E+00
      39.0000000000000000   1.0000000000000000E+30   0.0000000000000000E+00
      40.0000000000000000   1.0000000000000000E+30   0.0000000000000000E+00
      41.0000000000000000   1.0000000000000000E+30   0.0000000000000000E+00
      41.9990000000000023   1.0000000000000000E+30   0.0000000000000000E+00
      42.0000000000000000   1.0000000000000000E+30   0.0000000000000000E+00
      42.0009999999999977   1.0000000000000000E+30   0.0000000000000000E+00
      43.0000000000000000   1.0000000000000000E+30   0.0000000000000000E+00
      44.0000000000000000   1.0000000000000000E+30   0.0000000000000000E+00
      44.9990000000000023   1.0000000000000000E+30   0.0000000000000000E+00
      45.0000000000000000   1.0000000000000000E+30   0.0000000000000000E+00
      45.0009999999999977   1.0000000000000000E+30   0.0000000000000000E+00
      46.0000000000000000   1.0000000000000000E+30   0.0000000000000000E+00
      47.0000000000000000   1.0000000000000000E+30   0.0000000000000000E+00
      48.0000000000000000   1.0000000000000000E+30   0.0000000000000000E+00
      49.0000000000000000   1.0000000000000000E+30   0.0000000000000000E+00
      50.0000000000000000   1.0000000000000000E+30   0.0000000000000000E+00
      51.0000000000000000   1.0000000000000000E+30   0.0000000000000000E+00
      52.0000000000000000   1.0000000000000000E+30   0.0000000000000000E+00
      53.0000000000000000   1.0000000000000000E+30   0.0000000000000000E+00
      54.0000000000000000   1.0000000000000000E+30   0.0000000000000000E+00
      55.0000000000000000   1.0000000000000000E+30   0.0000000000000000E+00
      56.0000000000000000   1.0000000000000000E+30   0.0000000000000000E+00
      57.0000000000000000   1.0000000000000000E+30   0.0000000000000000E+00
      58.0000000000000000   1.0000000000000000E+30   0.0000000000000000E+00
      59.0000000000000000   1.0000000000000000E+30   0.0000000000000000E+00
      60.0000000000000000   1.0000000000000000E+30   0.0000000000000000E+00
      61.0000000000000000   1.0000000000000000E+30   0.0000000000000000E+00
      62.0000000000000000   1.0000000000000000E+30   0.0000000000000000E+00
      63.0000000000000000   1.0000000000000000E+30   0.0000000000000000E+00
      64.0000000000000000   1.0000000000000000E+30   0.0000000000000000E+00
      65.0000000000000000   1.0000000000000000E+30   0.0000000000000000E+00
      66.0000000000000000   1.0000000000000000E+30   0.0000000000000000E+00
      67.0000000000000000   1.0000000000000000E+30   0.0000000000000000E+00
      67.9989999999999952   1.0000000000000000E+30   0.0000000000000000E+00
      68.0000000000000000   1.0000000000000000E+30   0.0000000000000000E+00
      68.0010000000000048   1.0000000000000000E+30   0.0000000000000000E+00
      69.0000000000000000   1.0000000000000000E+30   0.0000000000000000E+00
      70.0000000000000000   1.0000000000000000E+30   0.0000000000000000E+00
      71.0000000000000000   1.0000000000000000E+30   0.0000000000000000E+00
      72.0000000000000000   1.0000000000000000E+30   0.0000000000000000E+00
      73.0000000000000000   1.0000000000000000E+30   0.0000000000000000E+00
      74.0000000000000000   1.0000000000000000E+30   0.0000000000000000E+00
      75.0000000000000000   1.0000000000000000E+30   0.0000000000000000E+00
      76.0000000000000000   1.0000000000000000E+30   0.0000000000000000E+00
      77.0000000000000000   1.0000000000000000E+30   0.0000000000000000E+00
      78.0000000000000000   1.0000000000000000E+30   0.0000000000000000E+00
      79.0000000000000000   1.0000000000000000E+30   0.0000000000000000E+00
      80.0000000000000000   1.0000000000000000E+30   0.0000000000000000E+00
      81.0000000000000000   1.0000000000000000E+30   0.0000000000000000E+00
      82.0000000000000000   1.0000000000000000E+30   0.0000000000000000E+00
      83.0000000000000000   1.0000000000000000E+30   0.0000000000000000E+00
      84.0000000000000000   1.0000000000000000E+30   0.0000000000000000E+00
      85.0000000000000000   1.0000000000000000E+30   0.0000000000000000E+00
      86.0000000000000000   1.0000000000000000E+30   0.0000000000000000E+00
      87.0000000000000000   1.0000000000000000E+30   0.0000000000000000E+00
      88.0000000000000000   1.0000000000000000E+30   0.0000000000000000E+00
      89.0000000000000000   1.0000000000000000E+30   0.0000000000000000E+00
      90.0000000000000000   1.0000000000000000E+30   0.0000000000000000E+00
      91.0000000000000000   1.0000000000000000E+30   0.0000000000000000E+00
      92.0000000000000000   1.0000000000000000E+30   0.0000000000000000E+00
      93.0000000000000000   1.0000000000000000E+30   0.0000000000000000E+00
      94.0000000000000000   1.0000000000000000E+30   0.0000000000000000E+00
      95.0000000000000000   1.0000000000000000E+30   0.0000000000000000E+00
      96.0000000000000000   1.0000000000000000E+30   0.0000000000000000E+00
      97.0000000000000000   1.0000000000000000E+30   0.0000000000000000E+00
      98.0000000000000000   1.0000000000000000E+30   0.0000000000000000E+00
      99.0000000000000000   1.0000000000000000E+30   0.0000000000000000E+00
     100.0000000000000000   1.0000000000000000E+30   0.0000000000000000E+00
     103.9989999999999952   1.0000000000000000E+30   0.0000000000000000E+00
     104.0010000000000048   1.0000000000000000E+30   0.0000000000000000E+00
     110.0000000000000000   1.0000000000000000E+30   0.0000000000000000E+00
     120.0000000000000000   1.0000000000000000E+30   0.0000000000000000E+00
     130.0000000000000000   1.0000000000000000E+30   0.0000000000000000E+00
     140.0000000000000000   1.0000000000000000E+30   0.0000000000000000E+00
     150.0000000000000000   1.0000000000000000E+30   0.0000000000000000E+00
     153.9989999999999952   1.0000000000000000E+30   0.0000000000000000E+00
     154.0010000000000048   1.0000000000000000E+30   0.0000000000000000E+00
     160.0000000000000000   1.0000000000000000E+30   0.0000000000000000E+00
     167.9989999999999952   1.0000000000000000E+30   0.0000000000000000E+00
     168.0010000000000048   1.0000000000000000E+30   0.0000000000000000E+00
     169.9989999999999952   1.0000000000000000E+30   0.0000000000000000E+00
     170.0000000000000000   1.0000000000000000E+30   0.0000000000000000E+00
     170.0010000000000048   1.0000000000000000E+30   0.0000000000000000E+00
     180.0000000000000000   1.0000000000000000E+30   0.0000000000000000E+00
     190.0000000000000000   1.0000000000000000E+30   0.0000000000000000E+00
     200.0000000000000000   1.0000000000000000E+30   0.0000000000000000E+00
     210.0000000000000000   1.0000000000000000E+30   0.0000000000000000E+00
     220.0000000000000000   1.0000000000000000E+30   0.0000000000000000E+00
     230.0000000000000000   1.0000000000000000E+30   0.0000000000000000E+00
     231.9989999999999952   1.0000000000000000E+30   0.0000000000000000E+00
     232.0010000000000048   1.0000000000000000E+30   0.0000000000000000E+00
     233.9989999999999952   1.0000000000000000E+30   0.0000000000000000E+00
     234.0010000000000048   1.0000000000000000E+30   0.0000000000000000E+00
     236.9989999999999952   1.0000000000000000E+30   0.0000000000000000E+00
     237.0010000000000048   1.0000000000000000E+30   0.0000000000000000E+00
     240.0000000000000000   1.0000000000000000E+30   0.0000000000000000E+00
     250.0000000000000000   1.0000000000000000E+30   0.0000000000000000E+00
     260.0000000000000000   1.0000000000000000E+30   0.0000000000000000E+00
     270.0000000000000000   1.0000000000000000E+30   0.0000000000000000E+00
     280.0000000000000000   1.0000000000000000E+30   0.0000000000000000E+00
     290.0000000000000000   1.0000000000000000E+30   0.0000000000000000E+00
     300.0000000000000000   1.0000000000000000E+30   0.0000000000000000E+00
     310.0000000000000000   1.0000000000000000E+30   0.0000000000000000E+00
     320.0000000000000000   1.0000000000000000E+30   0.0000000000000000E+00
     330.0000000000000000   1.0000000000000000E+30   0.0000000000000000E+00
     340.0000000000000000   1.0000000000000000E+30   0.0000000000000000E+00
     350.0000000000000000   1.0000000000000000E+30   0.0000000000000000E+00
     360.0000000000000000   1.0000000000000000E+30   0.0000000000000000E+00
     370.0000000000000000   1.0000000000000000E+30   0.0000000000000000E+00
     380.0000000000000000   1.0000000000000000E+30   0.0000000000000000E+00
     390.0000000000000000   1.0000000000000000E+30   0.0000000000000000E+00
     398.9990000000000236   1.0000000000000000E+30   0.0000000000000000E+00
     399.0009999999999764   1.0000000000000000E+30   0.0000000000000000E+00
     400.0000000000000000   1.0000000000000000E+30   0.0000000000000000E+00
     410.0000000000000000   1.0000000000000000E+30   0.0000000000000000E+00
     415.9990000000000236   1.0000000000000000E+30   0.0000000000000000E+00
     416.0009999999999764   1.0000000000000000E+30   0.0000000000000000E+00
     420.0000000000000000   1.0000000000000000E+30   0.0000000000000000E+00
     430.0000000000000000   1.0000000000000000E+30   0.0000000000000000E+00
     440.0000000000000000   1.0000000000000000E+30   0.0000000000000000E+00
     450.0000000000000000   1.0000000000000000E+30   0.0000000000000000E+00
     460.0000000000000000   1.0000000000000000E+30   0.0000000000000000E+00
     470.0000000000000000   1.0000000000000000E+30   0.0000000000000000E+00
     480.0000000000000000   1.0000000000000000E+30   0.0000000000000000E+00
     490.0000000000000000   1.0000000000000000E+30   0.0000000000000000E+00
     500.0000000000000000   1.0000000000000000E+30   0.0000000000000000E+00
     510.0000000000000000   1.0000000000000000E+30   0.0000000000000000E+00
     510.9989999999999668   1.0000000000000000E+30   0.0000000000000000E+00
     511.0009999999999195   1.0000000000000000E+30   0.0000000000000000E+00
     520.0000000000000000   1.0000000000000000E+30   0.0000000000000000E+00
     530.0000000000000000   1.0000000000000000E+30   0.0000000000000000E+00
     540.0000000000000000   1.0000000000000000E+30   0.0000000000000000E+00
     550.0000000000000000   1.0000000000000000E+30   0.0000000000000000E+00
     560.0000000000000000   1.0000000000000000E+30   0.0000000000000000E+00
     570.0000000000000000   1.0000000000000000E+30   0.0000000000000000E+00
     580.0000000000000000   1.0000000000000000E+30   0.0000000000000000E+00
     590.0000000000000000   1.0000000000000000E+30   0.0000000000000000E+00
     600.0000000000000000   1.0000000000000000E+30   0.0000000000000000E+00
     610.0000000000000000   1.0000000000000000E+30   0.0000000000000000E+00
     620.0000000000000000   1.0000000000000000E+30   0.0000000000000000E+00
     630.0000000000000000   1.0000000000000000E+30   0.0000000000000000E+00
     640.0000000000000000   1.0000000000000000E+30   0.0000000000000000E+00
     650.0000000000000000   1.0000000000000000E+30   0.0000000000000000E+00
     660.0000000000000000   1.0000000000000000E+30   0.0000000000000000E+00
     670.0000000000000000   1.0000000000000000E+30   0.0000000000000000E+00
     680.0000000000000000   1.0000000000000000E+30   0.0000000000000000E+00
     690.0000000000000000   1.0000000000000000E+30   0.0000000000000000E+00
     700.0000000000000000   1.0000000000000000E+30   0.0000000000000000E+00
     710.0000000000000000   1.0000000000000000E+30   0.0000000000000000E+00
     720.0000000000000000   1.0000000000000000E+30   0.0000000000000000E+00
     730.0000000000000000   1.0000000000000000E+30   0.0000000000000000E+00
     740.0000000000000000   1.0000000000000000E+30   0.0000000000000000E+00
     750.0000000000000000   1.0000000000000000E+30   0.0000000000000000E+00
     760.0000000000000000   1.0000000000000000E+30   0.0000000000000000E+00
     770.0000000000000000   1.0000000000000000E+30   0.0000000000000000E+00
     780.0000000000000000   1.0000000000000000E+30   0.0000000000000000E+00
     790.0000000000000000   1.0000000000000000E+30   0.0000000000000000E+00
     800.0000000000000000   1.0000000000000000E+30   0.0000000000000000E+00
     810.0000000000000000   1.0000000000000000E+30   0.0000000000000000E+00
     820.0000000000000000   1.0000000000000000E+30   0.0000000000000000E+00
     830.0000000000000000   1.0000000000000000E+30   0.0000000000000000E+00
     840.0000000000000000   1.0000000000000000E+30   0.0000000000000000E+00
     850.0000000000000000   1.0000000000000000E+30   0.0000000000000000E+00
     860.0000000000000000   1.0000000000000000E+30   0.0000000000000000E+00
     870.0000000000000000   1.0000000000000000E+30   0.0000000000000000E+00
     880.0000000000000000   1.0000000000000000E+30   0.0000000000000000E+00
     890.0000000000000000   1.0000000000000000E+30   0.0000000000000000E+00
     900.0000000000000000   1.0000000000000000E+30   0.0000000000000000E+00
     910.0000000000000000   1.0000000000000000E+30   0.0000000000000000E+00
     920.0000000000000000   1.0000000000000000E+30   0.0000000000000000E+00
     930.0000000000000000   1.0000000000000000E+30   0.0000000000000000E+00
     940.0000000000000000   1.0000000000000000E+30   0.0000000000000000E+00
     950.0000000000000000   1.0000000000000000E+30   0.0000000000000000E+00
     960.0000000000000000   1.0000000000000000E+30   0.0000000000000000E+00
     970.0000000000000000   1.0000000000000000E+30   0.0000000000000000E+00
     980.0000000000000000   1.0000000000000000E+30   0.0000000000000000E+00
     990.0000000000000000   1.0000000000000000E+30   0.0000000000000000E+00
    1000.0000000000000000   1.0000000000000000E+30   0.0000000000000000E+00
    1100.0000000000000000   1.0000000000000000E+30   0.0000000000000000E+00
    1200.0000000000000000   1.0000000000000000E+30   0.0000000000000000E+00
    1300.0000000000000000   1.0000000000000000E+30   0.0000000000000000E+00
    1400.0000000000000000   1.0000000000000000E+30   0.0000000000000000E+00
    1500.0000000000000000   1.0000000000000000E+30   0.0000000000000000E+00
    1600.0000000000000000   1.0000000000000000E+30   0.0000000000000000E+00
    1700.0000000000000000   1.0000000000000000E+30   0.0000000000000000E+00
    1800.0000000000000000   1.0000000000000000E+30   0.0000000000000000E+00
    1843.9990000000000236   1.0000000000000000E+30   0.0000000000000000E+00
    1844.0009999999999764   1.0000000000000000E+30   0.0000000000000000E+00
    1900.0000000000000000   1.0000000000000000E+30   0.0000000000000000E+00
    2000.0000000000000000   1.0000000000000000E+30   0.0000000000000000E+00
    2100.0000000000000000   1.0000000000000000E+30   0.0000000000000000E+00
    2200.0000000000000000   1.0000000000000000E+30   0.0000000000000000E+00
    2300.0000000000000000   1.0000000000000000E+30   0.0000000000000000E+00
    2400.0000000000000000   1.0000000000000000E+30   0.0000000000000000E+00
    2475.9989999999997963   1.0000000000000000E+30   0.0000000000000000E+00
    2476.0010000000002037   1.0000000000000000E+30   0.0000000000000000E+00
    2500.0000000000000000   1.0000000000000000E+30   0.0000000000000000E+00
    2526.9989999999997963   1.0000000000000000E+30   0.0000000000000000E+00
    2527.0010000000002037   1.0000000000000000E+30   0.0000000000000000E+00
    2600.0000000000000000   1.0000000000000000E+30   0.0000000000000000E+00
    2631.9989999999997963   1.0000000000000000E+30   0.0000000000000000E+00
    2632.0010000000002037   1.8921811719738962E+14   1.3909873108262332E-11
    2700.0000000000000000   1.3213112918519422E+08   2.0038824888857711E-05
    2800.0000000000000000   3.3101859860160042E+07   8.0676120596508485E-05
    2871.9989999999997963   1.9052636696622480E+07   1.4101530692778349E-04
    2872.0010000000002037   1.9052405719320115E+07   1.4101703975730840E-04
    2900.0000000000000000   1.6047948866083367E+07   1.6780793862175222E-04
    3000.0000000000000000   9.7870646754062586E+06   2.7742737052968735E-04
    3100.0000000000000000   6.7247645442756992E+06   4.0704552569233794E-04
    3200.0000000000000000   4.9737633572967034E+06   5.5476788693743524E-04
    3300.0000000000000000   3.8684777055348326E+06   7.1894946341514098E-04
    3400.0000000000000000   3.1209261516873837E+06   8.9818851854391003E-04
    3500.0000000000000000   2.5891957327944501E+06   1.0911198518366346E-03
    3600.0000000000000000   2.1959146330032381E+06   1.2965355655529945E-03
    3700.0000000000000000   1.8959104676229660E+06   1.5132893256589672E-03
    3800.0000000000000000   1.6612468663509800E+06   1.7402972035121850E-03
    3900.0000000000000000   1.4738374880451078E+06   1.9765312387024347E-03
    4000.0000000000000000   1.3215315082246438E+06   2.2210004160731060E-03
    4100.0000000000000000   1.1958938085472749E+06   2.4727662462296269E-03
    4200.0000000000000000   1.0909261740977450E+06   2.7308938662471134E-03
    4300.0000000000000000   1.0022370774374832E+06   2.9945281490999600E-03
    4400.0000000000000000   9.2657354907805158E+05   3.2627973581733473E-03
    4500.0000000000000000   8.6146414404647064E+05   3.5348815804340807E-03
    4600.0000000000000000   8.0500787046320317E+05   3.8099869489805777E-03
    4700.0000000000000000   7.5572383769215900E+05   4.0873301662476538E-03
    4800.0000000000000000   7.1243808787779708E+05   4.3661761480782869E-03
    4900.0000000000000000   6.7421342328215856E+05   4.6458077077929563E-03
    5000.0000000000000000   6.4029078101360693E+05   4.9255540286473375E-03
    5100.0000000000000000   6.1005144291395601E+05   5.2047726446772047E-03
    5200.0000000000000000   5.8298576917244517E+05   5.4828599382000026E-03
    5300.0000000000000000   5.5867123884185590E+05   5.7592488305708584E-03
    5400.0000000000000000   5.3675320961909369E+05   6.0334233515867948E-03
    5500.0000000000000000   5.1693418982927833E+05   6.3049000889444651E-03
    5600.0000000000000000   4.9896218786280940E+05   6.5732307376928636E-03
    5700.0000000000000000   4.8262194056914328E+05   6.8380180612925027E-03
    5800.0000000000000000   4.6772874221643654E+05   7.0989090338626467E-03
    5900.0000000000000000   4.5412376502987824E+05   7.3555850499973704E-03
    6000.0000000000000000   4.4166965209280414E+05   7.6077657543143660E-03
    6100.0000000000000000   4.3024691356886376E+05   7.8552096987719137E-03
    6200.0000000000000000   4.1975108115397411E+05   8.0977143879989149E-03
    6300.0000000000000000   4.1009075530306844E+05   8.3351079458095709E-03
    6400.0000000000000000   4.0118569030365231E+05   8.5672474787278092E-03
    6500.0000000000000000   3.9296485473384440E+05   8.7940243695206980E-03
    6600.0000000000000000   3.8536558133417828E+05   9.0153530860920730E-03
    6700.0000000000000000   3.7833202919028350E+05   9.2311772718023724E-03
    6800.0000000000000000   3.7181473385727318E+05   9.4414568188483840E-03
    6900.0000000000000000   3.6576932497013750E+05   9.6461794859094979E-03
    7000.0000000000000000   3.6015612817332236E+05   9.8453478750849290E-03
    7100.0000000000000000   3.5493980547749205E+05   1.0038975089777344E-02
    7200.0000000000000000   3.5008824999151489E+05   1.0227100621480403E-02
    7300.0000000000000000   3.4557265502101264E+05   1.0409769671240774E-02
    7400.0000000000000000   3.4136720594861748E+05   1.0587034891134474E-02
    7500.0000000000000000   3.3744819516876177E+05   1.0758969179338744E-02
    7600.0000000000000000   3.3379437235886912E+05   1.0925645668871543E-02
    7700.0000000000000000   3.3038636726475728E+05   1.1087147713822239E-02
    7800.0000000000000000   3.2720659186085535E+05   1.1243563153534300E-02
    7900.0000000000000000   3.2423899890669237E+05   1.1394984892832487E-02
    8000.0000000000000000   3.2146886878701503E+05   1.1541513189395588E-02
    8100.0000000000000000   3.1888282687498775E+05   1.1683248105141856E-02
    8200.0000000000000000   3.1646857099358173E+05   1.1820294206504328E-02
    8300.0000000000000000   3.1421488303004112E+05   1.1952755180620113E-02
    8400.0000000000000000   3.1211141062817472E+05   1.2080738432024703E-02
    8500.0000000000000000   3.1014866310892551E+05   1.2204349365547257E-02
    8600.0000000000000000   3.0831778635428922E+05   1.2323700198590316E-02
    8700.0000000000000000   3.0661078940388164E+05   1.2438894361301382E-02
    8800.0000000000000000   3.0502013917312119E+05   1.2550041915536478E-02
    8900.0000000000000000   3.0353901392571203E+05   1.2657245118387327E-02
    9000.0000000000000000   3.0216092536338454E+05   1.2760613781252738E-02
    9100.0000000000000000   3.0087999870082049E+05   1.2860249476219832E-02
    9200.0000000000000000   2.9969072158134816E+05   1.2956255105764675E-02
    9300.0000000000000000   2.9858796191399771E+05   1.3048733555034627E-02
    9400.0000000000000000   2.9756704372850893E+05   1.3137779156290436E-02
    9500.0000000000000000   2.9662343527477246E+05   1.3223495287959679E-02
    9600.0000000000000000   2.9575308993267379E+05   1.3305972773456055E-02
    9700.0000000000000000   2.9495210554146249E+05   1.3385308245800481E-02
    9800.0000000000000000   2.9421691986410110E+05   1.3461591290794614E-02
    9900.0000000000000000   2.9354411699632794E+05   1.3534914238644124E-02
   10000.0000000000000000   2.9293065672676609E+05   1.3605357627095256E-02
   11000.0000000000000000   2.8948874559415615E+05   1.4169339293303175E-02
   12000.0000000000000000   2.8962680984285101E+05   1.4526280013689026E-02
   13000.0000000000000000   2.9210744727034093E+05   1.4731334933635052E-02
   14000.0000000000000000   2.9618990078764729E+05   1.4825017243969086E-02
   15000.0000000000000000   3.0140641242200730E+05   1.4836980216238296E-02
   16000.0000000000000000   3.0744858660857735E+05   1.4788977567124861E-02
   17000.0000000000000000   3.1410567250863515E+05   1.4697051865884764E-02
   18000.0000000000000000   3.2122924514777848E+05   1.4573108587521286E-02
   19000.0000000000000000   3.2871210490583233E+05   1.4426036007764520E-02
   20000.0000000000000000   3.3647510119725968E+05   1.4262509802696284E-02
   20005.9989999999997963   3.3652238920666068E+05   1.4261489967496014E-02
   20006.0010000000002037   3.3652240497331927E+05   1.4261489627425034E-02
   21000.0000000000000000   3.4445870270256326E+05   1.4087567984652884E-02
   22000.0000000000000000   3.5261738610537798E+05   1.3905028578866323E-02
   23000.0000000000000000   3.6091584803657053E+05   1.3717792912814965E-02
   24000.0000000000000000   3.6932635872043599E+05   1.3528069770910024E-02
   25000.0000000000000000   3.7782689758520771E+05   1.3337540468000319E-02
   26000.0000000000000000   3.8639980640430690E+05   1.3147482734705326E-02
   27000.0000000000000000   3.9503079378838558E+05   1.2958864146252379E-02
   28000.0000000000000000   4.0370821150742256E+05   1.2772412210055860E-02
   29000.0000000000000000   4.1242249228985165E+05   1.2588668523965382E-02
   30000.0000000000000000   4.2111435933966382E+05   1.2418025128823566E-02
   31000.0000000000000000   4.2989802040432702E+05   1.2244553180282476E-02
   32000.0000000000000000   4.3865457175213145E+05   1.2078416512039494E-02
   33000.0000000000000000   4.4738509233741823E+05   1.1919128835821568E-02
   34000.0000000000000000   4.5609065570935904E+05   1.1766245505828525E-02
   35000.0000000000000000   4.6477231291576347E+05   1.1619359549076733E-02
   36000.0000000000000000   4.7387061192435434E+05   1.1440203129387648E-02
   37000.0000000000000000   4.8249608830309013E+05   1.1305436561495638E-02
   38000.0000000000000000   4.9152401810045063E+05   1.1139938849622579E-02
   39000.0000000000000000   5.0009805685270595E+05   1.1015784651654080E-02
   40000.0000000000000000   5.0906060994614905E+05   1.0862333559343157E-02
   41000.0000000000000000   5.1758755894133996E+05   1.0747526002659824E-02
   42000.0000000000000000   5.2648935121482413E+05   1.0604757123395994E-02
   43000.0000000000000000   5.3535991839120770E+05   1.0467291772894670E-02
   44000.0000000000000000   5.4420029928318632E+05   1.0334824629044222E-02
   45000.0000000000000000   5.5301149031377339E+05   1.0207073722547626E-02
   46000.0000000000000000   5.6179444964988658E+05   1.0083778146339217E-02
   47000.0000000000000000   5.7018279715155973E+05   9.9927026026328473E-03
   48000.0000000000000000   5.7891684337568644E+05   9.8769533132866943E-03
   49000.0000000000000000   5.8762528284385358E+05   9.7650116531629375E-03
   50000.0000000000000000   5.9666180923578120E+05   9.6305660641874177E-03
