       0.1000000000000000   1.3955423854147119E+02   2.0982854832354573E-04
       0.2000000000000000   1.2048155331371807E+02   4.2153473830699539E-04
       0.3000000000000000   1.1281915325636339E+02   6.4370961667900052E-04
       0.4000000000000000   1.0870510550792281E+02   8.6768919048912073E-04
       0.5000000000000000   1.0569124043913598E+02   1.1007245247062274E-03
       0.6000000000000000   1.0322574295590738E+02   1.3432405438052195E-03
       0.7000000000000000   1.0108848308905507E+02   1.5956866245169976E-03
       0.7999999999999999   9.9161009422102254E+01   1.8583933380952441E-03
       0.8999999999999999   9.7390022083008674E+01   2.1310351014947773E-03
       0.9999999999999999   9.5721882774938493E+01   2.4145725709409250E-03
       2.0000000000000000   8.2139039585686305E+01   5.8590761430036059E-03
       3.0000000000000000   7.1752387508850802E+01   1.0458190963299146E-02
       4.0000000000000000   6.3591945871067665E+01   1.6198134019818667E-02
       5.0000000000000000   5.7124711023703021E+01   2.3013884985067373E-02
       6.0000000000000000   5.1928382319665154E+01   3.0832157226504439E-02
       7.0000000000000000   4.7684820154795368E+01   3.9586303758999616E-02
       8.0000000000000000   4.4158915210654342E+01   4.9225645580061629E-02
       9.0000000000000000   4.1180700136511561E+01   5.9714446325682506E-02
      10.0000000000000000   3.8626494807074195E+01   7.1030846090136573E-02
      11.0000000000000000   3.6406036813115392E+01   8.3163732409264737E-02
      12.0000000000000000   3.4452229558947373E+01   9.6110754329719425E-02
      13.0000000000000000   3.2714589036702201E+01   1.0987769276940131E-01
      14.0000000000000000   3.1154129297435180E+01   1.2447839029602509E-01
      15.0000000000000000   2.9740623213521264E+01   1.3993355413763531E-01
      16.0000000000000000   2.8450348848656901E+01   1.5626976622763886E-01
      17.0000000000000000   2.7264245023929277E+01   1.7352080098216530E-01
      18.0000000000000000   2.6167000958881442E+01   1.9172651492464937E-01
      19.0000000000000000   2.5146099132322853E+01   2.1093342164800516E-01
      20.0000000000000000   2.4191217265023813E+01   2.3119522440461054E-01
      21.0000000000000000   2.3293770546761600E+01   2.5257301486318057E-01
      22.0000000000000000   2.2446597093482275E+01   2.7513534435748188E-01
      23.0000000000000000   2.1643644738244536E+01   2.9895919391019121E-01
      24.0000000000000000   2.0879760855542138E+01   3.2413097680579822E-01
      25.0000000000000000   2.0150555800606536E+01   3.5074680545303510E-01
      26.0000000000000000   1.9452263066553744E+01   3.7891357275506188E-01
      27.0000000000000000   1.8781639659178570E+01   4.0874991547405659E-01
      28.0000000000000000   1.8135888369634145E+01   4.4038721695773486E-01
      29.0000000000000000   1.7512588357075277E+01   4.7397080537937419E-01
      30.0000000000000000   1.6909651551483378E+01   5.0966098580216568E-01
      31.0000000000000000   1.6325277621871820E+01   5.4763421241119015E-01
      32.0000000000000000   1.5757930231833752E+01   5.8808388939449574E-01
      33.0000000000000000   1.5206307237255288E+01   6.3122126734634654E-01
      34.0000000000000000   1.4669329609848104E+01   6.7727557066278166E-01
      35.0000000000000000   1.4146129594619321E+01   7.2649359092452659E-01
      36.0000000000000000   1.3636045974127272E+01   7.7913820076923079E-01
      37.0000000000000000   1.3138623085249035E+01   8.3548537816661728E-01
      38.0000000000000000   1.2653613195650770E+01   8.9581918591126197E-01
      39.0000000000000000   1.2180980349522565E+01   9.6042407619143910E-01
      40.0000000000000000   1.1720904541932857E+01   1.0295738458087460E+00
      41.0000000000000000   1.1273781583020444E+01   1.1035167652431757E+00
      41.9990000000000023   1.0840643614233931E+01   1.1823751119737251E+00
      42.0000000000000000   1.0840217073101275E+01   1.1824566000643415E+00
      42.0009999999999977   1.0839790546311358E+01   1.1825380932962013E+00
      43.0000000000000000   1.0421008744747592E+01   1.2665300106439499E+00
      44.0000000000000000   1.0017113609851197E+01   1.3557816430395233E+00
      44.9990000000000023   9.6299750676725679E+00   1.4500427220771153E+00
      45.0000000000000000   9.6295960985581406E+00   1.4501395732102087E+00
      45.0009999999999977   9.6292171469273917E+00   1.4502364292530316E+00
      46.0000000000000000   9.2595584559881221E+00   1.5493946127800506E+00
      47.0000000000000000   8.9080561050258176E+00   1.6531878465395253E+00
      48.0000000000000000   8.5760073289970933E+00   1.7610101645184131E+00
      49.0000000000000000   8.2641092991546543E+00   1.8722159216481289E+00
      50.0000000000000000   7.9727732485681528E+00   1.9860501849347796E+00
      51.0000000000000000   7.7020884016428059E+00   2.1016862136864862E+00
      52.0000000000000000   7.4518185403194837E+00   2.2182678182577384E+00
      53.0000000000000000   7.2214282779151846E+00   2.3349507482821665E+00
      54.0000000000000000   7.0101312822829014E+00   2.4509382272168621E+00
      55.0000000000000000   6.8169503584529503E+00   2.5655076518415796E+00
      56.0000000000000000   6.6407799829618286E+00   2.6780275249546674E+00
      57.0000000000000000   6.4804441711812073E+00   2.7879651965019074E+00
      58.0000000000000000   6.3347448493632399E+00   2.8948875436545842E+00
      59.0000000000000000   6.2025000449607885E+00   2.9984559968464972E+00
      60.0000000000000000   6.0825715262357161E+00   3.0984181450898287E+00
      61.0000000000000000   5.9738826215821090E+00   3.1945979262739632E+00
      62.0000000000000000   5.8754291756586321E+00   3.2868848137078124E+00
      63.0000000000000000   5.7862844387670824E+00   3.3752234423513743E+00
      64.0000000000000000   5.7055998741064293E+00   3.4596039245706129E+00
      65.0000000000000000   5.6326031501125948E+00   3.5400531612734074E+00
      66.0000000000000000   5.5665943291137330E+00   3.6166272487761848E+00
      67.0000000000000000   5.5069410183881091E+00   3.6894049758516978E+00
      67.9989999999999952   5.4531241791265010E+00   3.7584150789952058E+00
      68.0000000000000000   5.4530730255484556E+00   3.7584823433428265E+00
      68.0010000000000048   5.4530218772379593E+00   3.7585496040980191E+00
      69.0000000000000000   5.4044768873947611E+00   3.8239680066900932E+00
      70.0000000000000000   5.3606905178712667E+00   3.8859795290329577E+00
      71.0000000000000000   5.3212981196058582E+00   3.9446403330513857E+00
      72.0000000000000000   5.2859254493275918E+00   4.0000772453105160E+00
      73.0000000000000000   5.2542354710353631E+00   4.0524185381705866E+00
      74.0000000000000000   5.2259244085888152E+00   4.1017923851989044E+00
      75.0000000000000000   5.2007181761291745E+00   4.1483256683944481E+00
      76.0000000000000000   5.1783692370148211E+00   4.1921430117250935E+00
      77.0000000000000000   5.1586536845757500E+00   4.2333661497533477E+00
      78.0000000000000000   5.1413687568556607E+00   4.2721133732838208E+00
      79.0000000000000000   5.1263305726564754E+00   4.3084991779710897E+00
      80.0000000000000000   5.1133721334736855E+00   4.3426340213820200E+00
      81.0000000000000000   5.1023415514646464E+00   4.3746241751068595E+00
      82.0000000000000000   5.0931004785327154E+00   4.4045716520593832E+00
      83.0000000000000000   5.0855227133051271E+00   4.4325741927309377E+00
      84.0000000000000000   5.0794929645349542E+00   4.4587252972993436E+00
      85.0000000000000000   5.0749057545473439E+00   4.4831142928024112E+00
      86.0000000000000000   5.0716644442979026E+00   4.5058264268193664E+00
      87.0000000000000000   5.0696803647753805E+00   4.5269429823000369E+00
      88.0000000000000000   5.0688720529907760E+00   4.5465413981402092E+00
      89.0000000000000000   5.0691645527028308E+00   4.5646954156717969E+00
      90.0000000000000000   5.0704888082754636E+00   4.5814752145685231E+00
      91.0000000000000000   5.0727811147010700E+00   4.5969475601410092E+00
      92.0000000000000000   5.0759826269810455E+00   4.6111759498815088E+00
      93.0000000000000000   5.0800389207038377E+00   4.6242207592012381E+00
      94.0000000000000000   5.0848995978752169E+00   4.6361393850448627E+00
      95.0000000000000000   5.0905179328534054E+00   4.6469863863861347E+00
      96.0000000000000000   5.0968505538869264E+00   4.6568136208672026E+00
      97.0000000000000000   5.1038571562791581E+00   4.6656703770511934E+00
      98.0000000000000000   5.1115002435260291E+00   4.6736035019366673E+00
      99.0000000000000000   5.1197448943598349E+00   4.6806575234262064E+00
     100.0000000000000000   5.1285585504240290E+00   4.6868747678123546E+00
     103.9989999999999952   5.1689135310875658E+00   4.7041486645972155E+00
     104.0010000000000048   5.1689355842192812E+00   4.7041545058586616E+00
     110.0000000000000000   5.2421822953754731E+00   4.7109717229262209E+00
     120.0000000000000000   5.3888660481256068E+00   4.6853054893317241E+00
     130.0000000000000000   5.5563639620219849E+00   4.6291911361198927E+00
     140.0000000000000000   5.7375096552641018E+00   4.5546811815793857E+00
     150.0000000000000000   5.9200000133359962E+00   4.4898250810701974E+00
     153.9989999999999952   6.0035024564136714E+00   4.4437198820056363E+00
     154.0010000000000048   6.0035524026950320E+00   4.4436796824652181E+00
     160.0000000000000000   6.1210192107873436E+00   4.3932899007877131E+00
     167.9989999999999952   6.2810425303679169E+00   4.3224695294852902E+00
     168.0010000000000048   6.2810917431034641E+00   4.3224327078970282E+00
     169.9989999999999952   6.3229536859896633E+00   4.3013250024824643E+00
     170.0000000000000000   6.3229782465640243E+00   4.3013068381788102E+00
     170.0010000000000048   6.3230028056516669E+00   4.3012886762227298E+00
     180.0000000000000000   6.5255428061149754E+00   4.2138037606686698E+00
     190.0000000000000000   6.7347964297380774E+00   4.1173439096053839E+00
     200.0000000000000000   6.9435076840277654E+00   4.0266850223750819E+00
     210.0000000000000000   7.1516333852004195E+00   3.9413375594829385E+00
     220.0000000000000000   7.3591505848733574E+00   3.8608557712576355E+00
     230.0000000000000000   7.5660497822319002E+00   3.7848364696486891E+00
     231.9989999999999952   7.6125019281469140E+00   3.7597813834063811E+00
     232.0010000000000048   7.6125483761440647E+00   3.7597564947443507E+00
     233.9989999999999952   7.6537313122281541E+00   3.7453533381814230E+00
     234.0010000000000048   7.6537776846171566E+00   3.7453287190252564E+00
     236.9989999999999952   7.7130001304072442E+00   3.7290525371374752E+00
     237.0010000000000048   7.7130463794106232E+00   3.7290282747788703E+00
     240.0000000000000000   7.7772983196828154E+00   3.7029851141570509E+00
     250.0000000000000000   7.9875218942334811E+00   3.6258808734512402E+00
     260.0000000000000000   8.1967600311301680E+00   3.5531063560657294E+00
     270.0000000000000000   8.4050519336466198E+00   3.4842917192759599E+00
     280.0000000000000000   8.6168098398034303E+00   3.4108397617074084E+00
     290.0000000000000000   8.8231721652399262E+00   3.3493392176327554E+00
     300.0000000000000000   9.0328370699634011E+00   3.2832682569625975E+00
     310.0000000000000000   9.2374305698223296E+00   3.2279367040777043E+00
     320.0000000000000000   9.4451686378525945E+00   3.1681341280160327E+00
     330.0000000000000000   9.6519577304676147E+00   3.1112413738955915E+00
     340.0000000000000000   9.8578349261957321E+00   3.0570418717152852E+00
     350.0000000000000000   1.0062835347421325E+01   3.0053403390511368E+00
     360.0000000000000000   1.0266992238186239E+01   2.9559602283410831E+00
     370.0000000000000000   1.0473875823257860E+01   2.9027600906685409E+00
     380.0000000000000000   1.0676359419223200E+01   2.8577400391599013E+00
     390.0000000000000000   1.0878090205651413E+01   2.8145938902619543E+00
     398.9990000000000236   1.1061349665080879E+01   2.7734296602550441E+00
     399.0009999999999764   1.1061391816504255E+01   2.7734182449857947E+00
     400.0000000000000000   1.1082442462293526E+01   2.7677289768030184E+00
     410.0000000000000000   1.1282670615360614E+01   2.7281358673940446E+00
     415.9990000000000236   1.1405071028913433E+01   2.7009402024190443E+00
     416.0009999999999764   1.1405112881416409E+01   2.7009295012823560E+00
     420.0000000000000000   1.1485459989820301E+01   2.6849003101693927E+00
     430.0000000000000000   1.1687487994535882E+01   2.6433803345680809E+00
     440.0000000000000000   1.1885609388055588E+01   2.6083942346407469E+00
     450.0000000000000000   1.2086217172427414E+01   2.5698832324245924E+00
     460.0000000000000000   1.2286129346112208E+01   2.5328064287862984E+00
     470.0000000000000000   1.2485365496165873E+01   2.4970829535012435E+00
     480.0000000000000000   1.2683945194361362E+01   2.4626367775644882E+00
     490.0000000000000000   1.2878932454184515E+01   2.4337594056207488E+00
     500.0000000000000000   1.3076289044689746E+01   2.4015658809059177E+00
     510.0000000000000000   1.3273041749561507E+01   2.3704589695113905E+00
     510.9989999999999668   1.3293237611431902E+01   2.3665777541670421E+00
     511.0009999999999195   1.3293278037442594E+01   2.3665699979761468E+00
     520.0000000000000000   1.3469206745307158E+01   2.3403823732409603E+00
     530.0000000000000000   1.3667616254705827E+01   2.3072838671215203E+00
     540.0000000000000000   1.3862617166015895E+01   2.2791964142718935E+00
     550.0000000000000000   1.4057074694127417E+01   2.2519898496468440E+00
     560.0000000000000000   1.4251002368228114E+01   2.2256219136510489E+00
     570.0000000000000000   1.4444413245810319E+01   2.2000529668771640E+00
     580.0000000000000000   1.4639999359534681E+01   2.1716189961816452E+00
     590.0000000000000000   1.4832381741487239E+01   2.1476044886543888E+00
     600.0000000000000000   1.5024283070750714E+01   2.1242828057944081E+00
     610.0000000000000000   1.5215713719178163E+01   2.1016243577643894E+00
     620.0000000000000000   1.5409259403161771E+01   2.0762273175301558E+00
     630.0000000000000000   1.5599753667454998E+01   2.0548612195876839E+00
     640.0000000000000000   1.5792337014647362E+01   2.0308259996552112E+00
     650.0000000000000000   1.5981932297995531E+01   2.0106463601405480E+00
     660.0000000000000000   1.6173599076011392E+01   1.9878528835958011E+00
     670.0000000000000000   1.6362329381929005E+01   1.9687666098090106E+00
     680.0000000000000000   1.6553116855874809E+01   1.9471147129969721E+00
     690.0000000000000000   1.6741017674370688E+01   1.9290341067053800E+00
     700.0000000000000000   1.6930957622229531E+01   1.9084379442556889E+00
     710.0000000000000000   1.7118063308420563E+01   1.8912830990972225E+00
     720.0000000000000000   1.7307185297615110E+01   1.8716658483901616E+00
     730.0000000000000000   1.7493528980283109E+01   1.8553638850852452E+00
     740.0000000000000000   1.7681860026739077E+01   1.8366572578652007E+00
     750.0000000000000000   1.7869810963611823E+01   1.8183912463147121E+00
     760.0000000000000000   1.8055039886593516E+01   1.8032830078132900E+00
     770.0000000000000000   1.8242242498707366E+01   1.7858303124128574E+00
     780.0000000000000000   1.8429077905692726E+01   1.7687802148887621E+00
     790.0000000000000000   1.8613256353293124E+01   1.7547347373910946E+00
     800.0000000000000000   1.8799382891657686E+01   1.7384134526921364E+00
     810.0000000000000000   1.8985160382842988E+01   1.7224547528009309E+00
     820.0000000000000000   1.9170585815292139E+01   1.7068558533606517E+00
     830.0000000000000000   1.9353442331359254E+01   1.6940667211023717E+00
     840.0000000000000000   1.9538212817402336E+01   1.6790935276353807E+00
     850.0000000000000000   1.9722653662096516E+01   1.6644400114971281E+00
     860.0000000000000000   1.9906765086423881E+01   1.6501009954681007E+00
     870.0000000000000000   2.0090552356157293E+01   1.6360660397124693E+00
     880.0000000000000000   2.0274026343299685E+01   1.6223190256583193E+00
     890.0000000000000000   2.0455060204955583E+01   1.6111174047239718E+00
     900.0000000000000000   2.0637942387920276E+01   1.5978798929215350E+00
     910.0000000000000000   2.0820521681855315E+01   1.5849086576177303E+00
     920.0000000000000000   2.1002801932053842E+01   1.5721961487872833E+00
     930.0000000000000000   2.1184787985193079E+01   1.5597339550073108E+00
     940.0000000000000000   2.1366485726770939E+01   1.5475128141150754E+00
     950.0000000000000000   2.1547901399407738E+01   1.5355233753139781E+00
     960.0000000000000000   2.1729040224917625E+01   1.5237575798426546E+00
     970.0000000000000000   2.1909905978799891E+01   1.5122090183237678E+00
     980.0000000000000000   2.2090501626473092E+01   1.5008722409353168E+00
     990.0000000000000000   2.2270830032088909E+01   1.4897420310715919E+00
    1000.0000000000000000   2.2450894242937732E+01   1.4788131200690937E+00
    1100.0000000000000000   2.4237711614647377E+01   1.3794874312770107E+00
    1200.0000000000000000   2.6003354074663331E+01   1.2936061811032329E+00
    1300.0000000000000000   2.7750117230576993E+01   1.2182851470879090E+00
    1400.0000000000000000   2.9479911543334794E+01   1.1514062834561138E+00
    1500.0000000000000000   3.1192534884672583E+01   1.0927760303852048E+00
    1600.0000000000000000   3.2891082393297225E+01   1.0397295255895374E+00
    1700.0000000000000000   3.4573583198200978E+01   9.9355984866835079E-01
    1800.0000000000000000   3.6245902005520733E+01   9.4997131139410462E-01
    1843.9990000000000236   3.6976521442411467E+01   9.3296776913828217E-01
    1844.0009999999999764   3.6976554742167380E+01   9.3296691490042716E-01
    1900.0000000000000000   3.7904200371387937E+01   9.1163454760415763E-01
    2000.0000000000000000   3.9552214903978822E+01   8.7599399913586995E-01
    2100.0000000000000000   4.1189409758047717E+01   8.4343748881512881E-01
    2200.0000000000000000   4.2818014729729768E+01   8.1262602477171342E-01
    2300.0000000000000000   4.4435164990791918E+01   7.8530768684685126E-01
    2400.0000000000000000   4.6044811064323490E+01   7.5918493946623855E-01
    2475.9989999999997963   4.7262095825564963E+01   7.4073326740809919E-01
    2476.0010000000002037   4.7262127742905570E+01   7.4073281605282615E-01
    2500.0000000000000000   4.7645510371695558E+01   7.3512681327829998E-01
    2526.9989999999997963   4.8076219307400827E+01   7.2894408211950745E-01
    2527.0010000000002037   4.8076251249526926E+01   7.2894359399730624E-01
    2600.0000000000000000   4.9238045174043279E+01   7.1274570919128766E-01
    2631.9989999999997963   4.9746361382106805E+01   7.0570567502440895E-01
    2632.0010000000002037   4.9746393456765922E+01   7.0570507546519090E-01
    2700.0000000000000000   5.0822815897361437E+01   6.9186412795398500E-01
    2800.0000000000000000   5.2399691555830785E+01   6.7255213685412230E-01
    2871.9989999999997963   5.3531775630651268E+01   6.5882530670376582E-01
    2872.0010000000002037   5.3531807092054322E+01   6.5882490061012933E-01
    2900.0000000000000000   5.3970831822310345E+01   6.5377963614633516E-01
    3000.0000000000000000   5.5534037331167255E+01   6.3670300668944735E-01
    3100.0000000000000000   5.7092367149766247E+01   6.1986513853780401E-01
    3200.0000000000000000   5.8643137722222484E+01   6.0452710530681231E-01
    3300.0000000000000000   6.0188919959306268E+01   5.8961711323451271E-01
    3400.0000000000000000   6.1728658794215086E+01   5.7559911225017779E-01
    3500.0000000000000000   6.3262184818291544E+01   5.6255986650272372E-01
    3600.0000000000000000   6.4790524942031880E+01   5.5010406534884870E-01
    3700.0000000000000000   6.6314547425895967E+01   5.3793690903967051E-01
    3800.0000000000000000   6.7833342819668601E+01   5.2636044562324857E-01
    3900.0000000000000000   6.9346251238042314E+01   5.1575232983835173E-01
    4000.0000000000000000   7.0855211846536392E+01   5.0534888092728392E-01
    4100.0000000000000000   7.2360411139016918E+01   4.9509950655914825E-01
    4200.0000000000000000   7.3860292981026561E+01   4.8557072713095789E-01
    4300.0000000000000000   7.5355296160216170E+01   4.7670782761961483E-01
    4400.0000000000000000   7.6849131410940061E+01   4.6712983372917977E-01
    4500.0000000000000000   7.8335268990361101E+01   4.5918939434336731E-01
    4600.0000000000000000   7.9819678105410858E+01   4.5085535304470215E-01
    4700.0000000000000000   8.1297786019614364E+01   4.4355760672838401E-01
    4800.0000000000000000   8.2774783263820254E+01   4.3576220368396595E-01
    4900.0000000000000000   8.4248279190757827E+01   4.2820199205708664E-01
    5000.0000000000000000   8.5717726992063987E+01   4.2105501682216478E-01
    5100.0000000000000000   8.7183285042138976E+01   4.1428460366835534E-01
    5200.0000000000000000   8.8645036032335000E+01   4.0787829949224191E-01
    5300.0000000000000000   9.0103177272126544E+01   4.0178524539765154E-01
    5400.0000000000000000   9.1557247010347098E+01   3.9614089133473668E-01
    5500.0000000000000000   9.3011878296955260E+01   3.8962179124376073E-01
    5600.0000000000000000   9.4461616912328651E+01   3.8381099519625678E-01
    5700.0000000000000000   9.5905842836043163E+01   3.7883100613715515E-01
    5800.0000000000000000   9.7351591369638044E+01   3.7281962638883320E-01
    5900.0000000000000000   9.8789215944740263E+01   3.6841885958464893E-01
    6000.0000000000000000   1.0022972641034751E+02   3.6267076643338003E-01
    6100.0000000000000000   1.0166616530694735E+02   3.5738225524245176E-01
    6200.0000000000000000   1.0309386298283809E+02   3.5376927973064543E-01
    6300.0000000000000000   1.0452589154718761E+02   3.4853099275639499E-01
    6400.0000000000000000   1.0595344552515982E+02   3.4394644147517128E-01
    6500.0000000000000000   1.0737811127728568E+02   3.3942698160838741E-01
    6600.0000000000000000   1.0880149200392647E+02   3.3488815827746893E-01
    6700.0000000000000000   1.1022070291897980E+02   3.3076772479292160E-01
    6800.0000000000000000   1.1163810480042243E+02   3.2666544624000354E-01
    6900.0000000000000000   1.1305211955995641E+02   3.2292508735730324E-01
    7000.0000000000000000   1.1446368401034921E+02   3.1925908547855292E-01
    7100.0000000000000000   1.1587351245079145E+02   3.1560642008104495E-01
    7200.0000000000000000   1.1727958502082372E+02   3.1235982032671961E-01
    7300.0000000000000000   1.1868340761450635E+02   3.0915603544364045E-01
    7400.0000000000000000   1.2009216520200869E+02   3.0455597725592709E-01
    7500.0000000000000000   1.2149087280289305E+02   3.0165105161559674E-01
    7600.0000000000000000   1.2288888688302593E+02   2.9872094620760298E-01
    7700.0000000000000000   1.2428920011784599E+02   2.9469869244296643E-01
    7800.0000000000000000   1.2568204729075188E+02   2.9199177797359310E-01
    7900.0000000000000000   1.2707312323945609E+02   2.8944393257982010E-01
    8000.0000000000000000   1.2846648959393292E+02   2.8588121972037395E-01
    8100.0000000000000000   1.2985232585732672E+02   2.8351822254451797E-01
    8200.0000000000000000   1.3124289415175801E+02   2.8007771963031658E-01
    8300.0000000000000000   1.3262634707743226E+02   2.7764727660761096E-01
    8400.0000000000000000   1.3401143523518277E+02   2.7442732385678820E-01
    8500.0000000000000000   1.3539455433539112E+02   2.7134163971654712E-01
    8600.0000000000000000   1.3676989413774226E+02   2.6969110303365412E-01
    8700.0000000000000000   1.3815121771652900E+02   2.6658635658136426E-01
    8800.0000000000000000   1.3952978631506531E+02   2.6347778952235557E-01
    8900.0000000000000000   1.4089668628583988E+02   2.6238617343216808E-01
    9000.0000000000000000   1.4227345019724791E+02   2.5910886125836502E-01
    9100.0000000000000000   1.4364427722176328E+02   2.5681481981565280E-01
    9200.0000000000000000   1.4501676836845357E+02   2.5398128923676810E-01
    9300.0000000000000000   1.4638286913280822E+02   2.5210633680508093E-01
    9400.0000000000000000   1.4774490572588496E+02   2.5060496046462949E-01
    9500.0000000000000000   1.4911193791746732E+02   2.4787131416028063E-01
    9600.0000000000000000   1.5047593194557234E+02   2.4551238556148244E-01
    9700.0000000000000000   1.5183719935242394E+02   2.4333630426665365E-01
    9800.0000000000000000   1.5319576458259186E+02   2.4141699859414095E-01
    9900.0000000000000000   1.5455361000308494E+02   2.3940239163423632E-01
   10000.0000000000000000   1.5591044378803292E+02   2.3735349767344727E-01
   11000.0000000000000000   1.6940284925556901E+02   2.1848815156417267E-01
   12000.0000000000000000   1.8275524862552251E+02   2.0347211620973296E-01
   13000.0000000000000000   1.9598968433306212E+02   1.9034779804818450E-01
   14000.0000000000000000   2.0912042394008412E+02   1.7837749306163922E-01
   15000.0000000000000000   2.2214532319577586E+02   1.6838313983226269E-01
   16000.0000000000000000   2.3508569526935298E+02   1.5959057705941726E-01
   17000.0000000000000000   2.4793409280277393E+02   1.5155557345702791E-01
   18000.0000000000000000   2.6070397727089659E+02   1.4514891264100949E-01
   19000.0000000000000000   2.7341280993543734E+02   1.3755540081992329E-01
   20000.0000000000000000   2.8604684011791426E+02   1.3180603855016240E-01
   20005.9989999999997963   2.8612399578799517E+02   1.3160805059271016E-01
   20006.0010000000002037   2.8612402144658620E+02   1.3160799637589077E-01
   21000.0000000000000000   2.9860536509750386E+02   1.2744841783009583E-01
   22000.0000000000000000   3.1112176468970199E+02   1.2131498059367467E-01
   23000.0000000000000000   3.2355839878998768E+02   1.1655908943087094E-01
   24000.0000000000000000   3.3596003033694586E+02   1.1262869844914751E-01
   25000.0000000000000000   3.4829711076259599E+02   1.0956680980627281E-01
   26000.0000000000000000   3.6059230119591331E+02   1.0598584227931816E-01
   27000.0000000000000000   3.7284225774715253E+02   1.0174764664646517E-01
   28000.0000000000000000   3.8501892760935891E+02   9.9095120739579573E-02
   29000.0000000000000000   3.9718598449730672E+02   9.6644196105440242E-02
   30000.0000000000000000   4.0930023613512139E+02   9.2789524607677379E-02
   31000.0000000000000000   4.2139635935607430E+02   9.0307843149913691E-02
   32000.0000000000000000   4.3341345854415590E+02   8.7917427959149239E-02
   33000.0000000000000000   4.4537967881636047E+02   8.6793779211578548E-02
   34000.0000000000000000   4.5733969790198250E+02   8.4616640974995147E-02
   35000.0000000000000000   4.6929021016298839E+02   8.1209525152998702E-02
   36000.0000000000000000   4.8118148783146529E+02   8.0287202607469896E-02
   37000.0000000000000000   4.9307235721555696E+02   7.8734786649409000E-02
   38000.0000000000000000   5.0492557446147072E+02   7.5512766607902432E-02
   39000.0000000000000000   5.1668406360475694E+02   7.3905808801177683E-02
   40000.0000000000000000   5.2851820716408304E+02   7.2087921291842355E-02
   41000.0000000000000000   5.4022264411382969E+02   7.0381085833390242E-02
   42000.0000000000000000   5.5196933697729889E+02   6.9827205233260317E-02
   43000.0000000000000000   5.6361294759058921E+02   6.7728967787867342E-02
   44000.0000000000000000   5.7533425778683181E+02   6.6130285750870765E-02
   45000.0000000000000000   5.8698269164930912E+02   6.5277427875943331E-02
   46000.0000000000000000   5.9854671974773851E+02   6.3931561192360611E-02
   47000.0000000000000000   6.1010986102807544E+02   6.3537580583901992E-02
   48000.0000000000000000   6.2172422467214790E+02   6.1813527389805792E-02
   49000.0000000000000000   6.3327555177476745E+02   6.1319916446840102E-02
   50000.0000000000000000   6.4483240715693307E+02   5.9398609176344458E-02
