       0.1000000000000000   5.4815169669175802E+01   5.3207638277284655E-04
       0.2000000000000000   4.8027996291644776E+01   1.0466920063910855E-03
       0.3000000000000000   4.5643805625361580E+01   1.5645569162147201E-03
       0.4000000000000000   4.4616076825516693E+01   2.0655955326077196E-03
       0.5000000000000000   4.4001262730095092E+01   2.5671853830326755E-03
       0.6000000000000000   4.3585096093598139E+01   3.0701914609036923E-03
       0.7000000000000000   4.3283354090359360E+01   3.5754398080931754E-03
       0.7999999999999999   4.3050071327744412E+01   4.0834981059034445E-03
       0.8999999999999999   4.2864157554794943E+01   4.5935473415649325E-03
       0.9999999999999999   4.2705321767283500E+01   5.1074982731431256E-03
       2.0000000000000000   4.1593119162575178E+01   1.0469238798559032E-02
       3.0000000000000000   4.0493287291444958E+01   1.6354724593148687E-02
       4.0000000000000000   3.9261537386015306E+01   2.2869717340938105E-02
       5.0000000000000000   3.7947159681718254E+01   3.0079108816981524E-02
       6.0000000000000000   3.6602638977601991E+01   3.8025264606134299E-02
       7.0000000000000000   3.5267325608401805E+01   4.6732016755077502E-02
       8.0000000000000000   3.3965423202112433E+01   5.6214829576027664E-02
       9.0000000000000000   3.2711268459514805E+01   6.6483902795725289E-02
      10.0000000000000000   3.1511939393498302E+01   7.7548245465600851E-02
      11.0000000000000000   3.0370256018857546E+01   8.9416711722423964E-02
      12.0000000000000000   2.9286079682937672E+01   1.0209954219536994E-01
      13.0000000000000000   2.8257610252401779E+01   1.1560998721014637E-01
      14.0000000000000000   2.7281763081419111E+01   1.2996612389525480E-01
      15.0000000000000000   2.6355028096979570E+01   1.4519069428932851E-01
      16.0000000000000000   2.5473793786337222E+01   1.6131096761086802E-01
      17.0000000000000000   2.4634347541697480E+01   1.7836059344178240E-01
      18.0000000000000000   2.3833193332188046E+01   1.9637881893676215E-01
      19.0000000000000000   2.3067003623725174E+01   2.1541130973843106E-01
      20.0000000000000000   2.2332688594949264E+01   2.3551080630343701E-01
      21.0000000000000000   2.1627399838083004E+01   2.5673742199251304E-01
      22.0000000000000000   2.0948563616042406E+01   2.7915875386751482E-01
      23.0000000000000000   2.0293833072983261E+01   3.0285088792803655E-01
      24.0000000000000000   1.9661070594275419E+01   3.2789941114440824E-01
      25.0000000000000000   1.9048356780691982E+01   3.5439968292857627E-01
      26.0000000000000000   1.8453963964243979E+01   3.8245791510052002E-01
      27.0000000000000000   1.7876342389539129E+01   4.1219213115803077E-01
      28.0000000000000000   1.7314109616892765E+01   4.4373316401442658E-01
      29.0000000000000000   1.6766033736623225E+01   4.7722584913322469E-01
      30.0000000000000000   1.6231031097999512E+01   5.1283004919943653E-01
      31.0000000000000000   1.5708153669707924E+01   5.5072182223496391E-01
      32.0000000000000000   1.5196591792523529E+01   5.9109421589706002E-01
      33.0000000000000000   1.4695665100084947E+01   6.3415816091456090E-01
      34.0000000000000000   1.4204828765964157E+01   6.8014259278246025E-01
      35.0000000000000000   1.3723675209118618E+01   7.2929404276772791E-01
      36.0000000000000000   1.3251940827894959E+01   7.8187514777081757E-01
      37.0000000000000000   1.2789514385013183E+01   8.3816167210816195E-01
      38.0000000000000000   1.2336447282575174E+01   8.9843748440352056E-01
      39.0000000000000000   1.1892963958771775E+01   9.6298686016407242E-01
      40.0000000000000000   1.1459471860892492E+01   1.0320834349581978E+00
      41.0000000000000000   1.1036566403808241E+01   1.1059753318961358E+00
      41.9990000000000023   1.0625435082022090E+01   1.1847847415662829E+00
      42.0000000000000000   1.0625029528449335E+01   1.1848661816473234E+00
      42.0009999999999977   1.0624623987188075E+01   1.1849476268715189E+00
      43.0000000000000000   1.0225816356260642E+01   1.2688925205811397E+00
      44.0000000000000000   9.8400263218051833E+00   1.3580988809558499E+00
      44.9990000000000023   9.4692185892531811E+00   1.4523164255020120E+00
      45.0000000000000000   9.4688551295495067E+00   1.4524132338715350E+00
      45.0009999999999977   9.4684916856946462E+00   1.4525100471523846E+00
      46.0000000000000000   9.1135285337101628E+00   1.5516262941866517E+00
      47.0000000000000000   8.7752205654437905E+00   1.6553790573336065E+00
      48.0000000000000000   8.4549653152324886E+00   1.7631623305614854E+00
      49.0000000000000000   8.1535741567436837E+00   1.8743303920979266E+00
      50.0000000000000000   7.8715711328963609E+00   1.9881282377351563E+00
      51.0000000000000000   7.6091562586010220E+00   2.1037290606147052E+00
      52.0000000000000000   7.3662008667283443E+00   2.2202766094721711E+00
      53.0000000000000000   7.1422723904896523E+00   2.3369265765040113E+00
      54.0000000000000000   6.9366811684795424E+00   2.4528821315588751E+00
      55.0000000000000000   6.7485393968704388E+00   2.5674206213248860E+00
      56.0000000000000000   6.5768229530434619E+00   2.6799105017282638E+00
      57.0000000000000000   6.4204289771600358E+00   2.7898190788026036E+00
      58.0000000000000000   6.2782243502112127E+00   2.8967131885599193E+00
      59.0000000000000000   6.1490842654897939E+00   3.0002542227939784E+00
      60.0000000000000000   6.0319204422506338E+00   3.1001897341939078E+00
      61.0000000000000000   5.9256996271420883E+00   3.1963436264957674E+00
      62.0000000000000000   5.8294552617532789E+00   3.2886053408557627E+00
      63.0000000000000000   5.7422930776636800E+00   3.3769194819047059E+00
      64.0000000000000000   5.6633925615627145E+00   3.4612761334259687E+00
      65.0000000000000000   5.5920055529118491E+00   3.5417021693324551E+00
      66.0000000000000000   5.5274529699359061E+00   3.6182536604316313E+00
      67.0000000000000000   5.4691204328201888E+00   3.6910093713732341E+00
      67.9989999999999952   5.4165033371304876E+00   3.7599980370019526E+00
      68.0000000000000000   5.4164533292102632E+00   3.7600652801620140E+00
      68.0010000000000048   5.4164033264513529E+00   3.7601325197301803E+00
      69.0000000000000000   5.3689516958744292E+00   3.8255300206140896E+00
      70.0000000000000000   5.3261651678111814E+00   3.8875211353564216E+00
      71.0000000000000000   5.2876881475015960E+00   3.9461620276204541E+00
      72.0000000000000000   5.2531552889567186E+00   4.0015795055036349E+00
      73.0000000000000000   5.2222373364932535E+00   4.0539018238211577E+00
      74.0000000000000000   5.1946373348314427E+00   4.1032571394604309E+00
      75.0000000000000000   5.1700871933177899E+00   4.1497723185576039E+00
      76.0000000000000000   5.1483446580490195E+00   4.1935719699644176E+00
      77.0000000000000000   5.1291904897124327E+00   4.2347778138602461E+00
      78.0000000000000000   5.1124260601953058E+00   4.2735081273353881E+00
      79.0000000000000000   5.0978711588425991E+00   4.3098773929649772E+00
      80.0000000000000000   5.0853620543352411E+00   4.3439960558345962E+00
      81.0000000000000000   5.0747497738856415E+00   4.3759703756172428E+00
      82.0000000000000000   5.0658985766995430E+00   4.4059023538440947E+00
      83.0000000000000000   5.0586845985520839E+00   4.4338897201184340E+00
      84.0000000000000000   5.0529946477735361E+00   4.4600259642128641E+00
      85.0000000000000000   5.0487251371469375E+00   4.4844004032060809E+00
      86.0000000000000000   5.0457811332769644E+00   4.5070982751430737E+00
      87.0000000000000000   5.0440755094271967E+00   4.5282008538407537E+00
      88.0000000000000000   5.0435281995141867E+00   4.5477855694447191E+00
      89.0000000000000000   5.0440655155307628E+00   4.5659261548937584E+00
      90.0000000000000000   5.0456195549229355E+00   4.5826927818145142E+00
      91.0000000000000000   5.0481276632330401E+00   4.5981522077941372E+00
      92.0000000000000000   5.0515319542251849E+00   4.6123679229098862E+00
      93.0000000000000000   5.0557788799762626E+00   4.6254002954510254E+00
      94.0000000000000000   5.0608188450954117E+00   4.6373067155188297E+00
      95.0000000000000000   5.0666058600626824E+00   4.6481417355085854E+00
      96.0000000000000000   5.0730972293262537E+00   4.6579572067360564E+00
      97.0000000000000000   5.0802532702807381E+00   4.6668024116779954E+00
      98.0000000000000000   5.0880370595471822E+00   4.6747241914771189E+00
      99.0000000000000000   5.0964142047131409E+00   4.6817670683921291E+00
     100.0000000000000000   5.1053526359163000E+00   4.6879733632853853E+00
     103.9989999999999952   5.1461379883001790E+00   4.7052053211520040E+00
     104.0010000000000048   5.1461602317596675E+00   4.7052111421463332E+00
     110.0000000000000000   5.2198846111287018E+00   4.7119704886860596E+00
     120.0000000000000000   5.3670468782105871E+00   4.6862191896569731E+00
     130.0000000000000000   5.5347591722670115E+00   4.6300314153424873E+00
     140.0000000000000000   5.7159473711531454E+00   4.5554573972431198E+00
     150.0000000000000000   5.8983628887458996E+00   4.4905574759009337E+00
     153.9989999999999952   5.9817447279111553E+00   4.4444368374654841E+00
     154.0010000000000048   5.9817945535136436E+00   4.4443966303805675E+00
     160.0000000000000000   6.0991278627742931E+00   4.3939849703304610E+00
     167.9989999999999952   6.2589333761717354E+00   4.3231375852167515E+00
     168.0010000000000048   6.2589824677710917E+00   4.3231007571591684E+00
     169.9989999999999952   6.3007742810557188E+00   4.3019866562325646E+00
     170.0000000000000000   6.3007987810467956E+00   4.3019684887612764E+00
     170.0010000000000048   6.3008232795614285E+00   4.3019503236375947E+00
     180.0000000000000000   6.5030481903236224E+00   4.2144353002168513E+00
     190.0000000000000000   6.7119219141477444E+00   4.1179481654853030E+00
     200.0000000000000000   6.9202414007685880E+00   4.0272644313691961E+00
     210.0000000000000000   7.1279656048586695E+00   3.9418942374904273E+00
     220.0000000000000000   7.3350732487698931E+00   3.8613915679919870E+00
     230.0000000000000000   7.5415561565134333E+00   3.7853530120673899E+00
     231.9989999999999952   7.5878910300491595E+00   3.7602942549500833E+00
     232.0010000000000048   7.5879373607572154E+00   3.7602693626436356E+00
     233.9989999999999952   7.6290366245804329E+00   3.7458625931157958E+00
     234.0010000000000048   7.6290828798578643E+00   3.7458379703706637E+00
     236.9989999999999952   7.6881956020077746E+00   3.7295564695132200E+00
     237.0010000000000048   7.6882417342182388E+00   3.7295322036464151E+00
     240.0000000000000000   7.7523509249156923E+00   3.7034838413130293E+00
     250.0000000000000000   7.9621190998728899E+00   3.6263630647315792E+00
     260.0000000000000000   8.1709006008760916E+00   3.5535731542769171E+00
     270.0000000000000000   8.3787349453146511E+00   3.4847441496696487E+00
     280.0000000000000000   8.5900074620454170E+00   3.4112787477790265E+00
     290.0000000000000000   8.7959122026922483E+00   3.3497655943314197E+00
     300.0000000000000000   9.0050938224859358E+00   3.2836827818079630E+00
     310.0000000000000000   9.2092301769170337E+00   3.2283400665716679E+00
     320.0000000000000000   9.4164872725338409E+00   3.1685269576552386E+00
     330.0000000000000000   9.6227969034356828E+00   3.1116242470285740E+00
     340.0000000000000000   9.8281961364101527E+00   3.0574153174396321E+00
     350.0000000000000000   1.0032720075887744E+01   3.0057048443083354E+00
     360.0000000000000000   1.0236401943417100E+01   2.9563162423372669E+00
     370.0000000000000000   1.0442790967653874E+01   2.9031080287260562E+00
     380.0000000000000000   1.0644802928836206E+01   2.8580802860857424E+00
     390.0000000000000000   1.0846063440363055E+01   2.8149268033045098E+00
     398.9990000000000236   1.1028887104035752E+01   2.7737562582639188E+00
     399.0009999999999764   1.1028929150020245E+01   2.7737448416198238E+00
     400.0000000000000000   1.1049927140297529E+01   2.7680548882563807E+00
     410.0000000000000000   1.1249688160034927E+01   2.7284550868993049E+00
     415.9990000000000236   1.1371793742032271E+01   2.7012555473676998E+00
     416.0009999999999764   1.1371835490000786E+01   2.7012448449561495E+00
     420.0000000000000000   1.1451992822606924E+01   2.6852131267545736E+00
     430.0000000000000000   1.1653538090793603E+01   2.6436870184616965E+00
     440.0000000000000000   1.1851196993711371E+01   2.6086950388886296E+00
     450.0000000000000000   1.2051325587015365E+01   2.5701783943351870E+00
     460.0000000000000000   1.2250760398607902E+01   2.5330961712259468E+00
     470.0000000000000000   1.2449520970445814E+01   2.4973674860578421E+00
     480.0000000000000000   1.2647626825601277E+01   2.4629162975953336E+00
     490.0000000000000000   1.2842158781573724E+01   2.4340340991982217E+00
     500.0000000000000000   1.3039044621573737E+01   2.4018359236727709E+00
     510.0000000000000000   1.3235328183276625E+01   2.3707245274558937E+00
     510.9989999999999668   1.3255474014613018E+01   2.3668428728472444E+00
     511.0009999999999195   1.3255514340481076E+01   2.3668351157785072E+00
     520.0000000000000000   1.3431025601781112E+01   2.3406436034007738E+00
     530.0000000000000000   1.3628953148076858E+01   2.3075409182240749E+00
     540.0000000000000000   1.3823489725271498E+01   2.2794494273180583E+00
     550.0000000000000000   1.4017484368987789E+01   2.2522389584438329E+00
     560.0000000000000000   1.4210950573292479E+01   2.2258672452998098E+00
     570.0000000000000000   1.4403901361381463E+01   2.2002946422188518E+00
     580.0000000000000000   1.4599013752365160E+01   2.1718571302072633E+00
     590.0000000000000000   1.4790938915308468E+01   2.1478391908811987E+00
     600.0000000000000000   1.4982384310937917E+01   2.1245141806123096E+00
     610.0000000000000000   1.5173360285673512E+01   2.1018525047551191E+00
     620.0000000000000000   1.5366438236841253E+01   2.0764523317618289E+00
     630.0000000000000000   1.5556480436008862E+01   2.0550831918869554E+00
     640.0000000000000000   1.5748598906895605E+01   2.0310450168590619E+00
     650.0000000000000000   1.5937744635397243E+01   2.0108625053295235E+00
     660.0000000000000000   1.6128949241166399E+01   1.9880662363103143E+00
     670.0000000000000000   1.6317232414943767E+01   1.9689772462501802E+00
     680.0000000000000000   1.6507560308209445E+01   1.9473227062133076E+00
     690.0000000000000000   1.6695016314319840E+01   1.9292395267665001E+00
     700.0000000000000000   1.6884499184301447E+01   1.9086408584141434E+00
     710.0000000000000000   1.7071162274858015E+01   1.8914835719393914E+00
     720.0000000000000000   1.7259829606453735E+01   1.8718639419771059E+00
     730.0000000000000000   1.7445732808367300E+01   1.8555596590843055E+00
     740.0000000000000000   1.7633611543635062E+01   1.8368507696730676E+00
     750.0000000000000000   1.7821111292912001E+01   1.8185825511726295E+00
     760.0000000000000000   1.8005902898620505E+01   1.8034721589149865E+00
     770.0000000000000000   1.8192656538214298E+01   1.7860173610057546E+00
     780.0000000000000000   1.8379044073390197E+01   1.7689652103689566E+00
     790.0000000000000000   1.8562788165272178E+01   1.7549177273925733E+00
     800.0000000000000000   1.8748468923750263E+01   1.7385944831706421E+00
     810.0000000000000000   1.8933801680070030E+01   1.7226338681128552E+00
     820.0000000000000000   1.9118783452107337E+01   1.7070330963373153E+00
     830.0000000000000000   1.9301209345519542E+01   1.6942421331200059E+00
     840.0000000000000000   1.9485538079746568E+01   1.6792671486811104E+00
     850.0000000000000000   1.9669538163709070E+01   1.6646118802312322E+00
     860.0000000000000000   1.9853209828809579E+01   1.6502711492827904E+00
     870.0000000000000000   2.0036558323743311E+01   1.6362345147874258E+00
     880.0000000000000000   2.0219594473084229E+01   1.6224858570132028E+00
     890.0000000000000000   2.0400202837628239E+01   1.6112826262680930E+00
     900.0000000000000000   2.0582648891181311E+01   1.5980435375008821E+00
     910.0000000000000000   2.0764792968538405E+01   1.5850707570595060E+00
     920.0000000000000000   2.0946638904185285E+01   1.5723567339421214E+00
     930.0000000000000000   2.1128191528395966E+01   1.5598930557893145E+00
     940.0000000000000000   2.1309456704506200E+01   1.5476704595398016E+00
     950.0000000000000000   2.1490440650881663E+01   1.5356795935345076E+00
     960.0000000000000000   2.1671148570339486E+01   1.5239123981838543E+00
     970.0000000000000000   2.1851584226885965E+01   1.5123624633148558E+00
     980.0000000000000000   2.2031750578546063E+01   1.5010243383408297E+00
     990.0000000000000000   2.2211650482405560E+01   1.4898928059208494E+00
    1000.0000000000000000   2.2391286977515428E+01   1.4789625966842483E+00
    1100.0000000000000000   2.4173868296510047E+01   1.3796251252865621E+00
    1200.0000000000000000   2.5935333158905649E+01   1.2937339120039055E+00
    1300.0000000000000000   2.7677970745573987E+01   1.2184043358525658E+00
    1400.0000000000000000   2.9403686104595671E+01   1.1515180619780574E+00
    1500.0000000000000000   3.1112281822215767E+01   1.0928813155823274E+00
    1600.0000000000000000   3.2806840156388326E+01   1.0398290710746581E+00
    1700.0000000000000000   3.4485402895876639E+01   9.9365428169658387E-01
    1800.0000000000000000   3.6153807045247859E+01   9.5006115986664397E-01
    1843.9990000000000236   3.6882721951589488E+01   9.3305574667598934E-01
    1844.0009999999999764   3.6882755173300637E+01   9.3305489235497030E-01
    1900.0000000000000000   3.7808235623915031E+01   9.1172026018655328E-01
    2000.0000000000000000   3.9452407959093598E+01   8.7607596050257275E-01
    2100.0000000000000000   4.1085792405513075E+01   8.4351603137652886E-01
    2200.0000000000000000   4.2710608868731057E+01   8.1270143781806170E-01
    2300.0000000000000000   4.4324008044788798E+01   7.8538022376543382E-01
    2400.0000000000000000   4.5929921718966241E+01   7.5925482350102635E-01
    2475.9989999999997963   4.7144388032278805E+01   7.4080126874432839E-01
    2476.0010000000002037   4.7144419875899338E+01   7.4080081734092440E-01
    2500.0000000000000000   4.7526915469264580E+01   7.3519424217284457E-01
    2526.9989999999997963   4.7956628305022669E+01   7.2901087915609830E-01
    2527.0010000000002037   4.7956660173134146E+01   7.2901039098755627E-01
    2600.0000000000000000   4.9115768501521316E+01   7.1281085896593388E-01
    2631.9989999999997963   4.9622909523133650E+01   7.0577012956026774E-01
    2632.0010000000002037   4.9622941522784473E+01   7.0576952995808750E-01
    2700.0000000000000000   5.0696880022117469E+01   6.9192715600483323E-01
    2800.0000000000000000   5.2270120388716734E+01   6.7261318451535046E-01
    2871.9989999999997963   5.3399594169099053E+01   6.5888500812419837E-01
    2872.0010000000002037   5.3399625557821615E+01   6.5888460199403875E-01
    2900.0000000000000000   5.3837639251717015E+01   6.5383883082407168E-01
    3000.0000000000000000   5.5397248691997646E+01   6.3676046365069783E-01
    3100.0000000000000000   5.6951993261699421E+01   6.1992096241949712E-01
    3200.0000000000000000   5.8499203104029924E+01   6.0458139139611089E-01
    3300.0000000000000000   6.0041436975995644E+01   5.8966994856092347E-01
    3400.0000000000000000   6.1577645421470017E+01   5.7565057652183449E-01
    3500.0000000000000000   6.3107660252834933E+01   5.6261003291288325E-01
    3600.0000000000000000   6.4632503737493764E+01   5.5015300127368805E-01
    3700.0000000000000000   6.6153040266178692E+01   5.3798467664456817E-01
    3800.0000000000000000   6.7668365152887176E+01   5.2640710239164057E-01
    3900.0000000000000000   6.9177822017417128E+01   5.1579792903477517E-01
    4000.0000000000000000   7.0683340899082140E+01   5.0539347200423557E-01
    4100.0000000000000000   7.2185107676291366E+01   4.9514313551577394E-01
    4200.0000000000000000   7.3681574007645708E+01   4.8561343683028668E-01
    4300.0000000000000000   7.5173176789860008E+01   4.7674965806997627E-01
    4400.0000000000000000   7.6663609083473261E+01   4.6717082233456925E-01
    4500.0000000000000000   7.8146372865844313E+01   4.5922957612679893E-01
    4600.0000000000000000   7.9627408770310240E+01   4.5089476084798363E-01
    4700.0000000000000000   8.1102166270865254E+01   4.4359627139125107E-01
    4800.0000000000000000   8.2575811124754509E+01   4.3580015420509388E-01
    4900.0000000000000000   8.4045964368700893E+01   4.2823925573914207E-01
    5000.0000000000000000   8.5512081985926770E+01   4.2109161940276824E-01
    5100.0000000000000000   8.6974321747090343E+01   4.1432056943856999E-01
    5200.0000000000000000   8.8432766096508033E+01   4.0791365140399449E-01
    5300.0000000000000000   8.9887611542625109E+01   4.0182000516130689E-01
    5400.0000000000000000   9.1338398676361393E+01   3.9617507950789410E-01
    5500.0000000000000000   9.2789738569150842E+01   3.8965542731220670E-01
    5600.0000000000000000   9.4236203175063665E+01   3.8384409764789357E-01
    5700.0000000000000000   9.5677175529168409E+01   3.7886359252962781E-01
    5800.0000000000000000   9.7119657541472463E+01   3.7285171341149065E-01
    5900.0000000000000000   9.8554048681906693E+01   3.6845046311540153E-01
    6000.0000000000000000   9.9991306535508940E+01   3.6270190159095222E-01
    6100.0000000000000000   1.0142450684546507E+02   3.5741293643447131E-01
    6200.0000000000000000   1.0284900220401609E+02   3.5379952069796289E-01
    6300.0000000000000000   1.0427780277750350E+02   3.4856080661398436E-01
    6400.0000000000000000   1.0570214497634959E+02   3.4397584074992343E-01
    6500.0000000000000000   1.0712360772253767E+02   3.3945597827407820E-01
    6600.0000000000000000   1.0854378671544214E+02   3.3491676378715057E-01
    6700.0000000000000000   1.0995981090568222E+02   3.3079595010896490E-01
    6800.0000000000000000   1.1137402998171869E+02   3.2669330186199147E-01
    6900.0000000000000000   1.1278487339218321E+02   3.2295258334795918E-01
    7000.0000000000000000   1.1419327359618714E+02   3.1928623148786833E-01
    7100.0000000000000000   1.1559994159719713E+02   3.1563322536875438E-01
    7200.0000000000000000   1.1700286713179669E+02   3.1238629378325772E-01
    7300.0000000000000000   1.1840354905700865E+02   3.0918218560970312E-01
    7400.0000000000000000   1.1980913858481223E+02   3.0458181234074738E-01
    7500.0000000000000000   1.2120472136421117E+02   3.0167657951403537E-01
    7600.0000000000000000   1.2259960986157533E+02   2.9874617451614516E-01
    7700.0000000000000000   1.2399678276018231E+02   2.9472362847470868E-01
    7800.0000000000000000   1.2538652080663230E+02   2.9201642877229506E-01
    7900.0000000000000000   1.2677449211875725E+02   2.8946830493309139E-01
    8000.0000000000000000   1.2816473932696854E+02   2.8590532017205939E-01
    8100.0000000000000000   1.2954748807578548E+02   2.8354205740633870E-01
    8200.0000000000000000   1.3093494302349211E+02   2.8010129499282077E-01
    8300.0000000000000000   1.3231531237349441E+02   2.7767059835048274E-01
    8400.0000000000000000   1.3369730576426016E+02   2.7445039765855922E-01
    8500.0000000000000000   1.3507733584823589E+02   2.7136447106375283E-01
    8600.0000000000000000   1.3644961961185967E+02   2.6971369722947125E-01
    8700.0000000000000000   1.3782785578244602E+02   2.6660871875376607E-01
    8800.0000000000000000   1.3920334654082623E+02   2.6349992463181565E-01
    8900.0000000000000000   1.4056721991577191E+02   2.6240808627894319E-01
    9000.0000000000000000   1.4194090791389252E+02   2.5913055648938405E-01
    9100.0000000000000000   1.4330868356701669E+02   2.5683630193103718E-01
    9200.0000000000000000   1.4467811243900653E+02   2.5400256259600812E-01
    9300.0000000000000000   1.4604117764375178E+02   2.5212740563288777E-01
    9400.0000000000000000   1.4740019455893849E+02   2.5062582885648482E-01
    9500.0000000000000000   1.4876418076890886E+02   2.4789198608770202E-01
    9600.0000000000000000   1.5012514000044970E+02   2.4553286487702178E-01
    9700.0000000000000000   1.5148338237283690E+02   2.4335659470864440E-01
    9800.0000000000000000   1.5283893224510570E+02   2.4143710379120997E-01
    9900.0000000000000000   1.5419376279145987E+02   2.3942231510959378E-01
   10000.0000000000000000   1.5554758358087423E+02   2.3737324284896777E-01
   11000.0000000000000000   1.6901006377773135E+02   2.1850628220633234E-01
   12000.0000000000000000   1.8233293836938796E+02   2.0348888700101142E-01
   13000.0000000000000000   1.9553817143398533E+02   1.9036340702977278E-01
   14000.0000000000000000   2.0863998450718015E+02   1.7839209737586983E-01
   15000.0000000000000000   2.2163625961512560E+02   1.6839686633132647E-01
   16000.0000000000000000   2.3454822622552658E+02   1.5960352967101707E-01
   17000.0000000000000000   2.4736848305855904E+02   1.5156783843095131E-01
   18000.0000000000000000   2.6011044051247586E+02   1.4516056237019645E-01
   19000.0000000000000000   2.7279148966829524E+02   1.3756649667801177E-01
   20000.0000000000000000   2.8539795047609175E+02   1.3181663303519589E-01
   20005.9989999999997963   2.8547493421337572E+02   1.3161864221312547E-01
   20006.0010000000002037   2.8547495981493734E+02   1.3161858799535125E-01
   21000.0000000000000000   2.9792913036712565E+02   1.2745855620901511E-01
   22000.0000000000000000   3.1041826450781764E+02   1.2132470218125689E-01
   23000.0000000000000000   3.2282788867847017E+02   1.1656842859673261E-01
   24000.0000000000000000   3.3520256893744232E+02   1.1263768541955251E-01
   25000.0000000000000000   3.4751289468527369E+02   1.0957547130908957E-01
   26000.0000000000000000   3.5978142929813208E+02   1.0599420206766112E-01
   27000.0000000000000000   3.7200484792544108E+02   1.0175572592748451E-01
   28000.0000000000000000   3.8415522709831225E+02   9.9102938528354223E-02
   29000.0000000000000000   3.9629595836369134E+02   9.6651769519185332E-02
   30000.0000000000000000   4.0838404613951934E+02   9.2796869111985925E-02
   31000.0000000000000000   4.2045401500726109E+02   9.0314972766145904E-02
   32000.0000000000000000   4.3244524403416926E+02   8.7924355440121962E-02
   33000.0000000000000000   4.4438575474714594E+02   8.6800516191212720E-02
   34000.0000000000000000   4.5632002798190535E+02   8.4623198096433511E-02
   35000.0000000000000000   4.6824477530375606E+02   8.1215912178817184E-02
   36000.0000000000000000   4.8011049233680865E+02   8.0293428514912960E-02
   37000.0000000000000000   4.9197574560122001E+02   7.8740859713033240E-02
   38000.0000000000000000   5.0380345867831568E+02   7.5518694471580439E-02
   39000.0000000000000000   5.1553681038242951E+02   7.3911598541069518E-02
   40000.0000000000000000   5.2734542886958866E+02   7.2093579471664865E-02
   41000.0000000000000000   5.3902486528347674E+02   7.0386618553090932E-02
   42000.0000000000000000   5.5074632138221807E+02   6.9832618172021146E-02
   43000.0000000000000000   5.6236510385951624E+02   6.7734266242214985E-02
   44000.0000000000000000   5.7406119599442832E+02   6.6135474668548938E-02
   45000.0000000000000000   5.8568468913283505E+02   6.5282511886101860E-02
   46000.0000000000000000   5.9722410546766434E+02   6.3936544632533149E-02
   47000.0000000000000000   6.0876259603504252E+02   6.3542467524174875E-02
   48000.0000000000000000   6.2035204150132756E+02   6.1818321654522834E-02
   49000.0000000000000000   6.3187868800622653E+02   6.1324621634139771E-02
   50000.0000000000000000   6.4341079902659612E+02   5.9403228675784708E-02
