       0.1000000000000000   1.0000000000000000E+30   0.0000000000000000E+00
       0.2000000000000000   1.0000000000000000E+30   0.0000000000000000E+00
       0.3000000000000000   1.0000000000000000E+30   0.0000000000000000E+00
       0.4000000000000000   1.0000000000000000E+30   0.0000000000000000E+00
       0.5000000000000000   1.0000000000000000E+30   0.0000000000000000E+00
       0.6000000000000000   1.0000000000000000E+30   0.0000000000000000E+00
       0.7000000000000000   1.0000000000000000E+30   0.0000000000000000E+00
       0.7999999999999999   1.0000000000000000E+30   0.0000000000000000E+00
       0.8999999999999999   1.0000000000000000E+30   0.0000000000000000E+00
       0.9999999999999999   1.0000000000000000E+30   0.0000000000000000E+00
       2.0000000000000000   1.0000000000000000E+30   0.0000000000000000E+00
       3.0000000000000000   1.0000000000000000E+30   0.0000000000000000E+00
       4.0000000000000000   1.0000000000000000E+30   0.0000000000000000E+00
       5.0000000000000000   1.0000000000000000E+30   0.0000000000000000E+00
       6.0000000000000000   1.0000000000000000E+30   0.0000000000000000E+00
       7.0000000000000000   1.0000000000000000E+30   0.0000000000000000E+00
       8.0000000000000000   1.0000000000000000E+30   0.0000000000000000E+00
       9.0000000000000000   1.0000000000000000E+30   0.0000000000000000E+00
      10.0000000000000000   1.0000000000000000E+30   0.0000000000000000E+00
      11.0000000000000000   1.0000000000000000E+30   0.0000000000000000E+00
      12.0000000000000000   1.0000000000000000E+30   0.0000000000000000E+00
      13.0000000000000000   1.0000000000000000E+30   0.0000000000000000E+00
      14.0000000000000000   1.0000000000000000E+30   0.0000000000000000E+00
      15.0000000000000000   1.0000000000000000E+30   0.0000000000000000E+00
      16.0000000000000000   1.0000000000000000E+30   0.0000000000000000E+00
      17.0000000000000000   1.0000000000000000E+30   0.0000000000000000E+00
      18.0000000000000000   1.0000000000000000E+30   0.0000000000000000E+00
      19.0000000000000000   1.0000000000000000E+30   0.0000000000000000E+00
      20.0000000000000000   1.0000000000000000E+30   0.0000000000000000E+00
      21.0000000000000000   1.0000000000000000E+30   0.0000000000000000E+00
      22.0000000000000000   1.0000000000000000E+30   0.0000000000000000E+00
      23.0000000000000000   1.0000000000000000E+30   0.0000000000000000E+00
      24.0000000000000000   1.0000000000000000E+30   0.0000000000000000E+00
      25.0000000000000000   1.0000000000000000E+30   0.0000000000000000E+00
      26.0000000000000000   1.0000000000000000E+30   0.0000000000000000E+00
      27.0000000000000000   1.0000000000000000E+30   0.0000000000000000E+00
      28.0000000000000000   1.0000000000000000E+30   0.0000000000000000E+00
      29.0000000000000000   1.0000000000000000E+30   0.0000000000000000E+00
      30.0000000000000000   1.0000000000000000E+30   0.0000000000000000E+00
      31.0000000000000000   1.0000000000000000E+30   0.0000000000000000E+00
      32.0000000000000000   1.0000000000000000E+30   0.0000000000000000E+00
      33.0000000000000000   1.0000000000000000E+30   0.0000000000000000E+00
      34.0000000000000000   1.0000000000000000E+30   0.0000000000000000E+00
      35.0000000000000000   1.0000000000000000E+30   0.0000000000000000E+00
      36.0000000000000000   1.0000000000000000E+30   0.0000000000000000E+00
      37.0000000000000000   1.0000000000000000E+30   0.0000000000000000E+00
      38.0000000000000000   1.0000000000000000E+30   0.0000000000000000E+00
      39.0000000000000000   1.0000000000000000E+30   0.0000000000000000E+00
      40.0000000000000000   1.0000000000000000E+30   0.0000000000000000E+00
      41.0000000000000000   1.0000000000000000E+30   0.0000000000000000E+00
      41.9990000000000023   1.0000000000000000E+30   0.0000000000000000E+00
      42.0000000000000000   1.0000000000000000E+30   0.0000000000000000E+00
      42.0009999999999977   1.0000000000000000E+30   0.0000000000000000E+00
      43.0000000000000000   1.0000000000000000E+30   0.0000000000000000E+00
      44.0000000000000000   1.0000000000000000E+30   0.0000000000000000E+00
      44.9990000000000023   1.0000000000000000E+30   0.0000000000000000E+00
      45.0000000000000000   1.0000000000000000E+30   0.0000000000000000E+00
      45.0009999999999977   1.0000000000000000E+30   0.0000000000000000E+00
      46.0000000000000000   1.0000000000000000E+30   0.0000000000000000E+00
      47.0000000000000000   1.0000000000000000E+30   0.0000000000000000E+00
      48.0000000000000000   1.0000000000000000E+30   0.0000000000000000E+00
      49.0000000000000000   1.0000000000000000E+30   0.0000000000000000E+00
      50.0000000000000000   1.0000000000000000E+30   0.0000000000000000E+00
      51.0000000000000000   1.0000000000000000E+30   0.0000000000000000E+00
      52.0000000000000000   1.0000000000000000E+30   0.0000000000000000E+00
      53.0000000000000000   1.0000000000000000E+30   0.0000000000000000E+00
      54.0000000000000000   1.0000000000000000E+30   0.0000000000000000E+00
      55.0000000000000000   1.0000000000000000E+30   0.0000000000000000E+00
      56.0000000000000000   1.0000000000000000E+30   0.0000000000000000E+00
      57.0000000000000000   1.0000000000000000E+30   0.0000000000000000E+00
      58.0000000000000000   1.0000000000000000E+30   0.0000000000000000E+00
      59.0000000000000000   1.0000000000000000E+30   0.0000000000000000E+00
      60.0000000000000000   1.0000000000000000E+30   0.0000000000000000E+00
      61.0000000000000000   1.0000000000000000E+30   0.0000000000000000E+00
      62.0000000000000000   1.0000000000000000E+30   0.0000000000000000E+00
      63.0000000000000000   1.0000000000000000E+30   0.0000000000000000E+00
      64.0000000000000000   1.0000000000000000E+30   0.0000000000000000E+00
      65.0000000000000000   1.0000000000000000E+30   0.0000000000000000E+00
      66.0000000000000000   1.0000000000000000E+30   0.0000000000000000E+00
      67.0000000000000000   1.0000000000000000E+30   0.0000000000000000E+00
      67.9989999999999952   1.0000000000000000E+30   0.0000000000000000E+00
      68.0000000000000000   1.0000000000000000E+30   0.0000000000000000E+00
      68.0010000000000048   1.0000000000000000E+30   0.0000000000000000E+00
      69.0000000000000000   1.0000000000000000E+30   0.0000000000000000E+00
      70.0000000000000000   1.0000000000000000E+30   0.0000000000000000E+00
      71.0000000000000000   1.0000000000000000E+30   0.0000000000000000E+00
      72.0000000000000000   1.0000000000000000E+30   0.0000000000000000E+00
      73.0000000000000000   1.0000000000000000E+30   0.0000000000000000E+00
      74.0000000000000000   1.0000000000000000E+30   0.0000000000000000E+00
      75.0000000000000000   1.0000000000000000E+30   0.0000000000000000E+00
      76.0000000000000000   1.0000000000000000E+30   0.0000000000000000E+00
      77.0000000000000000   1.0000000000000000E+30   0.0000000000000000E+00
      78.0000000000000000   1.0000000000000000E+30   0.0000000000000000E+00
      79.0000000000000000   1.0000000000000000E+30   0.0000000000000000E+00
      80.0000000000000000   1.0000000000000000E+30   0.0000000000000000E+00
      81.0000000000000000   1.0000000000000000E+30   0.0000000000000000E+00
      82.0000000000000000   1.0000000000000000E+30   0.0000000000000000E+00
      83.0000000000000000   1.0000000000000000E+30   0.0000000000000000E+00
      84.0000000000000000   1.0000000000000000E+30   0.0000000000000000E+00
      85.0000000000000000   1.0000000000000000E+30   0.0000000000000000E+00
      86.0000000000000000   1.0000000000000000E+30   0.0000000000000000E+00
      87.0000000000000000   1.0000000000000000E+30   0.0000000000000000E+00
      88.0000000000000000   1.0000000000000000E+30   0.0000000000000000E+00
      89.0000000000000000   1.0000000000000000E+30   0.0000000000000000E+00
      90.0000000000000000   1.0000000000000000E+30   0.0000000000000000E+00
      91.0000000000000000   1.0000000000000000E+30   0.0000000000000000E+00
      92.0000000000000000   1.0000000000000000E+30   0.0000000000000000E+00
      93.0000000000000000   1.0000000000000000E+30   0.0000000000000000E+00
      94.0000000000000000   1.0000000000000000E+30   0.0000000000000000E+00
      95.0000000000000000   1.0000000000000000E+30   0.0000000000000000E+00
      96.0000000000000000   1.0000000000000000E+30   0.0000000000000000E+00
      97.0000000000000000   1.0000000000000000E+30   0.0000000000000000E+00
      98.0000000000000000   1.0000000000000000E+30   0.0000000000000000E+00
      99.0000000000000000   1.0000000000000000E+30   0.0000000000000000E+00
     100.0000000000000000   1.0000000000000000E+30   0.0000000000000000E+00
     103.9989999999999952   1.0000000000000000E+30   0.0000000000000000E+00
     104.0010000000000048   1.0000000000000000E+30   0.0000000000000000E+00
     110.0000000000000000   1.0000000000000000E+30   0.0000000000000000E+00
     120.0000000000000000   1.0000000000000000E+30   0.0000000000000000E+00
     130.0000000000000000   1.0000000000000000E+30   0.0000000000000000E+00
     140.0000000000000000   1.0000000000000000E+30   0.0000000000000000E+00
     150.0000000000000000   1.0000000000000000E+30   0.0000000000000000E+00
     153.9989999999999952   1.0000000000000000E+30   0.0000000000000000E+00
     154.0010000000000048   1.0000000000000000E+30   0.0000000000000000E+00
     160.0000000000000000   1.0000000000000000E+30   0.0000000000000000E+00
     167.9989999999999952   1.0000000000000000E+30   0.0000000000000000E+00
     168.0010000000000048   1.0000000000000000E+30   0.0000000000000000E+00
     169.9989999999999952   1.0000000000000000E+30   0.0000000000000000E+00
     170.0000000000000000   1.0000000000000000E+30   0.0000000000000000E+00
     170.0010000000000048   1.0000000000000000E+30   0.0000000000000000E+00
     180.0000000000000000   1.0000000000000000E+30   0.0000000000000000E+00
     190.0000000000000000   1.0000000000000000E+30   0.0000000000000000E+00
     200.0000000000000000   1.0000000000000000E+30   0.0000000000000000E+00
     210.0000000000000000   1.0000000000000000E+30   0.0000000000000000E+00
     220.0000000000000000   1.0000000000000000E+30   0.0000000000000000E+00
     230.0000000000000000   1.0000000000000000E+30   0.0000000000000000E+00
     231.9989999999999952   1.0000000000000000E+30   0.0000000000000000E+00
     232.0010000000000048   1.0000000000000000E+30   0.0000000000000000E+00
     233.9989999999999952   1.0000000000000000E+30   0.0000000000000000E+00
     234.0010000000000048   1.0000000000000000E+30   0.0000000000000000E+00
     236.9989999999999952   1.0000000000000000E+30   0.0000000000000000E+00
     237.0010000000000048   1.0000000000000000E+30   0.0000000000000000E+00
     240.0000000000000000   1.0000000000000000E+30   0.0000000000000000E+00
     250.0000000000000000   1.0000000000000000E+30   0.0000000000000000E+00
     260.0000000000000000   1.0000000000000000E+30   0.0000000000000000E+00
     270.0000000000000000   1.0000000000000000E+30   0.0000000000000000E+00
     280.0000000000000000   1.0000000000000000E+30   0.0000000000000000E+00
     290.0000000000000000   1.0000000000000000E+30   0.0000000000000000E+00
     300.0000000000000000   1.0000000000000000E+30   0.0000000000000000E+00
     310.0000000000000000   1.0000000000000000E+30   0.0000000000000000E+00
     320.0000000000000000   1.0000000000000000E+30   0.0000000000000000E+00
     330.0000000000000000   1.0000000000000000E+30   0.0000000000000000E+00
     340.0000000000000000   1.0000000000000000E+30   0.0000000000000000E+00
     350.0000000000000000   1.0000000000000000E+30   0.0000000000000000E+00
     360.0000000000000000   1.0000000000000000E+30   0.0000000000000000E+00
     370.0000000000000000   1.0000000000000000E+30   0.0000000000000000E+00
     380.0000000000000000   1.0000000000000000E+30   0.0000000000000000E+00
     390.0000000000000000   1.0000000000000000E+30   0.0000000000000000E+00
     398.9990000000000236   1.0000000000000000E+30   0.0000000000000000E+00
     399.0009999999999764   1.0000000000000000E+30   0.0000000000000000E+00
     400.0000000000000000   1.0000000000000000E+30   0.0000000000000000E+00
     410.0000000000000000   1.0000000000000000E+30   0.0000000000000000E+00
     415.9990000000000236   1.0000000000000000E+30   0.0000000000000000E+00
     416.0009999999999764   1.0000000000000000E+30   0.0000000000000000E+00
     420.0000000000000000   1.0000000000000000E+30   0.0000000000000000E+00
     430.0000000000000000   1.0000000000000000E+30   0.0000000000000000E+00
     440.0000000000000000   1.0000000000000000E+30   0.0000000000000000E+00
     450.0000000000000000   1.0000000000000000E+30   0.0000000000000000E+00
     460.0000000000000000   1.0000000000000000E+30   0.0000000000000000E+00
     470.0000000000000000   1.0000000000000000E+30   0.0000000000000000E+00
     480.0000000000000000   1.0000000000000000E+30   0.0000000000000000E+00
     490.0000000000000000   1.0000000000000000E+30   0.0000000000000000E+00
     500.0000000000000000   1.0000000000000000E+30   0.0000000000000000E+00
     510.0000000000000000   1.0000000000000000E+30   0.0000000000000000E+00
     510.9989999999999668   1.0000000000000000E+30   0.0000000000000000E+00
     511.0009999999999195   1.0000000000000000E+30   0.0000000000000000E+00
     520.0000000000000000   1.0000000000000000E+30   0.0000000000000000E+00
     530.0000000000000000   1.0000000000000000E+30   0.0000000000000000E+00
     540.0000000000000000   1.0000000000000000E+30   0.0000000000000000E+00
     550.0000000000000000   1.0000000000000000E+30   0.0000000000000000E+00
     560.0000000000000000   1.0000000000000000E+30   0.0000000000000000E+00
     570.0000000000000000   1.0000000000000000E+30   0.0000000000000000E+00
     580.0000000000000000   1.0000000000000000E+30   0.0000000000000000E+00
     590.0000000000000000   1.0000000000000000E+30   0.0000000000000000E+00
     600.0000000000000000   1.0000000000000000E+30   0.0000000000000000E+00
     610.0000000000000000   1.0000000000000000E+30   0.0000000000000000E+00
     620.0000000000000000   1.0000000000000000E+30   0.0000000000000000E+00
     630.0000000000000000   1.0000000000000000E+30   0.0000000000000000E+00
     640.0000000000000000   1.0000000000000000E+30   0.0000000000000000E+00
     650.0000000000000000   1.0000000000000000E+30   0.0000000000000000E+00
     660.0000000000000000   1.0000000000000000E+30   0.0000000000000000E+00
     670.0000000000000000   1.0000000000000000E+30   0.0000000000000000E+00
     680.0000000000000000   1.0000000000000000E+30   0.0000000000000000E+00
     690.0000000000000000   1.0000000000000000E+30   0.0000000000000000E+00
     700.0000000000000000   1.0000000000000000E+30   0.0000000000000000E+00
     710.0000000000000000   1.0000000000000000E+30   0.0000000000000000E+00
     720.0000000000000000   1.0000000000000000E+30   0.0000000000000000E+00
     730.0000000000000000   1.0000000000000000E+30   0.0000000000000000E+00
     740.0000000000000000   1.0000000000000000E+30   0.0000000000000000E+00
     750.0000000000000000   1.0000000000000000E+30   0.0000000000000000E+00
     760.0000000000000000   1.0000000000000000E+30   0.0000000000000000E+00
     770.0000000000000000   1.0000000000000000E+30   0.0000000000000000E+00
     780.0000000000000000   1.0000000000000000E+30   0.0000000000000000E+00
     790.0000000000000000   1.0000000000000000E+30   0.0000000000000000E+00
     800.0000000000000000   1.0000000000000000E+30   0.0000000000000000E+00
     810.0000000000000000   1.0000000000000000E+30   0.0000000000000000E+00
     820.0000000000000000   1.0000000000000000E+30   0.0000000000000000E+00
     830.0000000000000000   1.0000000000000000E+30   0.0000000000000000E+00
     840.0000000000000000   1.0000000000000000E+30   0.0000000000000000E+00
     850.0000000000000000   1.0000000000000000E+30   0.0000000000000000E+00
     860.0000000000000000   1.0000000000000000E+30   0.0000000000000000E+00
     870.0000000000000000   1.0000000000000000E+30   0.0000000000000000E+00
     880.0000000000000000   1.0000000000000000E+30   0.0000000000000000E+00
     890.0000000000000000   1.0000000000000000E+30   0.0000000000000000E+00
     900.0000000000000000   1.0000000000000000E+30   0.0000000000000000E+00
     910.0000000000000000   1.0000000000000000E+30   0.0000000000000000E+00
     920.0000000000000000   1.0000000000000000E+30   0.0000000000000000E+00
     930.0000000000000000   1.0000000000000000E+30   0.0000000000000000E+00
     940.0000000000000000   1.0000000000000000E+30   0.0000000000000000E+00
     950.0000000000000000   1.0000000000000000E+30   0.0000000000000000E+00
     960.0000000000000000   1.0000000000000000E+30   0.0000000000000000E+00
     970.0000000000000000   1.0000000000000000E+30   0.0000000000000000E+00
     980.0000000000000000   1.0000000000000000E+30   0.0000000000000000E+00
     990.0000000000000000   1.0000000000000000E+30   0.0000000000000000E+00
    1000.0000000000000000   1.0000000000000000E+30   0.0000000000000000E+00
    1100.0000000000000000   1.0000000000000000E+30   0.0000000000000000E+00
    1200.0000000000000000   1.0000000000000000E+30   0.0000000000000000E+00
    1300.0000000000000000   1.0000000000000000E+30   0.0000000000000000E+00
    1400.0000000000000000   1.0000000000000000E+30   0.0000000000000000E+00
    1500.0000000000000000   1.0000000000000000E+30   0.0000000000000000E+00
    1600.0000000000000000   1.0000000000000000E+30   0.0000000000000000E+00
    1700.0000000000000000   1.0000000000000000E+30   0.0000000000000000E+00
    1800.0000000000000000   1.0000000000000000E+30   0.0000000000000000E+00
    1843.9990000000000236   1.0000000000000000E+30   0.0000000000000000E+00
    1844.0009999999999764   1.0000000000000000E+30   0.0000000000000000E+00
    1900.0000000000000000   1.0000000000000000E+30   0.0000000000000000E+00
    2000.0000000000000000   1.0000000000000000E+30   0.0000000000000000E+00
    2100.0000000000000000   1.0000000000000000E+30   0.0000000000000000E+00
    2200.0000000000000000   1.0000000000000000E+30   0.0000000000000000E+00
    2300.0000000000000000   1.0000000000000000E+30   0.0000000000000000E+00
    2400.0000000000000000   1.0000000000000000E+30   0.0000000000000000E+00
    2475.9989999999997963   1.0000000000000000E+30   0.0000000000000000E+00
    2476.0010000000002037   1.0000000000000000E+30   0.0000000000000000E+00
    2500.0000000000000000   1.0000000000000000E+30   0.0000000000000000E+00
    2526.9989999999997963   1.0000000000000000E+30   0.0000000000000000E+00
    2527.0010000000002037   8.3760011183620062E+13   3.0169527967949637E-11
    2600.0000000000000000   5.1415105176089853E+07   4.9477679516154398E-05
    2631.9989999999997963   2.9524323980427936E+07   8.6410610492461347E-05
    2632.0010000000002037   2.9523562834897235E+07   8.6412853510788777E-05
    2700.0000000000000000   1.3697409697910490E+07   1.8738090597931551E-04
    2800.0000000000000000   6.7479895149035286E+06   3.8367589999936457E-04
    2871.9989999999997963   4.6842217555757770E+06   5.5612988611451546E-04
    2872.0010000000002037   4.6841811283947760E+06   5.5613480341684424E-04
    2900.0000000000000000   4.1468182541894275E+06   6.2969593870812381E-04
    3000.0000000000000000   2.8623183063364001E+06   9.1998782136468843E-04
    3100.0000000000000000   2.1239266443689992E+06   1.2501762736727795E-03
    3200.0000000000000000   1.6560808683359916E+06   1.6166069382107903E-03
    3300.0000000000000000   1.3388932486290287E+06   2.0159722587164146E-03
    3400.0000000000000000   1.1128065361224923E+06   2.4452767880070747E-03
    3500.0000000000000000   9.4534729206512985E+05   2.9016713016055545E-03
    3600.0000000000000000   8.1745834866322181E+05   3.3825294975806681E-03
    3700.0000000000000000   7.1732561303911358E+05   3.8853904894024169E-03
    3800.0000000000000000   6.3729473624512972E+05   4.4078845177559179E-03
    3900.0000000000000000   5.7221409871670860E+05   4.9477335094280034E-03
    4000.0000000000000000   5.1850295977220219E+05   5.5027748680203867E-03
    4100.0000000000000000   4.7361132290067821E+05   6.0708730102170330E-03
    4200.0000000000000000   4.3567159348574618E+05   6.6500512946384913E-03
    4300.0000000000000000   4.0329825885890290E+05   7.2383218822011930E-03
    4400.0000000000000000   3.7543987893268000E+05   7.8337716497435990E-03
    4500.0000000000000000   3.5128463214049354E+05   8.4346025793182820E-03
    4600.0000000000000000   3.3020035885225015E+05   9.0390397255202242E-03
    4700.0000000000000000   3.1168596821613493E+05   9.6454078918958800E-03
    4800.0000000000000000   2.9534041044317279E+05   1.0252112501961475E-02
    4900.0000000000000000   2.8083931563020207E+05   1.0857645946927695E-02
    5000.0000000000000000   2.6791822175766190E+05   1.1460577387706571E-02
    5100.0000000000000000   2.5635809945172974E+05   1.2059618203001547E-02
    5200.0000000000000000   2.4597874719901412E+05   1.2653494347606212E-02
    5300.0000000000000000   2.3662778519421854E+05   1.3241124897762220E-02
    5400.0000000000000000   2.2817757050029788E+05   1.3821485865235577E-02
    5500.0000000000000000   2.2052008146982125E+05   1.4393641419112976E-02
    5600.0000000000000000   2.1356271994694031E+05   1.4956790363817821E-02
    5700.0000000000000000   2.0722640026457398E+05   1.5510208075187370E-02
    5800.0000000000000000   2.0144288594922796E+05   1.6053272113857368E-02
    5900.0000000000000000   1.9615306609825033E+05   1.6585452247082393E-02
    6000.0000000000000000   1.9130570092641303E+05   1.7106290713658968E-02
    6100.0000000000000000   1.8685601481434106E+05   1.7615414266883955E-02
    6200.0000000000000000   1.8276458530449803E+05   1.8112546116328895E-02
    6300.0000000000000000   1.7899699152131271E+05   1.8597448606079273E-02
    6400.0000000000000000   1.7552275108407307E+05   1.9069963922383765E-02
    6500.0000000000000000   1.7231492200366882E+05   1.9529985071328949E-02
    6600.0000000000000000   1.6934958541516052E+05   1.9977459109597237E-02
    6700.0000000000000000   1.6660542047409818E+05   2.0412383318876123E-02
    6800.0000000000000000   1.6406348201563986E+05   2.0834786245002023E-02
    6900.0000000000000000   1.6170674974526989E+05   2.1244741361536260E-02
    7000.0000000000000000   1.5951996105550570E+05   2.1642355503345315E-02
    7100.0000000000000000   1.5748942560208956E+05   2.2027759701074495E-02
    7200.0000000000000000   1.5560279694181011E+05   2.2401110505510493E-02
    7300.0000000000000000   1.5384892042189397E+05   2.2762585251713794E-02
    7400.0000000000000000   1.5221777474745479E+05   2.3112372684048151E-02
    7500.0000000000000000   1.5070017612076626E+05   2.3450686525181754E-02
    7600.0000000000000000   1.4928783599401472E+05   2.3777748211372539E-02
    7700.0000000000000000   1.4797319153647599E+05   2.4093792106820791E-02
    7800.0000000000000000   1.4674941051884077E+05   2.4399048553945365E-02
    7900.0000000000000000   1.4561019055492614E+05   2.4693767789028220E-02
    8000.0000000000000000   1.4454978577215914E+05   2.4978198746114025E-02
    8100.0000000000000000   1.4356294023466649E+05   2.5252594224811957E-02
    8200.0000000000000000   1.4264484436596441E+05   2.5517204256897949E-02
    8300.0000000000000000   1.4179109622691595E+05   2.5772277894145306E-02
    8400.0000000000000000   1.4099758116947429E+05   2.6018075470104516E-02
    8500.0000000000000000   1.4026056248820291E+05   2.6254846216094280E-02
    8600.0000000000000000   1.3957657642613677E+05   2.6482839410788800E-02
    8700.0000000000000000   1.3894246821982734E+05   2.6702292968423601E-02
    8800.0000000000000000   1.3835523500220443E+05   2.6913459515763218E-02
    8900.0000000000000000   1.3781214351152154E+05   2.7116578510095194E-02
    9000.0000000000000000   1.3731068542182355E+05   2.7311877806354756E-02
    9100.0000000000000000   1.3684848888930053E+05   2.7499592118703318E-02
    9200.0000000000000000   1.3642338529336071E+05   2.7679943043467683E-02
    9300.0000000000000000   1.3603331294139550E+05   2.7853158055157857E-02
    9400.0000000000000000   1.3567640595908836E+05   2.8019446150523444E-02
    9500.0000000000000000   1.3535086212964187E+05   2.8179027557481327E-02
    9600.0000000000000000   1.3505508649035948E+05   2.8332092639617040E-02
    9700.0000000000000000   1.3478746473063697E+05   2.8478864502741865E-02
    9800.0000000000000000   1.3454665201712001E+05   2.8619509265056617E-02
    9900.0000000000000000   1.3433124383687225E+05   2.8754234563329744E-02
   10000.0000000000000000   1.3413996053193390E+05   2.8883230808663219E-02
   11000.0000000000000000   1.3332754731105731E+05   2.9894603584942930E-02
   12000.0000000000000000   1.3398392344942768E+05   3.0499506028329102E-02
   13000.0000000000000000   1.3560649071595987E+05   3.0810171035924237E-02
   14000.0000000000000000   1.3789221260923252E+05   3.0907763980484934E-02
   15000.0000000000000000   1.4064863769545854E+05   3.0850974960278131E-02
   16000.0000000000000000   1.4374825823349209E+05   3.0682439834718796E-02
   17000.0000000000000000   1.4710359722647400E+05   3.0433326859538676E-02
   18000.0000000000000000   1.5065284590120218E+05   3.0126580228553409E-02
   19000.0000000000000000   1.5435124130407654E+05   2.9779196777095101E-02
   20000.0000000000000000   1.5816566517987821E+05   2.9403840633674381E-02
   20005.9989999999997963   1.5818884453223957E+05   2.9401524854673133E-02
   20006.0010000000002037   1.5818885226056117E+05   2.9401524082499492E-02
   21000.0000000000000000   1.6207116802595471E+05   2.9009989801670969E-02
   22000.0000000000000000   1.6604864683979098E+05   2.8604763578316157E-02
   23000.0000000000000000   1.7008327445483831E+05   2.8193518990151049E-02
   24000.0000000000000000   1.7416339844246782E+05   2.7780289079268942E-02
   25000.0000000000000000   1.7827976532095182E+05   2.7368103979984688E-02
   26000.0000000000000000   1.8242495225609551E+05   2.6959232297792925E-02
   27000.0000000000000000   1.8659295854836225E+05   2.6555359071761833E-02
   28000.0000000000000000   1.9060458840344069E+05   2.6231833274326145E-02
   29000.0000000000000000   1.9486500876711219E+05   2.5827615919515337E-02
   30000.0000000000000000   1.9910986901298387E+05   2.5441962023100388E-02
   31000.0000000000000000   2.0333978068080361E+05   2.5073548514272782E-02
   32000.0000000000000000   2.0755535889168011E+05   2.4721172894816176E-02
   33000.0000000000000000   2.1175721461182437E+05   2.4383740218144722E-02
   34000.0000000000000000   2.1594594350938377E+05   2.4060253149418512E-02
   35000.0000000000000000   2.2012212205714919E+05   2.3749801540247438E-02
   36000.0000000000000000   2.2448246300518498E+05   2.3376251445884164E-02
   37000.0000000000000000   2.2863021752273597E+05   2.3091847693768371E-02
   38000.0000000000000000   2.3295617491308387E+05   2.2747239258828048E-02
   39000.0000000000000000   2.3707791649512018E+05   2.2485597957807382E-02
   40000.0000000000000000   2.4137196243609235E+05   2.2166466090470557E-02
   41000.0000000000000000   2.4564983539698835E+05   2.1859841341638875E-02
   42000.0000000000000000   2.4973429145370240E+05   2.1628256386907581E-02
   43000.0000000000000000   2.5398360171792979E+05   2.1342808882873276E-02
   44000.0000000000000000   2.5821831905142823E+05   2.1067847117049877E-02
   45000.0000000000000000   2.6243892630630848E+05   2.0802774292232803E-02
   46000.0000000000000000   2.6664588629333471E+05   2.0547038700969168E-02
   47000.0000000000000000   2.7083964214478462E+05   2.0300129719123615E-02
   48000.0000000000000000   2.7502061990191194E+05   2.0061573474383324E-02
   49000.0000000000000000   2.7918922659284691E+05   1.9830930302797492E-02
   50000.0000000000000000   2.8334585249589826E+05   1.9607791298026818E-02
