       0.1000000000000000   2.4751663000386326E+01   1.1767007570604613E-03
       0.2000000000000000   2.1798239334852568E+01   2.2978823989062091E-03
       0.3000000000000000   2.0822776604193880E+01   3.4090712067602336E-03
       0.4000000000000000   2.0455932270538167E+01   4.4677789312255346E-03
       0.5000000000000000   2.0274489012193218E+01   5.5121190990684559E-03
       0.6000000000000000   2.0182060951060659E+01   6.5442548622595756E-03
       0.7000000000000000   2.0140970070063251E+01   7.5661579355468869E-03
       0.7999999999999999   2.0130539248518531E+01   8.5792298266292189E-03
       0.8999999999999999   2.0141179616373034E+01   9.5819732756480570E-03
       0.9999999999999999   2.0163865656760827E+01   1.0578517407969256E-02
       2.0000000000000000   2.0585923705433196E+01   2.0248651764426258E-02
       3.0000000000000000   2.0960721888592172E+01   2.9686875985096662E-02
       4.0000000000000000   2.1205772510340282E+01   3.9158204143877044E-02
       5.0000000000000000   2.1334648012173290E+01   4.8825697874128611E-02
       6.0000000000000000   2.1368706978482130E+01   5.8801648103175300E-02
       7.0000000000000000   2.1327340888586363E+01   6.9164107383778747E-02
       8.0000000000000000   2.1225358807136075E+01   7.9975809972420334E-02
       9.0000000000000000   2.1074525879083943E+01   9.1289316723582065E-02
      10.0000000000000000   2.0883928918733108E+01   1.0315241124911156E-01
      11.0000000000000000   2.0660944393465662E+01   1.1560882750861312E-01
      12.0000000000000000   2.0411451455034392E+01   1.2870032808418200E-01
      13.0000000000000000   2.0140296480289152E+01   1.4246800131983636E-01
      14.0000000000000000   1.9851268060246074E+01   1.5695478172525901E-01
      15.0000000000000000   1.9547509238908425E+01   1.7220498511139543E-01
      16.0000000000000000   1.9231652380995584E+01   1.8826447373847405E-01
      17.0000000000000000   1.8905797467509490E+01   2.0518296058622063E-01
      18.0000000000000000   1.8571731867931803E+01   2.2301330271639724E-01
      19.0000000000000000   1.8230900311630545E+01   2.4181272100689899E-01
      20.0000000000000000   1.7884505582664801E+01   2.6164368164367113E-01
      21.0000000000000000   1.7533532568138213E+01   2.8257445492454791E-01
      22.0000000000000000   1.7178814066520481E+01   3.0467940763675905E-01
      23.0000000000000000   1.6821033815324832E+01   3.2804025404250803E-01
      24.0000000000000000   1.6460747202845507E+01   3.5274722573779471E-01
      25.0000000000000000   1.6098421592856329E+01   3.7889948869623330E-01
      26.0000000000000000   1.5734446559729969E+01   4.0660636134354194E-01
      27.0000000000000000   1.5369150167507573E+01   4.3598838321781613E-01
      28.0000000000000000   1.5002815781339489E+01   4.6717840677400641E-01
      29.0000000000000000   1.4635690341648282E+01   5.0032288195960739E-01
      30.0000000000000000   1.4268003495884395E+01   5.3558293727395834E-01
      31.0000000000000000   1.3899973732393546E+01   5.7313561732853946E-01
      32.0000000000000000   1.3531827885435064E+01   6.1317471552078984E-01
      33.0000000000000000   1.3163806686155379E+01   6.5591171879687704E-01
      34.0000000000000000   1.2796183897696297E+01   7.0157595641051518E-01
      35.0000000000000000   1.2429278866598075E+01   7.5041422352694609E-01
      36.0000000000000000   1.2063473273858857E+01   8.0268931321184389E-01
      37.0000000000000000   1.1699228248412057E+01   8.5867705890605472E-01
      38.0000000000000000   1.1337102650601043E+01   9.1866132772078490E-01
      39.0000000000000000   1.0977770685306499E+01   9.8292633757510206E-01
      40.0000000000000000   1.0622039024401415E+01   1.0517456203945310E+00
      41.0000000000000000   1.0270858847470993E+01   1.1253671617879211E+00
      41.9990000000000023   9.9256739533486318E+00   1.2039132486946138E+00
      42.0000000000000000   9.9253316533921616E+00   1.2039944285153574E+00
      42.0009999999999977   9.9249893603243855E+00   1.2040756134858481E+00
      43.0000000000000000   9.5867036867172430E+00   1.2877637735400902E+00
      44.0000000000000000   9.2563451028747732E+00   1.3767195340808371E+00
      44.9990000000000023   8.9360256848856441E+00   1.4706929136444569E+00
      45.0000000000000000   8.9357104014298336E+00   1.4707894806340331E+00
      45.0009999999999977   8.9353951291825027E+00   1.4708860525409269E+00
      46.0000000000000000   8.6262802372736918E+00   1.5697641267757008E+00
      47.0000000000000000   8.3294867107220938E+00   1.6732842710368752E+00
      48.0000000000000000   8.0466302934343492E+00   1.7808405313746045E+00
      49.0000000000000000   7.7787995683682292E+00   1.8917870069949632E+00
      50.0000000000000000   7.5268061105773043E+00   2.0053685257972758E+00
      51.0000000000000000   7.2911445194434554E+00   2.1207581244091700E+00
      52.0000000000000000   7.0719824700308935E+00   2.2370994048332715E+00
      53.0000000000000000   6.8691792119596533E+00   2.3535479207282708E+00
      54.0000000000000000   6.6823262346419519E+00   2.4693067096747878E+00
      55.0000000000000000   6.5108010269995384E+00   2.5836529906307426E+00
      56.0000000000000000   6.3538251464523228E+00   2.6959550947331876E+00
      57.0000000000000000   6.2105195770296513E+00   2.8056802053869565E+00
      58.0000000000000000   6.0799524293164930E+00   2.9123950374969514E+00
      59.0000000000000000   5.9611778175323051E+00   3.0157608630942563E+00
      60.0000000000000000   5.8532651848453989E+00   3.1155251161999153E+00
      61.0000000000000000   5.7553194329806239E+00   3.2115115836516015E+00
      62.0000000000000000   5.6664944444153509E+00   3.3036095914607326E+00
      63.0000000000000000   5.5860006234198263E+00   3.3917636311740513E+00
      64.0000000000000000   5.5131082458197538E+00   3.4759636759779013E+00
      65.0000000000000000   5.4471478311768582E+00   3.5562364918475797E+00
      66.0000000000000000   5.3875084775385131E+00   3.6326380445453061E+00
      67.0000000000000000   5.3336349195403141E+00   3.7052469967305788E+00
      67.9989999999999952   5.2850699931870269E+00   3.7740921265762144E+00
      68.0000000000000000   5.2850238553927644E+00   3.7741592275650926E+00
      68.0010000000000048   5.2849777224019565E+00   3.7742263249650589E+00
      69.0000000000000000   5.2412199249439269E+00   3.8394832752698740E+00
      70.0000000000000000   5.2018116041948019E+00   3.9013365900738068E+00
      71.0000000000000000   5.1664271874716192E+00   3.9598424860892889E+00
      72.0000000000000000   5.1347309669139918E+00   4.0151276854774478E+00
      73.0000000000000000   5.1064196646711988E+00   4.0673203602572512E+00
      74.0000000000000000   5.0812191491823313E+00   4.1165485875863199E+00
      75.0000000000000000   5.0588814312891595E+00   4.1629391568759511E+00
      76.0000000000000000   5.0391820032885377E+00   4.2066166030679097E+00
      77.0000000000000000   5.0219173325618742E+00   4.2477025752940749E+00
      78.0000000000000000   5.0069027254538767E+00   4.2863152822592570E+00
      79.0000000000000000   4.9939703634422177E+00   4.3225691407371194E+00
      80.0000000000000000   4.9829675618474996E+00   4.3565745324931173E+00
      81.0000000000000000   4.9737552178359978E+00   4.3884376562601402E+00
      82.0000000000000000   4.9662064298656725E+00   4.4182604549157753E+00
      83.0000000000000000   4.9602052671438503E+00   4.4461406015753937E+00
      84.0000000000000000   4.9556456736141294E+00   4.4721715316328936E+00
      85.0000000000000000   4.9524304941210469E+00   4.4964425097821747E+00
      86.0000000000000000   4.9504706048505565E+00   4.5190387235974514E+00
      87.0000000000000000   4.9496841373510163E+00   4.5400413982540577E+00
      88.0000000000000000   4.9499957931576546E+00   4.5595279170098646E+00
      89.0000000000000000   4.9513362164329342E+00   4.5775719675833901E+00
      90.0000000000000000   4.9536414472428980E+00   4.5942436779906908E+00
      91.0000000000000000   4.9568524261584646E+00   4.6096097637385975E+00
      92.0000000000000000   4.9609145505683125E+00   4.6237336742910697E+00
      93.0000000000000000   4.9657772767651700E+00   4.6366757387282718E+00
      94.0000000000000000   4.9713937624100160E+00   4.6484933092868168E+00
      95.0000000000000000   4.9777205448360178E+00   4.6592409017848659E+00
      96.0000000000000000   4.9847172512791929E+00   4.6689703321944309E+00
      97.0000000000000000   4.9923463375000097E+00   4.6777308488303815E+00
      98.0000000000000000   5.0005728514563410E+00   4.6855692598131373E+00
      99.0000000000000000   5.0093642209338398E+00   4.6925300554447320E+00
     100.0000000000000000   5.0186900584554675E+00   4.6986555256933444E+00
     103.9989999999999952   5.0607860730725616E+00   4.7155762430187931E+00
     104.0010000000000048   5.0608088853241116E+00   4.7155819129626799E+00
     110.0000000000000000   5.1359144318663859E+00   4.7219073873727657E+00
     120.0000000000000000   5.2842692802025395E+00   4.6955088307129369E+00
     130.0000000000000000   5.4522485902049960E+00   4.6387529952216697E+00
     140.0000000000000000   5.6330993211881371E+00   4.5636759024255342E+00
     150.0000000000000000   5.8148712239332196E+00   4.4983784829693878E+00
     153.9989999999999952   5.8976616567459708E+00   4.4521132168573478E+00
     154.0010000000000048   5.8977109560734737E+00   4.4520729389399278E+00
     160.0000000000000000   6.0143443059828954E+00   4.4014552101678754E+00
     167.9989999999999952   6.1730732550758507E+00   4.3303515457200863E+00
     168.0010000000000048   6.1731218220137540E+00   4.3303146560421402E+00
     169.9989999999999952   6.2145856589044310E+00   4.3091395797519851E+00
     170.0000000000000000   6.2146098966892689E+00   4.3091213820514245E+00
     170.0010000000000048   6.2146341330373112E+00   4.3091031866987537E+00
     180.0000000000000000   6.4153634159713455E+00   4.2212995412768706E+00
     190.0000000000000000   6.6225016813734090E+00   4.1245485881644868E+00
     200.0000000000000000   6.8290481505727740E+00   4.0336226835331770E+00
     210.0000000000000000   7.0349686594999987E+00   3.9480293129901307E+00
     220.0000000000000000   7.2402472840334804E+00   3.8673202309809325E+00
     230.0000000000000000   7.4448800767922556E+00   3.7910901389480092E+00
     231.9989999999999952   7.4907122763717977E+00   3.7659947320431280E+00
     232.0010000000000048   7.4907581043512437E+00   3.7659698033297322E+00
     233.9989999999999952   7.5314864459823756E+00   3.7515269202101917E+00
     234.0010000000000048   7.5315321993438120E+00   3.7515022615706268E+00
     236.9989999999999952   7.5901507308692855E+00   3.7351675186010862E+00
     237.0010000000000048   7.5901963626075055E+00   3.7351432175877641E+00
     240.0000000000000000   7.6536822096234554E+00   3.7090426988978167E+00
     250.0000000000000000   7.8614547597919424E+00   3.6317555384685702E+00
     260.0000000000000000   8.0682387559397792E+00   3.5588099369979753E+00
     270.0000000000000000   8.2740745783907084E+00   3.4898348988292835E+00
     280.0000000000000000   8.4832408738567864E+00   3.4162322173365909E+00
     290.0000000000000000   8.6871511571197377E+00   3.3545897460622247E+00
     300.0000000000000000   8.8942382356188272E+00   3.2883848798025630E+00
     310.0000000000000000   9.0963851614805673E+00   3.2329267579032921E+00
     320.0000000000000000   9.3015595263041337E+00   3.1730043415907430E+00
     330.0000000000000000   9.5057934722322521E+00   3.1159979346964004E+00
     340.0000000000000000   9.7091239155386067E+00   3.0616904835018306E+00
     350.0000000000000000   9.9115857975104298E+00   3.0098862718978525E+00
     360.0000000000000000   1.0113212168835569E+01   2.9604083622947335E+00
     370.0000000000000000   1.0317468170281002E+01   2.9071149539886858E+00
     380.0000000000000000   1.0517439344934646E+01   2.8620058419343120E+00
     390.0000000000000000   1.0716665050874097E+01   2.8187745540579243E+00
     398.9990000000000236   1.0897607437919079E+01   2.7775368426489160E+00
     399.0009999999999764   1.0897649031364885E+01   2.7775254113647647E+00
     400.0000000000000000   1.0918421023313066E+01   2.7718281609064106E+00
     410.0000000000000000   1.1116160665022361E+01   2.7321569920994007E+00
     415.9990000000000236   1.1236995109051755E+01   2.7049160490921502E+00
     416.0009999999999764   1.1237036408153024E+01   2.7049053330474235E+00
     420.0000000000000000   1.1316373618464683E+01   2.6888465775139396E+00
     430.0000000000000000   1.1515835322238058E+01   2.6472547468406273E+00
     440.0000000000000000   1.1711492414637881E+01   2.6121996109485539E+00
     450.0000000000000000   1.1909552106912201E+01   2.5736222235589929E+00
     460.0000000000000000   1.2106925514847791E+01   2.5364815305944748E+00
     470.0000000000000000   1.2303631984260551E+01   2.5006965189416661E+00
     480.0000000000000000   1.2499690828868877E+01   2.4661910275998857E+00
     490.0000000000000000   1.2692250859273212E+01   2.4372564390813136E+00
     500.0000000000000000   1.2887102363095927E+01   2.4050076834383982E+00
     510.0000000000000000   1.3081358129943286E+01   2.3738474217145416E+00
     510.9989999999999668   1.3101288564279024E+01   2.3699609761770875E+00
     511.0009999999999195   1.3101328458995500E+01   2.3699532095331137E+00
     520.0000000000000000   1.3275034119107637E+01   2.3437192580752026E+00
     530.0000000000000000   1.3470881846719454E+01   2.3105708766696624E+00
     540.0000000000000000   1.3663410112288426E+01   2.2824351559184843E+00
     550.0000000000000000   1.3855402321268301E+01   2.2551818517354789E+00
     560.0000000000000000   1.4046871819767460E+01   2.2287686306721595E+00
     570.0000000000000000   1.4237831486838363E+01   2.2031557842325200E+00
     580.0000000000000000   1.4430897194581654E+01   2.1746792345667276E+00
     590.0000000000000000   1.4620842804260773E+01   2.1506234080950350E+00
     600.0000000000000000   1.4810313835536421E+01   2.1272616093702261E+00
     610.0000000000000000   1.4999320528169248E+01   2.1045641950477987E+00
     620.0000000000000000   1.5190375821673282E+01   2.0791292877670058E+00
     630.0000000000000000   1.5378459224966551E+01   2.0577263746425274E+00
     640.0000000000000000   1.5568566469214701E+01   2.0336553467419272E+00
     650.0000000000000000   1.5755763484227016E+01   2.0134408643570514E+00
     660.0000000000000000   1.5944967674765604E+01   1.9906134702794849E+00
     670.0000000000000000   1.6131311858419974E+01   1.9714941667280987E+00
     680.0000000000000000   1.6319649691692788E+01   1.9498100923913970E+00
     690.0000000000000000   1.6505176009885563E+01   1.9316981271894602E+00
     700.0000000000000000   1.6692678816339125E+01   1.9110713925938376E+00
     710.0000000000000000   1.6877421100227227E+01   1.8938867318627122E+00
     720.0000000000000000   1.7064118031827928E+01   1.8742403935162155E+00
     730.0000000000000000   1.7248108892225876E+01   1.8579100433167244E+00
     740.0000000000000000   1.7434026593792048E+01   1.8391757041185155E+00
     750.0000000000000000   1.7619569779121360E+01   1.8208826309528987E+00
     760.0000000000000000   1.7802461698078414E+01   1.8057479578425406E+00
     770.0000000000000000   1.7987267610423686E+01   1.7882694326062938E+00
     780.0000000000000000   1.8171711799931366E+01   1.7711940888427362E+00
     790.0000000000000000   1.8353568039373975E+01   1.7571239285188505E+00
     800.0000000000000000   1.8537313792553057E+01   1.7407785051592686E+00
     810.0000000000000000   1.8720715701965478E+01   1.7247961924067117E+00
     820.0000000000000000   1.8903770908999256E+01   1.7091741883689837E+00
     830.0000000000000000   1.9084323850692989E+01   1.6963624430257713E+00
     840.0000000000000000   1.9266733619097273E+01   1.6813671119751976E+00
     850.0000000000000000   1.9448818681448508E+01   1.6666919184429179E+00
     860.0000000000000000   1.9630579314352339E+01   1.6523316705588231E+00
     870.0000000000000000   1.9812020698260735E+01   1.6382759144620178E+00
     880.0000000000000000   1.9993153464052114E+01   1.6245085181476870E+00
     890.0000000000000000   2.0171909303050551E+01   1.6132869201621693E+00
     900.0000000000000000   2.0352458766539780E+01   1.6000298241772331E+00
     910.0000000000000000   2.0532709886975688E+01   1.5870393857234706E+00
     920.0000000000000000   2.0712666456217541E+01   1.5743080434179251E+00
     930.0000000000000000   2.0892333238722095E+01   1.5618273749343159E+00
     940.0000000000000000   2.1071716008100910E+01   1.5495881076380555E+00
     950.0000000000000000   2.1250820884232429E+01   1.5375808806709101E+00
     960.0000000000000000   2.1429652993119017E+01   1.5257976255999877E+00
     970.0000000000000000   2.1608216052971574E+01   1.5142319237476183E+00
     980.0000000000000000   2.1786512992975251E+01   1.5028783163448491E+00
     990.0000000000000000   2.1964546642717895E+01   1.4917315781756062E+00
    1000.0000000000000000   2.2142320008867785E+01   1.4807864322867701E+00
    1100.0000000000000000   2.3906433474680700E+01   1.3813129107116837E+00
    1200.0000000000000000   2.5649660940150532E+01   1.2953059486180674E+00
    1300.0000000000000000   2.7374265981015970E+01   1.2198765911250280E+00
    1400.0000000000000000   2.9082132106638721E+01   1.1529033351808544E+00
    1500.0000000000000000   3.0773082717645110E+01   1.0941900336410464E+00
    1600.0000000000000000   3.2450147024292960E+01   1.0410698475907436E+00
    1700.0000000000000000   3.4111420957806551E+01   9.9483431933463573E-01
    1800.0000000000000000   3.5762625684989885E+01   9.5118654621472709E-01
    1843.9990000000000236   3.6484045636849054E+01   9.3415877871487563E-01
    1844.0009999999999764   3.6484078515452602E+01   9.3415792339952552E-01
    1900.0000000000000000   3.7400035390846227E+01   9.1279618938420592E-01
    2000.0000000000000000   3.9027297134123650E+01   8.7710690202192210E-01
    2100.0000000000000000   4.0643897583024447E+01   8.4450586046029041E-01
    2200.0000000000000000   4.2252015261548728E+01   8.1365353762214787E-01
    2300.0000000000000000   4.3848867187590599E+01   7.8629756630045222E-01
    2400.0000000000000000   4.5438306098177982E+01   7.6014003446810219E-01
    2475.9989999999997963   4.6640324434645379E+01   7.4166363361279908E-01
    2476.0010000000002037   4.6640355952550941E+01   7.4166318162487288E-01
    2500.0000000000000000   4.7018932605073005E+01   7.3604965341069395E-01
    2526.9989999999997963   4.7444243921933626E+01   7.2985861108461347E-01
    2527.0010000000002037   4.7444275463012886E+01   7.2985812235271219E-01
    2600.0000000000000000   4.8591513319315105E+01   7.1363855125900244E-01
    2631.9989999999997963   4.9093458605291133E+01   7.0658935540370515E-01
    2632.0010000000002037   4.9093490273546131E+01   7.0658875527818144E-01
    2700.0000000000000000   5.0156442611500374E+01   6.9272899431321822E-01
    2800.0000000000000000   5.1713596906724469E+01   6.7339084718914388E-01
    2871.9989999999997963   5.2831515618385332E+01   6.5964621189086170E-01
    2872.0010000000002037   5.2831546685357971E+01   6.5964580531390471E-01
    2900.0000000000000000   5.3265083389547662E+01   6.5459383400005156E-01
    3000.0000000000000000   5.4808763280858201E+01   6.3749418175893946E-01
    3100.0000000000000000   5.6347619371833154E+01   6.2063464552489400E-01
    3200.0000000000000000   5.7879040616933345E+01   6.0527617994634397E-01
    3300.0000000000000000   5.9405534005651923E+01   5.9034688599511487E-01
    3400.0000000000000000   6.0926074305712596E+01   5.7631062010361522E-01
    3500.0000000000000000   6.2440498783653730E+01   5.6325406308118131E-01
    3600.0000000000000000   6.3949809996327879E+01   5.5078182974934942E-01
    3700.0000000000000000   6.5454855887231872E+01   5.3859905348728376E-01
    3800.0000000000000000   6.6954752381374902E+01   5.2700772216698144E-01
    3900.0000000000000000   6.8448858339515596E+01   5.1638543622334621E-01
    4000.0000000000000000   6.9939064725112814E+01   5.0596846576258714E-01
    4100.0000000000000000   7.1425554884161158E+01   4.9570617388057364E-01
    4200.0000000000000000   7.2906814150079910E+01   4.8616504044247988E-01
    4300.0000000000000000   7.4383271429915624E+01   4.7729031348355855E-01
    4400.0000000000000000   7.5858543725339061E+01   4.6770098496463225E-01
    4500.0000000000000000   7.7326269865111101E+01   4.5974967288326746E-01
    4600.0000000000000000   7.8792267391093333E+01   4.5140519249461664E-01
    4700.0000000000000000   8.0252081714183078E+01   4.4409741466376323E-01
    4800.0000000000000000   8.1710771751251443E+01   4.3629236371747226E-01
    4900.0000000000000000   8.3166009054108017E+01   4.2872286570319718E-01
    5000.0000000000000000   8.4617261763868953E+01   4.2156694518256604E-01
    5100.0000000000000000   8.6064685141651026E+01   4.1478790895850431E-01
    5200.0000000000000000   8.7508360658333217E+01   4.0837328642681747E-01
    5300.0000000000000000   8.8948481446393430E+01   4.0227220245033291E-01
    5400.0000000000000000   9.0384598323459059E+01   3.9662009188581782E-01
    5500.0000000000000000   9.1821227244383977E+01   3.9009349462742871E-01
    5600.0000000000000000   9.3253053574031313E+01   3.8427544765793265E-01
    5700.0000000000000000   9.4679473704359467E+01   3.7928844171005432E-01
    5800.0000000000000000   9.6107344856599852E+01   3.7327026769782784E-01
    5900.0000000000000000   9.7527266192010259E+01   3.6886291858458575E-01
    6000.0000000000000000   9.8949968656708265E+01   3.6310844508819251E-01
    6100.0000000000000000   1.0036867207228735E+02   3.5781374615070510E-01
    6200.0000000000000000   1.0177882571293318E+02   3.5419476670252681E-01
    6300.0000000000000000   1.0319317083836130E+02   3.4895065134662573E-01
    6400.0000000000000000   1.0460312578210399E+02   3.4436043947584222E-01
    6500.0000000000000000   1.0601023722024891E+02   3.3983547950529364E-01
    6600.0000000000000000   1.0741606829276192E+02   3.3529130967316140E-01
    6700.0000000000000000   1.0881780772191077E+02   3.3116567679935716E-01
    6800.0000000000000000   1.1021775702663795E+02   3.2705833984339089E-01
    6900.0000000000000000   1.1161437848950817E+02   3.2331305775748775E-01
    7000.0000000000000000   1.1300858567831312E+02   3.1964226240505128E-01
    7100.0000000000000000   1.1440107528914538E+02   3.1598492808764145E-01
    7200.0000000000000000   1.1578987889035065E+02   3.1273377906635408E-01
    7300.0000000000000000   1.1717646474426734E+02   3.0952555992515829E-01
    7400.0000000000000000   1.1856783698457208E+02   3.0492117808411157E-01
    7500.0000000000000000   1.1994938906200473E+02   3.0201203521578435E-01
    7600.0000000000000000   1.2133024175850461E+02   2.9907781503605663E-01
    7700.0000000000000000   1.2271331274517517E+02   2.9505154518408455E-01
    7800.0000000000000000   1.2408908324500389E+02   2.9234070972493342E-01
    7900.0000000000000000   1.2546310489989031E+02   2.8978903502583708E-01
    8000.0000000000000000   1.2683933744387727E+02   2.8622258129568812E-01
    8100.0000000000000000   1.2820820792302368E+02   2.8385592858746950E-01
    8200.0000000000000000   1.2958167018541496E+02   2.8041185252749218E-01
    8300.0000000000000000   1.3094817522154653E+02   2.7797791592997573E-01
    8400.0000000000000000   1.3231625382402575E+02   2.7475454648800496E-01
    8500.0000000000000000   1.3368239265428184E+02   2.7166551997401617E-01
    8600.0000000000000000   1.3504092772398991E+02   2.7001171278276598E-01
    8700.0000000000000000   1.3640527657379877E+02   2.6690376534342170E-01
    8800.0000000000000000   1.3776692030406309E+02   2.6379206457657900E-01
    8900.0000000000000000   1.3911716924851086E+02   2.6269737991217534E-01
    9000.0000000000000000   1.4047701567903238E+02   2.5941706224347860E-01
    9100.0000000000000000   1.4183105565295770E+02   2.5712007641736911E-01
    9200.0000000000000000   1.4318669969958162E+02   2.5428366068069258E-01
    9300.0000000000000000   1.4453609556933344E+02   2.5240588050861174E-01
    9400.0000000000000000   1.4588151129357794E+02   2.5090173211065608E-01
    9500.0000000000000000   1.4723177978945017E+02   2.4816536776713863E-01
    9600.0000000000000000   1.4857906891031166E+02   2.4580377354939112E-01
    9700.0000000000000000   1.4992368258047711E+02   2.4362507752085205E-01
    9800.0000000000000000   1.5126564481807517E+02   2.4170320652491134E-01
    9900.0000000000000000   1.5260688854695957E+02   2.3968608223400362E-01
   10000.0000000000000000   1.5394712945954603E+02   2.3763471757112392E-01
   11000.0000000000000000   1.6727464049365597E+02   2.1874696312835043E-01
   12000.0000000000000000   1.8046419002200901E+02   2.0371200218539995E-01
   13000.0000000000000000   1.9353741183931976E+02   1.9057147474893202E-01
   14000.0000000000000000   2.0650833607388029E+02   1.7858712164182675E-01
   15000.0000000000000000   2.1937497020317713E+02   1.6858046912434407E-01
   16000.0000000000000000   2.3215818261004461E+02   1.5977704303641249E-01
   17000.0000000000000000   2.4485078259411296E+02   1.5173237026825617E-01
   18000.0000000000000000   2.5746596107540182E+02   1.4531704447309751E-01
   19000.0000000000000000   2.7002080356006263E+02   1.3771572049530020E-01
   20000.0000000000000000   2.8250194744879553E+02   1.3195927674784191E-01
   20005.9989999999997963   2.8257815021282460E+02   1.3176124830267158E-01
   20006.0010000000002037   2.8257817555530812E+02   1.3176119407235762E-01
   21000.0000000000000000   2.9490874982477544E+02   1.2759520554484505E-01
   22000.0000000000000000   3.0727380762495238E+02   1.2145586663414819E-01
   23000.0000000000000000   3.1956044108594659E+02   1.1669455422039353E-01
   24000.0000000000000000   3.3181234452445540E+02   1.1275916503172896E-01
   25000.0000000000000000   3.4400072346713313E+02   1.0969265271283254E-01
   26000.0000000000000000   3.5614770896628107E+02   1.0610739473633042E-01
   27000.0000000000000000   3.6825006308047443E+02   1.0186520648674399E-01
   28000.0000000000000000   3.8028044109311941E+02   9.9208955286812880E-02
   29000.0000000000000000   3.9230097867787845E+02   9.6754546239843003E-02
   30000.0000000000000000   4.0426955891267630E+02   9.2896608172723466E-02
   31000.0000000000000000   4.1622002854102897E+02   9.0411857824713060E-02
   32000.0000000000000000   4.2809299473249774E+02   8.8018553694336546E-02
   33000.0000000000000000   4.3991592920325644E+02   8.6892180306235009E-02
   34000.0000000000000000   4.5173243408310333E+02   8.4712467856486409E-02
   35000.0000000000000000   4.6353929838959385E+02   8.1302915909481757E-02
   36000.0000000000000000   4.7528801804708473E+02   8.0378284313341417E-02
   37000.0000000000000000   4.8703599825960623E+02   7.8823676516499852E-02
   38000.0000000000000000   4.9874691281303330E+02   7.5599572989301284E-02
   39000.0000000000000000   5.1036508316009241E+02   7.3990632069836790E-02
   40000.0000000000000000   5.2205675878077500E+02   7.2170854612318452E-02
   41000.0000000000000000   5.3362157919007120E+02   7.0462215842003156E-02
   42000.0000000000000000   5.4522733701573293E+02   6.9906612639454455E-02
   43000.0000000000000000   5.5673223149025750E+02   6.7806727907520403E-02
   44000.0000000000000000   5.6831266425025103E+02   6.6206468980620159E-02
   45000.0000000000000000   5.7982172096010743E+02   6.5352100116215742E-02
   46000.0000000000000000   5.9124815719602032E+02   6.4004784225644901E-02
   47000.0000000000000000   6.0267347302636813E+02   6.3609412413849653E-02
   48000.0000000000000000   6.1414852250366243E+02   6.1884022545945591E-02
   49000.0000000000000000   6.2556182106118820E+02   6.1389126259022771E-02
   50000.0000000000000000   6.3698027860883656E+02   5.9466582022468101E-02
