       0.1000000000000000   1.9424774613105772E+01   1.4990216426997074E-03
       0.2000000000000000   1.7122379680694671E+01   2.9235368288282083E-03
       0.3000000000000000   1.6370942295688376E+01   4.3315192566164415E-03
       0.4000000000000000   1.6096683994683264E+01   5.6693026001667811E-03
       0.5000000000000000   1.5967862595155767E+01   6.9854019908843707E-03
       0.6000000000000000   1.5908886126124232E+01   8.2826594043284452E-03
       0.7000000000000000   1.5890235071489968E+01   9.5636480364591180E-03
       0.7999999999999999   1.5895693830630533E+01   1.0830213455552349E-02
       0.8999999999999999   1.5917727480645645E+01   1.2080543738371974E-02
       0.9999999999999999   1.5949273941710661E+01   1.3319903166240425E-02
       2.0000000000000000   1.6419848712098638E+01   2.5179237491173474E-02
       3.0000000000000000   1.6854496010154705E+01   3.6475636152152061E-02
       4.0000000000000000   1.7185714989798726E+01   4.7563122436126967E-02
       5.0000000000000000   1.7422233082310807E+01   5.8656958279571160E-02
       6.0000000000000000   1.7579538895915263E+01   6.9902755634615399E-02
       7.0000000000000000   1.7671988029542106E+01   8.1400426699229297E-02
       8.0000000000000000   1.7710593847054646E+01   9.3228742978475290E-02
       9.0000000000000000   1.7704190279503756E+01   1.0545253517604024E-01
      10.0000000000000000   1.7659650754370432E+01   1.1812964772088583E-01
      11.0000000000000000   1.7582627648692714E+01   1.3131214316072545E-01
      12.0000000000000000   1.7477681819332965E+01   1.4504908394621518E-01
      13.0000000000000000   1.7348643107814059E+01   1.5938797648060421E-01
      14.0000000000000000   1.7198558437628371E+01   1.7437779740628551E-01
      15.0000000000000000   1.7030016273498450E+01   1.9006839412038579E-01
      16.0000000000000000   1.6845241359069959E+01   2.0651073388953645E-01
      17.0000000000000000   1.6646063051722145E+01   2.2375939764568140E-01
      18.0000000000000000   1.6434090715945064E+01   2.4187176109015010E-01
      19.0000000000000000   1.6210672602632794E+01   2.6090930803656520E-01
      20.0000000000000000   1.5976979633959273E+01   2.8093850986776853E-01
      21.0000000000000000   1.5734014645810399E+01   3.0203139221980513E-01
      22.0000000000000000   1.5482664106691026E+01   3.2426580376771108E-01
      23.0000000000000000   1.5223695874323466E+01   3.4772671024157170E-01
      24.0000000000000000   1.4957772650129877E+01   3.7250736313366184E-01
      25.0000000000000000   1.4685483763788479E+01   3.9870971259267401E-01
      26.0000000000000000   1.4407351422652367E+01   4.2644564101808935E-01
      27.0000000000000000   1.4123842662965027E+01   4.5583803855015170E-01
      28.0000000000000000   1.3835382636270044E+01   4.8702190193867895E-01
      29.0000000000000000   1.3542360411945788E+01   5.2014563679353198E-01
      30.0000000000000000   1.3245145612045473E+01   5.5537213957632225E-01
      31.0000000000000000   1.2944092812487076E+01   5.9288005336545613E-01
      32.0000000000000000   1.2639559399194225E+01   6.3286460200491812E-01
      33.0000000000000000   1.2331910155929240E+01   6.7553855310910327E-01
      34.0000000000000000   1.2021535350139420E+01   7.2113236990407492E-01
      35.0000000000000000   1.1708862514257621E+01   7.6989384576794440E-01
      36.0000000000000000   1.1394372712440678E+01   8.2208664299809686E-01
      37.0000000000000000   1.1078617340441289E+01   8.7798734270077794E-01
      38.0000000000000000   1.0762236375059807E+01   9.3788044446414298E-01
      39.0000000000000000   1.0445976194167827E+01   1.0020506901250368E+00
      40.0000000000000000   1.0130707364999511E+01   1.0707720318842744E+00
      41.0000000000000000   9.8174378420661039E+00   1.1442927807983807E+00
      41.9990000000000023   9.5076286400922587E+00   1.2227355663022239E+00
      42.0000000000000000   9.5073205170991049E+00   1.2228166414704427E+00
      42.0009999999999977   9.5070123985423223E+00   1.2228977217859589E+00
      43.0000000000000000   9.2016501105442803E+00   1.3064801274294677E+00
      44.0000000000000000   8.9018454206183826E+00   1.3953276725827255E+00
      44.9990000000000023   8.6097017095332475E+00   1.4891906423551950E+00
      45.0000000000000000   8.6094134736659598E+00   1.4892870976801327E+00
      45.0009999999999977   8.6091252467153296E+00   1.4893835579201049E+00
      46.0000000000000000   8.3258952064336178E+00   1.5881489387285499E+00
      47.0000000000000000   8.0527943768135604E+00   1.6915540105331206E+00
      48.0000000000000000   7.7914972200579298E+00   1.7989929619145051E+00
      49.0000000000000000   7.5431934831094223E+00   1.9098199556709985E+00
      50.0000000000000000   7.3088108104944514E+00   2.0232799284662994E+00
      51.0000000000000000   7.0889725233267340E+00   2.1385460767070379E+00
      52.0000000000000000   6.8839840356252218E+00   2.2547622112339263E+00
      53.0000000000000000   6.6938469445154736E+00   2.3710841359481925E+00
      54.0000000000000000   6.5182952148468383E+00   2.4867151683332875E+00
      55.0000000000000000   6.3568449383793073E+00   2.6009328236070770E+00
      56.0000000000000000   6.2088492442637122E+00   2.7131057322357948E+00
      57.0000000000000000   6.0735514592270450E+00   2.8227013692839371E+00
      58.0000000000000000   5.9501315623277273E+00   2.9292867248472789E+00
      59.0000000000000000   5.8377445727454393E+00   3.0325233238307345E+00
      60.0000000000000000   5.7355499822148595E+00   3.1321588271223799E+00
      61.0000000000000000   5.6427324108170129E+00   3.2280172214380265E+00
      62.0000000000000000   5.5585158840478108E+00   3.3199880055273194E+00
      63.0000000000000000   5.4821722639948094E+00   3.4080158177613122E+00
      64.0000000000000000   5.4130255193619918E+00   3.4920907541740065E+00
      65.0000000000000000   5.3504530019077983E+00   3.5722396818053657E+00
      66.0000000000000000   5.2938846273641254E+00   3.6485186480901382E+00
      67.0000000000000000   5.2428007062346955E+00   3.7210063803355906E+00
      67.9989999999999952   5.1967726769851410E+00   3.7897318256633485E+00
      68.0000000000000000   5.1967289627944862E+00   3.7897988075694191E+00
      68.0010000000000048   5.1966852531843459E+00   3.7898657858880354E+00
      69.0000000000000000   5.1552411238367997E+00   3.8550045051953239E+00
      70.0000000000000000   5.1179493466047186E+00   3.9167409497781107E+00
      71.0000000000000000   5.0845026643524243E+00   3.9751314726372717E+00
      72.0000000000000000   5.0545835660163849E+00   4.0303028054405505E+00
      73.0000000000000000   5.0279047726698440E+00   4.0823831232898380E+00
      74.0000000000000000   5.0042062495428565E+00   4.1315005010939316E+00
      75.0000000000000000   4.9832524561139895E+00   4.1777817216340685E+00
      76.0000000000000000   4.9648299019357349E+00   4.2213513095681625E+00
      77.0000000000000000   4.9487448282557693E+00   4.2623309008653383E+00
      78.0000000000000000   4.9348212312931956E+00   4.3008386886876151E+00
      79.0000000000000000   4.9228990363399827E+00   4.3369890723808959E+00
      80.0000000000000000   4.9128324749740244E+00   4.3708924147984476E+00
      81.0000000000000000   4.9044886350917407E+00   4.4026548946116835E+00
      82.0000000000000000   4.8977461687665524E+00   4.4323784337700705E+00
      83.0000000000000000   4.8924941377315045E+00   4.4601606838147276E+00
      84.0000000000000000   4.8886309832759123E+00   4.4860950581315739E+00
      85.0000000000000000   4.8860636099825046E+00   4.5102707991203648E+00
      86.0000000000000000   4.8847065659174325E+00   4.5327730719109933E+00
      87.0000000000000000   4.8844813103415650E+00   4.5536830791942329E+00
      88.0000000000000000   4.8853155657853984E+00   4.5730781817886266E+00
      89.0000000000000000   4.8871427246372727E+00   4.5910320450964628E+00
      90.0000000000000000   4.8899013309471844E+00   4.6076147750011032E+00
      91.0000000000000000   4.8935346109395166E+00   4.6228930651050755E+00
      92.0000000000000000   4.8979900518127328E+00   4.6369303432364415E+00
      93.0000000000000000   4.9032190237208830E+00   4.6497869171385959E+00
      94.0000000000000000   4.9091764398280784E+00   4.6615201180346171E+00
      95.0000000000000000   4.9158204501862119E+00   4.6721844410708986E+00
      96.0000000000000000   4.9231121657909762E+00   4.6818316819034003E+00
      97.0000000000000000   4.9310154094913710E+00   4.6905110688967318E+00
      98.0000000000000000   4.9394964905676932E+00   4.6982693905974440E+00
      99.0000000000000000   4.9485240022853203E+00   4.7051511180994439E+00
     100.0000000000000000   4.9580686352515526E+00   4.7111985225531301E+00
     103.9989999999999952   5.0008851379032899E+00   4.7278167106325570E+00
     104.0010000000000048   5.0009082543032228E+00   4.7278222330216817E+00
     110.0000000000000000   5.0767152222946557E+00   4.7337209817235042E+00
     120.0000000000000000   5.2255177096605463E+00   4.7066752501403046E+00
     130.0000000000000000   5.3933411516805343E+00   4.6493412291502896E+00
     140.0000000000000000   5.5736408203331278E+00   4.5737443058752953E+00
     150.0000000000000000   5.7546951562943214E+00   4.5080152982863053E+00
     153.9989999999999952   5.8369672444778802E+00   4.4615907330361928E+00
     154.0010000000000048   5.8370161207195084E+00   4.4615503769269429E+00
     160.0000000000000000   5.9530093644643625E+00   4.4107044522487815E+00
     167.9989999999999952   6.1107892325255753E+00   4.3393150011535875E+00
     168.0010000000000048   6.1108373799098317E+00   4.3392780424968853E+00
     169.9989999999999952   6.1520228617309947E+00   4.3180346476049438E+00
     170.0000000000000000   6.1520468899571812E+00   4.3180164160039771E+00
     170.0010000000000048   6.1520709167750338E+00   4.3179981867511907E+00
     180.0000000000000000   6.3515170448226117E+00   4.2298694892884718E+00
     190.0000000000000000   6.5572071381222523E+00   4.1328190207195172E+00
     200.0000000000000000   6.7622843059827860E+00   4.0416161770888204E+00
     210.0000000000000000   6.9667183619272555E+00   3.9557659031859091E+00
     220.0000000000000000   7.1704964561823354E+00   3.8748177835875302E+00
     230.0000000000000000   7.3736170548791504E+00   3.7983646556292259E+00
     231.9989999999999952   7.4190505024367308E+00   3.7732264373348783E+00
     232.0010000000000048   7.4190959316309755E+00   3.7732014660723401E+00
     233.9989999999999952   7.4595216902732568E+00   3.7587163557405217E+00
     234.0010000000000048   7.4595670455242828E+00   3.7586916551092071E+00
     236.9989999999999952   7.5177773082056198E+00   3.7422945804594843E+00
     237.0010000000000048   7.5178225430234873E+00   3.7422702382693926E+00
     240.0000000000000000   7.5808060924724714E+00   3.7161085709311066E+00
     250.0000000000000000   7.7869657644974204E+00   3.6386257586361102E+00
     260.0000000000000000   7.9921376052981072E+00   3.5654962776251988E+00
     270.0000000000000000   8.1963623681770965E+00   3.4963480622393397E+00
     280.0000000000000000   8.4038400036073053E+00   3.4225819636915360E+00
     290.0000000000000000   8.6061451510759692E+00   3.3607850025486798E+00
     300.0000000000000000   8.8115545309965313E+00   3.2944338343386059E+00
     310.0000000000000000   9.0121023459715381E+00   3.2388369399331447E+00
     320.0000000000000000   9.2156095907746138E+00   3.1787826920478728E+00
     330.0000000000000000   9.4181823636865740E+00   3.1216508668392771E+00
     340.0000000000000000   9.6198573980142310E+00   3.0672239360188915E+00
     350.0000000000000000   9.8206694509861912E+00   3.0153057554357701E+00
     360.0000000000000000   1.0020651390585790E+01   2.9657190003684946E+00
     370.0000000000000000   1.0223205729472395E+01   2.9123215190719498E+00
     380.0000000000000000   1.0421544241256555E+01   2.8671127873988209E+00
     390.0000000000000000   1.0619142121867785E+01   2.8237860425254366E+00
     398.9990000000000236   1.0798582483628211E+01   2.7824657679459373E+00
     399.0009999999999764   1.0798623717575758E+01   2.7824543186496924E+00
     400.0000000000000000   1.0819216173423330E+01   2.7767480894886054E+00
     410.0000000000000000   1.1015338601693871E+01   2.7369890149286560E+00
     415.9990000000000236   1.1135159270652236E+01   2.7096969974013785E+00
     416.0009999999999764   1.1135200213028009E+01   2.7096862645297715E+00
     420.0000000000000000   1.1213882019206700E+01   2.6935941259094971E+00
     430.0000000000000000   1.1411680427466624E+01   2.6519210474028867E+00
     440.0000000000000000   1.1605735592783875E+01   2.6167877018338945E+00
     450.0000000000000000   1.1802143257288993E+01   2.5781349691512463E+00
     460.0000000000000000   1.1997870353335781E+01   2.5409216347605601E+00
     470.0000000000000000   1.2192936069835454E+01   2.5050665370330996E+00
     480.0000000000000000   1.2387359554585467E+01   2.4704933773409961E+00
     490.0000000000000000   1.2578340742211857E+01   2.4414934104664607E+00
     500.0000000000000000   1.2771566550497731E+01   2.4091814477454641E+00
     510.0000000000000000   1.2964201577780385E+01   2.3779600397282268E+00
     510.9989999999999668   1.2983960446471551E+01   2.3740675948739467E+00
     511.0009999999999195   1.2983999997767626E+01   2.3740598162388573E+00
     520.0000000000000000   1.3156261645388245E+01   2.3477726876024803E+00
     530.0000000000000000   1.3350449435538174E+01   2.3145669794197521E+00
     540.0000000000000000   1.3541371662272011E+01   2.2863757038112329E+00
     550.0000000000000000   1.3731762270030151E+01   2.2590685326945699E+00
     560.0000000000000000   1.3921634489530684E+01   2.2326030539532504E+00
     570.0000000000000000   1.4111001087630335E+01   2.2069394853306736E+00
     580.0000000000000000   1.4302431685556561E+01   2.1784136797427092E+00
     590.0000000000000000   1.4490792913388646E+01   2.1543099985557022E+00
     600.0000000000000000   1.4678683466716063E+01   2.1309016851344720E+00
     610.0000000000000000   1.4866113502397571E+01   2.1081590385262379E+00
     620.0000000000000000   1.5055551647912793E+01   2.0826801270806534E+00
     630.0000000000000000   1.5242066252228636E+01   2.0612343867031755E+00
     640.0000000000000000   1.5430564876418016E+01   2.0371216601145492E+00
     650.0000000000000000   1.5616200642050487E+01   2.0168665619227033E+00
     660.0000000000000000   1.5803804272169060E+01   1.9939995917152253E+00
     670.0000000000000000   1.5988594482387915E+01   1.9748417108189571E+00
     680.0000000000000000   1.6175339470706660E+01   1.9531200191879621E+00
     690.0000000000000000   1.6359318771097435E+01   1.9349713600233600E+00
     700.0000000000000000   1.6545236178088185E+01   1.9143088199623159E+00
     710.0000000000000000   1.6728438079948148E+01   1.8970892091924294E+00
     720.0000000000000000   1.6913556807455315E+01   1.8774087448155314E+00
     730.0000000000000000   1.7096013605595914E+01   1.8610450627248756E+00
     740.0000000000000000   1.7280360075623857E+01   1.8422781573593472E+00
     750.0000000000000000   1.7464335346387884E+01   1.8239532567002272E+00
     760.0000000000000000   1.7645702644640885E+01   1.8087874690035282E+00
     770.0000000000000000   1.7828947217370661E+01   1.7912785175287145E+00
     780.0000000000000000   1.8011833320652176E+01   1.7741734124515647E+00
     790.0000000000000000   1.8192173760750102E+01   1.7600741333870671E+00
     800.0000000000000000   1.8374367630199547E+01   1.7437002125174785E+00
     810.0000000000000000   1.8556220742627122E+01   1.7276900030957372E+00
     820.0000000000000000   1.8737730335232310E+01   1.7120406837392763E+00
     830.0000000000000000   1.8916778573632616E+01   1.6992021857872133E+00
     840.0000000000000000   1.9097648372435426E+01   1.6841806470005540E+00
     850.0000000000000000   1.9278196393299176E+01   1.6694797735279465E+00
     860.0000000000000000   1.9458422948817446E+01   1.6550943571418870E+00
     870.0000000000000000   1.9638333168629622E+01   1.6410139283057352E+00
     880.0000000000000000   1.9817937536657301E+01   1.6272223399850301E+00
     890.0000000000000000   1.9995203861639819E+01   1.6159770163092413E+00
     900.0000000000000000   2.0174229968336846E+01   1.6026966471147785E+00
     910.0000000000000000   2.0352960429498086E+01   1.5896833746490098E+00
     920.0000000000000000   2.0531399005608730E+01   1.5769296247703171E+00
     930.0000000000000000   2.0709550411938249E+01   1.5644269628923679E+00
     940.0000000000000000   2.0887420354520692E+01   1.5521661045947550E+00
     950.0000000000000000   2.1065014878865338E+01   1.5401376776846656E+00
     960.0000000000000000   2.1242339053177322E+01   1.5283336028242394E+00
     970.0000000000000000   2.1419396561646160E+01   1.5167474508400596E+00
     980.0000000000000000   2.1596190312439454E+01   1.5053737528574054E+00
     990.0000000000000000   2.1772723115148803E+01   1.4942072739262613E+00
    1000.0000000000000000   2.1948997952680916E+01   1.4832427277142586E+00
    1100.0000000000000000   2.3698247386464843E+01   1.3835920872664837E+00
    1200.0000000000000000   2.5426780519156946E+01   1.2974338405406072E+00
    1300.0000000000000000   2.7136841894819547E+01   1.2218736161356394E+00
    1400.0000000000000000   2.8830299031916493E+01   1.1547859293275553E+00
    1500.0000000000000000   3.0506992137983083E+01   1.0959716369538994E+00
    1600.0000000000000000   3.2169909863541271E+01   1.0427616001718971E+00
    1700.0000000000000000   3.3817190827122829E+01   9.9644556480937352E-01
    1800.0000000000000000   3.5454466490915337E+01   9.5272520348721246E-01
    1843.9990000000000236   3.6169812693998416E+01   9.3566770316349490E-01
    1844.0009999999999764   3.6169845294603945E+01   9.3566684652507193E-01
    1900.0000000000000000   3.7078082535956810E+01   9.1426903219517719E-01
    2000.0000000000000000   3.8691630048190298E+01   8.7851977259376479E-01
    2100.0000000000000000   4.0294610354860481E+01   8.4586383513670316E-01
    2200.0000000000000000   4.1889169911690303E+01   8.1496105695861165E-01
    2300.0000000000000000   4.3472578001391078E+01   7.8755853843316315E-01
    2400.0000000000000000   4.5048625688623282E+01   7.6135791812357201E-01
    2475.9989999999997963   4.6240521150007119E+01   7.4285084637894816E-01
    2476.0010000000002037   4.6240552402954478E+01   7.4285039360593341E-01
    2500.0000000000000000   4.6615941311112117E+01   7.3722752521167667E-01
    2526.9989999999997963   4.7037671875391766E+01   7.3102616397811748E-01
    2527.0010000000002037   4.7037703150438418E+01   7.3102567448909384E-01
    2600.0000000000000000   4.8175281838669967E+01   7.1477916078118486E-01
    2631.9989999999997963   4.8672998441026685E+01   7.0771857494835566E-01
    2632.0010000000002037   4.8673029839736742E+01   7.0771797411864856E-01
    2700.0000000000000000   4.9727038063572756E+01   6.9383480948850029E-01
    2800.0000000000000000   5.1271091397741223E+01   6.7446409202895830E-01
    2871.9989999999997963   5.2379596473404511E+01   6.6069726318912225E-01
    2872.0010000000002037   5.2379627278251398E+01   6.6069685600947770E-01
    2900.0000000000000000   5.2809515771099797E+01   6.5563652015517571E-01
    3000.0000000000000000   5.4340211287846074E+01   6.3850813509267434E-01
    3100.0000000000000000   5.5866112209799020E+01   6.2162152862138453E-01
    3200.0000000000000000   5.7384654030683642E+01   6.0623751128216830E-01
    3300.0000000000000000   5.8898303027307080E+01   5.9128405635394177E-01
    3400.0000000000000000   6.0406053221942734E+01   5.7722490669900384E-01
    3500.0000000000000000   6.1907746329592527E+01   5.6414664176323137E-01
    3600.0000000000000000   6.3404369446002924E+01   5.5165378560066258E-01
    3700.0000000000000000   6.4896757599815501E+01   5.3945139005814791E-01
    3800.0000000000000000   6.6384043126263535E+01   5.2784136955539018E-01
    3900.0000000000000000   6.7865597069413695E+01   5.1720125816999085E-01
    4000.0000000000000000   6.9343279528864699E+01   5.0676726590228360E-01
    4100.0000000000000000   7.0817271913436372E+01   4.9648870126835970E-01
    4200.0000000000000000   7.2286086346566876E+01   4.8693199445364688E-01
    4300.0000000000000000   7.3750145491365458E+01   4.7804234817131219E-01
    4400.0000000000000000   7.5213006029625816E+01   4.6843871294626971E-01
    4500.0000000000000000   7.6668415535766371E+01   4.6047366881512980E-01
    4600.0000000000000000   7.8122093852888909E+01   4.5211599618723797E-01
    4700.0000000000000000   7.9569662698487718E+01   4.4479553388127063E-01
    4800.0000000000000000   8.1016096112372267E+01   4.3697827669908401E-01
    4900.0000000000000000   8.2459105854169096E+01   4.2939702343947217E-01
    5000.0000000000000000   8.3898169797279380E+01   4.2222977347463414E-01
    5100.0000000000000000   8.5333441267553994E+01   4.1543981028478560E-01
    5200.0000000000000000   8.6765001019545664E+01   4.0901464163854451E-01
    5300.0000000000000000   8.8193039552318297E+01   4.0290337231448803E-01
    5400.0000000000000000   8.9617115886821821E+01   3.9724141849175698E-01
    5500.0000000000000000   9.1041670201560734E+01   3.9070530267147735E-01
    5600.0000000000000000   9.2461478296891912E+01   3.8487804561850791E-01
    5700.0000000000000000   9.3875947289523353E+01   3.7988212292438234E-01
    5800.0000000000000000   9.5291819017199302E+01   3.7385531135003913E-01
    5900.0000000000000000   9.6699852012971860E+01   3.6943959061384574E-01
    6000.0000000000000000   9.8110596376814613E+01   3.6367699902455281E-01
    6100.0000000000000000   9.9517386957140715E+01   3.5837442388550916E-01
    6200.0000000000000000   1.0091575031599599E+02   3.5474779919945743E-01
    6300.0000000000000000   1.0231821294985937E+02   3.4949625929882844E-01
    6400.0000000000000000   1.0371633854133000E+02   3.4489883391398951E-01
    6500.0000000000000000   1.0511164804167416E+02   3.4036686236093855E-01
    6600.0000000000000000   1.0650567858846374E+02   3.3581587430129523E-01
    6700.0000000000000000   1.0789566672744591E+02   3.3168360846368106E-01
    6800.0000000000000000   1.0928387548803023E+02   3.2756981616747100E-01
    6900.0000000000000000   1.1066879344775870E+02   3.2381824914464330E-01
    7000.0000000000000000   1.1205131909132268E+02   3.2014133242955772E-01
    7100.0000000000000000   1.1343213768708273E+02   3.1647803385957984E-01
    7200.0000000000000000   1.1480931431953189E+02   3.1322107157222112E-01
    7300.0000000000000000   1.1618429278633317E+02   3.1000718434615371E-01
    7400.0000000000000000   1.1756395941803824E+02   3.0539727409384648E-01
    7500.0000000000000000   1.1893395424986915E+02   3.0248273725899477E-01
    7600.0000000000000000   1.2030324454212106E+02   2.9954325258976627E-01
    7700.0000000000000000   1.2167469906479138E+02   2.9551184300253225E-01
    7800.0000000000000000   1.2303895975362630E+02   2.9279598806947249E-01
    7900.0000000000000000   1.2440148491864376E+02   2.9023940988089947E-01
    8000.0000000000000000   1.2576616782136000E+02   2.8666816457182487E-01
    8100.0000000000000000   1.2712359705692840E+02   2.8429682831238839E-01
    8200.0000000000000000   1.2848552529843269E+02   2.8084817302593751E-01
    8300.0000000000000000   1.2984059833685228E+02   2.7840975799323003E-01
    8400.0000000000000000   1.3119720347455814E+02   2.7518200753372263E-01
    8500.0000000000000000   1.3255188677452617E+02   2.7208869419705117E-01
    8600.0000000000000000   1.3389907983852487E+02   2.7043069129759817E-01
    8700.0000000000000000   1.3525197445426568E+02   2.6731863631873604E-01
    8800.0000000000000000   1.3660219538613077E+02   2.6420291336251983E-01
    8900.0000000000000000   1.3794119945009965E+02   2.6310428916074680E-01
    9000.0000000000000000   1.3928962568604308E+02   2.5982011202253474E-01
    9100.0000000000000000   1.4063232966626839E+02   2.5751934431859830E-01
    9200.0000000000000000   1.4197659735702689E+02   2.5467922192197712E-01
    9300.0000000000000000   1.4331470884666038E+02   2.5279780803110991E-01
    9400.0000000000000000   1.4464889414977003E+02   2.5129009667093410E-01
    9500.0000000000000000   1.4598783771570714E+02   2.4855023802464982E-01
    9600.0000000000000000   1.4732383936243605E+02   2.4618521614958941E-01
    9700.0000000000000000   1.4865719805474035E+02   2.4400315717419130E-01
    9800.0000000000000000   1.4998793755742099E+02   2.4207798608198361E-01
    9900.0000000000000000   1.5131795842805553E+02   2.4005762275703427E-01
   10000.0000000000000000   1.5264698129269729E+02   2.3800307840203738E-01
   11000.0000000000000000   1.6586293902114252E+02   2.1908645508497579E-01
   12000.0000000000000000   1.7894219178112732E+02   2.0402706812348304E-01
   13000.0000000000000000   1.9190611552423155E+02   1.9086558678758486E-01
   14000.0000000000000000   2.0476859256733505E+02   1.7886304723970678E-01
   15000.0000000000000000   2.1752773759814670E+02   1.6884045137406473E-01
   16000.0000000000000000   2.3020413183956492E+02   1.6002292646300209E-01
   17000.0000000000000000   2.4279075932886232E+02   1.5196569083787281E-01
   18000.0000000000000000   2.5530063696435280E+02   1.4553909541483093E-01
   19000.0000000000000000   2.6775060546137280E+02   1.3792760136487053E-01
   20000.0000000000000000   2.8012756256716739E+02   1.3216193062317330E-01
   20005.9989999999997963   2.8020311649706917E+02   1.3196384940075820E-01
   20006.0010000000002037   2.8020314162428531E+02   1.3196379515285395E-01
   21000.0000000000000000   2.9243090847423116E+02   1.2778944765187686E-01
   22000.0000000000000000   3.0469272368393814E+02   1.2164240667645305E-01
   23000.0000000000000000   3.1687696825760179E+02   1.1687401401046890E-01
   24000.0000000000000000   3.2902662925822494E+02   1.1293209256671631E-01
   25000.0000000000000000   3.4111341522542398E+02   1.0985953352493691E-01
   26000.0000000000000000   3.5315910674791775E+02   1.0626866112990239E-01
   27000.0000000000000000   3.6516053795600396E+02   1.0202124511902898E-01
   28000.0000000000000000   3.7709083737768685E+02   9.9360113437779993E-02
   29000.0000000000000000   3.8901111776424477E+02   9.6901137035066295E-02
   30000.0000000000000000   4.0087997978706534E+02   9.3038914963121347E-02
   31000.0000000000000000   4.1273071794136928E+02   9.0550137881995146E-02
   32000.0000000000000000   4.2450494306385440E+02   8.8153041347059743E-02
   33000.0000000000000000   4.3622967919143417E+02   8.7023089615486687E-02
   34000.0000000000000000   4.4794781125126667E+02   8.4839994910293190E-02
   35000.0000000000000000   4.5965619185650212E+02   8.1427240799586353E-02
   36000.0000000000000000   4.7130713537943444E+02   8.0499572845895886E-02
   37000.0000000000000000   4.8295709797360610E+02   7.8942081698696112E-02
   38000.0000000000000000   4.9457036752986409E+02   7.5715236326392640E-02
   39000.0000000000000000   5.0609220153983824E+02   7.4103684700961778E-02
   40000.0000000000000000   5.1768608438569436E+02   7.2281418308678569E-02
   41000.0000000000000000   5.2915500323754236E+02   7.0570403887016145E-02
   42000.0000000000000000   5.4066395959713554E+02   7.0012530607307347E-02
   43000.0000000000000000   5.5207352258264586E+02   6.7910474353934505E-02
   44000.0000000000000000   5.6355715949204364E+02   6.6308136057489753E-02
   45000.0000000000000000   5.7497041006567758E+02   6.5451774120011921E-02
   46000.0000000000000000   5.8630222220876635E+02   6.4102546088000742E-02
   47000.0000000000000000   5.9763274287076217E+02   6.3705338141521031E-02
   48000.0000000000000000   6.0901198396514701E+02   6.1978183616312910E-02
   49000.0000000000000000   6.2033032260413438E+02   6.1481589976440244E-02
   50000.0000000000000000   6.3165355851032052E+02   5.9557411840038640E-02
