       0.1000000000000000   2.2737774820855699E+02   1.2933133574692454E-04
       0.2000000000000000   1.9321302801804853E+02   2.6568506588941333E-04
       0.3000000000000000   1.7808669444897788E+02   4.1490805259654465E-04
       0.4000000000000000   1.6899345528964463E+02   5.7138334112071540E-04
       0.5000000000000000   1.6186233099429828E+02   7.4005076246806505E-04
       0.6000000000000000   1.5577956212258758E+02   9.2140092959989918E-04
       0.7000000000000000   1.5037347309788893E+02   1.1159383601812099E-03
       0.7999999999999999   1.4544472013331762E+02   1.3240529901525416E-03
       0.8999999999999999   1.4090190530943008E+02   1.5456217844633982E-03
       0.9999999999999999   1.3665074571000795E+02   1.7814372499366246E-03
       2.0000000000000000   1.0488022372728753E+02   4.9284385977193109E-03
       3.0000000000000000   8.5072470772835388E+01   9.4732620361890462E-03
       4.0000000000000000   7.1924440826692518E+01   1.5271717791160676E-02
       5.0000000000000000   6.2678922324081746E+01   2.2177560376215433E-02
       6.0000000000000000   5.5836424521431177E+01   3.0083913168022253E-02
       7.0000000000000000   5.0558102187189178E+01   3.8914455083151181E-02
       8.0000000000000000   4.6347036258662193E+01   4.8617758855950099E-02
       9.0000000000000000   4.2894735511060126E+01   5.9159885405196434E-02
      10.0000000000000000   4.0000188456463633E+01   7.0521070181217019E-02
      11.0000000000000000   3.7527784691322879E+01   8.2691994391559859E-02
      12.0000000000000000   3.5382583941758966E+01   9.5671697772772873E-02
      13.0000000000000000   3.3496334785071269E+01   1.0946702412139245E-01
      14.0000000000000000   3.1818288991151615E+01   1.2409261965070074E-01
      15.0000000000000000   3.0310217674160814E+01   1.3956981036927360E-01
      16.0000000000000000   2.8942808094550784E+01   1.5592565811300696E-01
      17.0000000000000000   2.7692996272517185E+01   1.7319431582586625E-01
      18.0000000000000000   2.6542550782481424E+01   1.9141594245379964E-01
      19.0000000000000000   2.5476785485536475E+01   2.1063729471446652E-01
      20.0000000000000000   2.4483738186245894E+01   2.3091227528905592E-01
      21.0000000000000000   2.3553567735195340E+01   2.5230213991270445E-01
      22.0000000000000000   2.2678137596877956E+01   2.7487557678599439E-01
      23.0000000000000000   2.1850629337756892E+01   2.9870968165780404E-01
      24.0000000000000000   2.1065281820442006E+01   3.2389096480776719E-01
      25.0000000000000000   2.0317217327077444E+01   3.5051562125484231E-01
      26.0000000000000000   1.9602274257432775E+01   3.7869061478900545E-01
      27.0000000000000000   1.8916887234287323E+01   4.0853464331725986E-01
      28.0000000000000000   1.8257993932864800E+01   4.4017914316747808E-01
      29.0000000000000000   1.7622953955298609E+01   4.7376948869273444E-01
      30.0000000000000000   1.7009496180895553E+01   5.0946602542777497E-01
      31.0000000000000000   1.6415666872593420E+01   5.4744524311440279E-01
      32.0000000000000000   1.5839800328837496E+01   5.8790057743000734E-01
      33.0000000000000000   1.5280484873461420E+01   6.3104330679444820E-01
      34.0000000000000000   1.4736548244211983E+01   6.7710268047178879E-01
      35.0000000000000000   1.4207043058509072E+01   7.2632551217475039E-01
      36.0000000000000000   1.3691239835409121E+01   7.7897469440654366E-01
      37.0000000000000000   1.3188624194920976E+01   8.3532622298083281E-01
      38.0000000000000000   1.2698897728655870E+01   8.9566417679335075E-01
      39.0000000000000000   1.2221980624221544E+01   9.6027302257445935E-01
      40.0000000000000000   1.1758014768898100E+01   1.0294265703015295E+00
      41.0000000000000000   1.1307362700154668E+01   1.1033731024344053E+00
      41.9990000000000023   1.0871030358707223E+01   1.1822349039645859E+00
      42.0000000000000000   1.0870600776967009E+01   1.1823163954396023E+00
      42.0009999999999977   1.0870171209875069E+01   1.1823978920557174E+00
      43.0000000000000000   1.0448500787354057E+01   1.2663931196539302E+00
      44.0000000000000000   1.0041996433879619E+01   1.3556479302322244E+00
      44.9990000000000023   9.6525120476618262E+00   1.4499120573521584E+00
      45.0000000000000000   9.6521308542295561E+00   1.4500089114754391E+00
      45.0009999999999977   9.6517496785222168E+00   1.4501057705083298E+00
      46.0000000000000000   9.2799864801732763E+00   1.5492668826731359E+00
      47.0000000000000000   8.9265999486656273E+00   1.6530629356615332E+00
      48.0000000000000000   8.5928714539684314E+00   1.7608879669696724E+00
      49.0000000000000000   8.2794805746368922E+00   1.8720963375267778E+00
      50.0000000000000000   7.9868213930931491E+00   1.9859331198849697E+00
      51.0000000000000000   7.7149664883930553E+00   2.1015715784894438E+00
      52.0000000000000000   7.4636636493920792E+00   2.2181555284601546E+00
      53.0000000000000000   7.2323623343140966E+00   2.3348407238574120E+00
      54.0000000000000000   7.0202620677387593E+00   2.4508303922562575E+00
      55.0000000000000000   6.8263726582294000E+00   2.5654019342712484E+00
      56.0000000000000000   6.6495768098018848E+00   2.6779238562798446E+00
      57.0000000000000000   6.4886880098050375E+00   2.7878635115693862E+00
      58.0000000000000000   6.3424988684687129E+00   2.8947877804342661E+00
      59.0000000000000000   6.2098192414196856E+00   2.9983580962324949E+00
      60.0000000000000000   6.0895037767307620E+00   3.0983220507167424E+00
      61.0000000000000000   5.9804696294579429E+00   3.1945035843472809E+00
      62.0000000000000000   5.8817073103857629E+00   3.2867921728461851E+00
      63.0000000000000000   5.7922854706538551E+00   3.3751324534459304E+00
      64.0000000000000000   5.7113516125107227E+00   3.4595145406470391E+00
      65.0000000000000000   5.6381299933137852E+00   3.5399653373692592E+00
      66.0000000000000000   5.5719177363377810E+00   3.6165409418257779E+00
      67.0000000000000000   5.5120799137348913E+00   3.6893201445788257E+00
      67.9989999999999952   5.4580954566305051E+00   3.7583316823979289E+00
      68.0000000000000000   5.4580441429798885E+00   3.7583989481624083E+00
      68.0010000000000048   5.4579928346116366E+00   3.7584662103344217E+00
      69.0000000000000000   5.4092950651360692E+00   3.8238860096144509E+00
      70.0000000000000000   5.3653689499306561E+00   3.8858988935862184E+00
      71.0000000000000000   5.3258485704461576E+00   3.9445610241886881E+00
      72.0000000000000000   5.2903584374953914E+00   3.9999992293429956E+00
      73.0000000000000000   5.2585604264369064E+00   4.0523417826951533E+00
      74.0000000000000000   5.2301498074473649E+00   4.1017168590325435E+00
      75.0000000000000000   5.2048516570008676E+00   4.1482513415126165E+00
      76.0000000000000000   5.1824177008341277E+00   4.1920698552043261E+00
      77.0000000000000000   5.1626233809614286E+00   4.2332941357168998E+00
      78.0000000000000000   5.1452653588981994E+00   4.2720424748509851E+00
      79.0000000000000000   5.1301592418112891E+00   4.3084293692094908E+00
      80.0000000000000000   5.1171375760191014E+00   4.3425652772627519E+00
      81.0000000000000000   5.1060480677688869E+00   4.3745564714622596E+00
      82.0000000000000000   5.0967520060439595E+00   4.4045049655429143E+00
      83.0000000000000000   5.0891228643280177E+00   4.4325085007808598E+00
      84.0000000000000000   5.0830450593958316E+00   4.4586605781021893E+00
      85.0000000000000000   5.0784128507800892E+00   4.4830505252600323E+00
      86.0000000000000000   5.0751293624294469E+00   4.5057635905173798E+00
      87.0000000000000000   5.0731057110916522E+00   4.5268810574781959E+00
      88.0000000000000000   5.0722602398160834E+00   4.5464803656638617E+00
      89.0000000000000000   5.0725178163088653E+00   4.5646352570059996E+00
      90.0000000000000000   5.0738092249297599E+00   4.5814159117520896E+00
      91.0000000000000000   5.0760706149358503E+00   4.5968890957628359E+00
      92.0000000000000000   5.0792430083658733E+00   4.6111183070579171E+00
      93.0000000000000000   5.0832718592904849E+00   4.6241639215544632E+00
      94.0000000000000000   5.0881066584717649E+00   4.6360833366826499E+00
      95.0000000000000000   5.0937005782662377E+00   4.6469311118823500E+00
      96.0000000000000000   5.1000101532479567E+00   4.6567591052434194E+00
      97.0000000000000000   5.1069949925629068E+00   4.6656166057591761E+00
      98.0000000000000000   5.1146175203477302E+00   4.6735504608416463E+00
      99.0000000000000000   5.1228427421299267E+00   4.6806051987912394E+00
     100.0000000000000000   5.1316380319474062E+00   4.6868231462830048E+00
     103.9989999999999952   5.1719290058607603E+00   4.7040997284609052E+00
     104.0010000000000048   5.1719510304071576E+00   4.7041055710170747E+00
     110.0000000000000000   5.2451248067359213E+00   4.7109264726515550E+00
     120.0000000000000000   5.3917305595532596E+00   4.6852656066983007E+00
     130.0000000000000000   5.5591865839264596E+00   4.6291558335938632E+00
     140.0000000000000000   5.7403137714922279E+00   4.5546498284506853E+00
     150.0000000000000000   5.9228079493104504E+00   4.4897957137909792E+00
     153.9989999999999952   6.0063241697770584E+00   4.4436911647510025E+00
     154.0010000000000048   6.0063741308039988E+00   4.4436509655279703E+00
     160.0000000000000000   6.1238555292860966E+00   4.3932621032015406E+00
     167.9989999999999952   6.2839036162957083E+00   4.3224428641594956E+00
     168.0010000000000048   6.2839528438883425E+00   4.3224060428420064E+00
     169.9989999999999952   6.3258230347683897E+00   4.3012986050181361E+00
     170.0000000000000000   6.3258476027760961E+00   4.3012804408469725E+00
     170.0010000000000048   6.3258721692957538E+00   4.3012622790233808E+00
     180.0000000000000000   6.5284489114086162E+00   4.2137786207404142E+00
     190.0000000000000000   6.7377478286021413E+00   4.1173199054754530E+00
     200.0000000000000000   6.9465060395610747E+00   4.0266620496269052E+00
     210.0000000000000000   7.1546800624425275E+00   3.9413155277618435E+00
     220.0000000000000000   7.3622467156591718E+00   3.8608346018284365E+00
     230.0000000000000000   7.5691963132299938E+00   3.7848160934647290E+00
     231.9989999999999952   7.6156629247808842E+00   3.7597611582512491E+00
     232.0010000000000048   7.6157093872460155E+00   3.7597362697391259E+00
     233.9989999999999952   7.6569024676537891E+00   3.7453332617578314E+00
     234.0010000000000048   7.6569488544897268E+00   3.7453086427492277E+00
     236.9989999999999952   7.7161844911982644E+00   3.7290326794847362E+00
     237.0010000000000048   7.7162307546105646E+00   3.7290084172702809E+00
     240.0000000000000000   7.7805001385899120E+00   3.7029654703167925E+00
     250.0000000000000000   7.9907792624677283E+00   3.6258619079523551E+00
     260.0000000000000000   8.2000731526931361E+00   3.5530880207900792E+00
     270.0000000000000000   8.4084209664793104E+00   3.4842739711558006E+00
     280.0000000000000000   8.6202383851653686E+00   3.4108225620351313E+00
     290.0000000000000000   8.8266566882724042E+00   3.3493225314854107E+00
     300.0000000000000000   9.0363808865707771E+00   3.2832520527189191E+00
     310.0000000000000000   9.2410303573126704E+00   3.2279209530102704E+00
     320.0000000000000000   9.4488274626824182E+00   3.1681188039449166E+00
     330.0000000000000000   9.6556754151297906E+00   3.1112264528926503E+00
     340.0000000000000000   9.8616112930898474E+00   3.0570273318504109E+00
     350.0000000000000000   1.0066670219834855E+01   3.0053261601734995E+00
     360.0000000000000000   1.0270885441034642E+01   2.9559463918897051E+00
     370.0000000000000000   1.0477829855560428E+01   2.9027465795075829E+00
     380.0000000000000000   1.0680371367182682E+01   2.8577268374348765E+00
     390.0000000000000000   1.0882159903911255E+01   2.8145809832737481E+00
     398.9990000000000236   1.1065472941194871E+01   2.7734170068000754E+00
     399.0009999999999764   1.1065515105618362E+01   2.7734055915859965E+00
     400.0000000000000000   1.1086572243534052E+01   2.7677163508971097E+00
     410.0000000000000000   1.1286857759083345E+01   2.7281235098627867E+00
     415.9990000000000236   1.1409294442861754E+01   2.7009280001485898E+00
     416.0009999999999764   1.1409336308250332E+01   2.7009172990629722E+00
     420.0000000000000000   1.1489706735743379E+01   2.6848882091655262E+00
     430.0000000000000000   1.1691794094367255E+01   2.6433684790279637E+00
     440.0000000000000000   1.1889972273027920E+01   2.6083826142160156E+00
     450.0000000000000000   1.2090638966274202E+01   2.5698718374211618E+00
     460.0000000000000000   1.2290609818254444E+01   2.5327952501097677E+00
     470.0000000000000000   1.2489904421532691E+01   2.4970719826079177E+00
     480.0000000000000000   1.2688542353867751E+01   2.4626260064173309E+00
     490.0000000000000000   1.2883585498906335E+01   2.4337488266496807E+00
     500.0000000000000000   1.3080999933551047E+01   2.4015554869719518E+00
     510.0000000000000000   1.3277810279177698E+01   2.3704487538741721E+00
     510.9989999999999668   1.3298012299939270E+01   2.3665675559857906E+00
     511.0009999999999195   1.3298052738277688E+01   2.3665597998297789E+00
     520.0000000000000000   1.3474032717417929E+01   2.3403723295293188E+00
     530.0000000000000000   1.3672501489731285E+01   2.3072739893067133E+00
     540.0000000000000000   1.3867559431962009E+01   2.2791866966432441E+00
     550.0000000000000000   1.4062073807187529E+01   2.2519802867895229E+00
     560.0000000000000000   1.4256058148960166E+01   2.2256125004257714E+00
     570.0000000000000000   1.4449525519039728E+01   2.2000436984016156E+00
     580.0000000000000000   1.4645169847031658E+01   2.1716098678134519E+00
     590.0000000000000000   1.4837608356515466E+01   2.1475954959754859E+00
     600.0000000000000000   1.5029565649994810E+01   2.1242739445966690E+00
     610.0000000000000000   1.5221052102491688E+01   2.1016156240363952E+00
     620.0000000000000000   1.5414655237513468E+01   2.0762187074449967E+00
     630.0000000000000000   1.5605204973793652E+01   2.0548527294916976E+00
     640.0000000000000000   1.5797845407644674E+01   2.0308176260575741E+00
     650.0000000000000000   1.5987495843269853E+01   2.0106380997036402E+00
     660.0000000000000000   1.6179219362853487E+01   1.9878447331262781E+00
     670.0000000000000000   1.6368004512375109E+01   1.9687585662495211E+00
     680.0000000000000000   1.6558848397048486E+01   1.9471067734184659E+00
     690.0000000000000000   1.6746803763463021E+01   1.9290262682999524E+00
     700.0000000000000000   1.6936799802473342E+01   1.9084302043299251E+00
     710.0000000000000000   1.7123959753898333E+01   1.8912754550659898E+00
     720.0000000000000000   1.7313137525150569E+01   1.8716582977708260E+00
     730.0000000000000000   1.7499535203229122E+01   1.8553564254922656E+00
     740.0000000000000000   1.7687921732044060E+01   1.8366498870050807E+00
     750.0000000000000000   1.7875928007528202E+01   1.8183839619812758E+00
     760.0000000000000000   1.8061210522213127E+01   1.8032758078832603E+00
     770.0000000000000000   1.8248468189924957E+01   1.7858231948417116E+00
     780.0000000000000000   1.8435358511732861E+01   1.7687731777068441E+00
     790.0000000000000000   1.8619590172889165E+01   1.7547277786999682E+00
     800.0000000000000000   1.8805771358713240E+01   1.7384065706611569E+00
     810.0000000000000000   1.8991603363678973E+01   1.7224479456640220E+00
     820.0000000000000000   1.9177083172567023E+01   1.7068491194132751E+00
     830.0000000000000000   1.9359992425271660E+01   1.6940600586986700E+00
     840.0000000000000000   1.9544817043650671E+01   1.6790869351854880E+00
     850.0000000000000000   1.9729311893906157E+01   1.6644334874646343E+00
     860.0000000000000000   1.9913477195746761E+01   1.6500945383676557E+00
     870.0000000000000000   2.0097318217124478E+01   1.6360596481075229E+00
     880.0000000000000000   2.0280845836028725E+01   1.6223126981589853E+00
     890.0000000000000000   2.0461931778982574E+01   1.6111111399850075E+00
     900.0000000000000000   2.0644867375068504E+01   1.5978736896404317E+00
     910.0000000000000000   2.0827499965361756E+01   1.5849025145329028E+00
     920.0000000000000000   2.1009833396543431E+01   1.5721900646763562E+00
     930.0000000000000000   2.1191872517379750E+01   1.5597279286854941E+00
     940.0000000000000000   2.1373623216178448E+01   1.5475068444336244E+00
     950.0000000000000000   2.1555091738630448E+01   1.5355174611587303E+00
     960.0000000000000000   2.1736283308960051E+01   1.5237517201326420E+00
     970.0000000000000000   2.1917201704135383E+01   1.5122032120098980E+00
     980.0000000000000000   2.2097849890529762E+01   1.5008664869991195E+00
     990.0000000000000000   2.2278230733208300E+01   1.4897363285240259E+00
    1000.0000000000000000   2.2458347280521505E+01   1.4788074679494139E+00
    1100.0000000000000000   2.4245682756113940E+01   1.3794822361094181E+00
    1200.0000000000000000   2.6011835807071090E+01   1.2936013712713550E+00
    1300.0000000000000000   2.7759102862681708E+01   1.2182806668298301E+00
    1400.0000000000000000   2.9489395076390981E+01   1.1514020884736356E+00
    1500.0000000000000000   3.1202509749275613E+01   1.0927720848807723E+00
    1600.0000000000000000   3.2901543639486526E+01   1.0397258002063476E+00
    1700.0000000000000000   3.4584524315774757E+01   9.9355631902138786E-01
    1800.0000000000000000   3.6257319939807317E+01   9.4996795699916037E-01
    1843.9990000000000236   3.6988146906740845E+01   9.3296448618671735E-01
    1844.0009999999999764   3.6988180215999613E+01   9.3296363195203702E-01
    1900.0000000000000000   3.7916089412499971E+01   9.1163135108174231E-01
    2000.0000000000000000   3.9564571497690075E+01   8.7599094560923885E-01
    2100.0000000000000000   4.1202229837964651E+01   8.4343456544810569E-01
    2200.0000000000000000   4.2831295463047624E+01   8.1262322040896962E-01
    2300.0000000000000000   4.4448901629887153E+01   7.8530499173046142E-01
    2400.0000000000000000   4.6059001188481346E+01   7.5918234500983883E-01
    2475.9989999999997963   4.7276628280583317E+01   7.4073074432454555E-01
    2476.0010000000002037   4.7276660206876286E+01   7.4073029297109638E-01
    2500.0000000000000000   4.7660150557043153E+01   7.3512431188530658E-01
    2526.9989999999997963   4.8090980448104389E+01   7.2894160466262381E-01
    2527.0010000000002037   4.8091012399218229E+01   7.2894111654217786E-01
    2600.0000000000000000   4.9253132380736623E+01   7.1274329410721760E-01
    2631.9989999999997963   4.9761591247122325E+01   7.0570328625255729E-01
    2632.0010000000002037   4.9761623330889890E+01   7.0570268669496494E-01
    2700.0000000000000000   5.0838347241857726E+01   6.9186179314545604E-01
    2800.0000000000000000   5.2415663993973055E+01   6.7254987690893353E-01
    2871.9989999999997963   5.3548064723258783E+01   6.5882309761318802E-01
    2872.0010000000002037   5.3548096193478436E+01   6.5882269152093087E-01
    2900.0000000000000000   5.3987243551829749E+01   6.5377744619035527E-01
    3000.0000000000000000   5.5550885141452177E+01   6.3670088231701727E-01
    3100.0000000000000000   5.7109649624798976E+01   6.1986307575309307E-01
    3200.0000000000000000   5.8660851760443180E+01   6.0452510047411523E-01
    3300.0000000000000000   6.0207063960980946E+01   5.8961516303589523E-01
    3400.0000000000000000   6.1747230471391148E+01   5.7559721364920047E-01
    3500.0000000000000000   6.3281181736070749E+01   5.6255801671322281E-01
    3600.0000000000000000   6.4809945240312985E+01   5.5010226180794919E-01
    3700.0000000000000000   6.6334389723353098E+01   5.3793514938435805E-01
    3800.0000000000000000   6.7853605151200441E+01   5.2635872766995040E-01
    3900.0000000000000000   6.9366931210231371E+01   5.1575065156507238E-01
    4000.0000000000000000   7.0876308190612690E+01   5.0534724045792112E-01
    4100.0000000000000000   7.2381922663678168E+01   4.9509790214967531E-01
    4200.0000000000000000   7.3882217539375588E+01   4.8556915715721244E-01
    4300.0000000000000000   7.5377631840040948E+01   4.7670629056647329E-01
    4400.0000000000000000   7.6871878472157860E+01   4.6712832818093292E-01
    4500.0000000000000000   7.8358423799811021E+01   4.5918791897514005E-01
    4600.0000000000000000   7.9843240539718934E+01   4.5085390661478364E-01
    4700.0000000000000000   8.1321753231189746E+01   4.4355618807135461E-01
    4800.0000000000000000   8.2799155446319645E+01   4.3576081170452291E-01
    4900.0000000000000000   8.4273055105466568E+01   4.2820062572448553E-01
    5000.0000000000000000   8.5742905059409551E+01   4.2105367516520348E-01
    5100.0000000000000000   8.7208863758128672E+01   4.1428328577083767E-01
    5200.0000000000000000   8.8671013924731071E+01   4.0787700448886838E-01
    5300.0000000000000000   9.0129552968251858E+01   4.0178397247028769E-01
    5400.0000000000000000   9.1584018851947221E+01   3.9613963970901928E-01
    5500.0000000000000000   9.3039047318941030E+01   3.8962056018600533E-01
    5600.0000000000000000   9.4489180944562634E+01   3.8380978401063498E-01
    5700.0000000000000000   9.5933799336028400E+01   3.7882981416311329E-01
    5800.0000000000000000   9.7379941883825580E+01   3.7281845299872918E-01
    5900.0000000000000000   9.8817956385109284E+01   3.6841770418158382E-01
    6000.0000000000000000   1.0025885908621102E+02   3.6266962844920680E-01
    6100.0000000000000000   1.0169568846498186E+02   3.5738113413594313E-01
    6200.0000000000000000   1.0312377215034947E+02   3.5376817498580632E-01
    6300.0000000000000000   1.0455618982911109E+02   3.4852990388090543E-01
    6400.0000000000000000   1.0598413090390727E+02   3.4394536799894859E-01
    6500.0000000000000000   1.0740918264596807E+02   3.3942592308225605E-01
    6600.0000000000000000   1.0883294917335574E+02   3.3488711427192919E-01
    6700.0000000000000000   1.1025254402161632E+02   3.3076669489700777E-01
    6800.0000000000000000   1.1167032932494546E+02   3.2666443006022411E-01
    6900.0000000000000000   1.1308472607477897E+02   3.2292408451665666E-01
    7000.0000000000000000   1.1449667161663483E+02   3.1925809561561108E-01
    7100.0000000000000000   1.1590688065290337E+02   3.1560544284910064E-01
    7200.0000000000000000   1.1731333215165273E+02   3.1235885539299135E-01
    7300.0000000000000000   1.1871753286714349E+02   3.0915508248853085E-01
    7400.0000000000000000   1.2012667189139472E+02   3.0455503597232980E-01
    7500.0000000000000000   1.2152575562146826E+02   3.0165012170824884E-01
    7600.0000000000000000   1.2292414589572746E+02   2.9872002739247899E-01
    7700.0000000000000000   1.2432483709729435E+02   2.9469778444671058E-01
    7800.0000000000000000   1.2571805840088606E+02   2.9199088053298750E-01
    7900.0000000000000000   1.2710950790576238E+02   2.8944304544128541E-01
    8000.0000000000000000   1.2850324955996086E+02   2.8588034263950085E-01
    8100.0000000000000000   1.2988945723841445E+02   2.8351735528562688E-01
    8200.0000000000000000   1.3128040007277158E+02   2.8007686196604342E-01
    8300.0000000000000000   1.3266422388217489E+02   2.7764642831851755E-01
    8400.0000000000000000   1.3404968426323239E+02   2.7442648473099507E-01
    8500.0000000000000000   1.3543317486066576E+02   2.7134080954938766E-01
    8600.0000000000000000   1.3680888211586188E+02   2.6969028162734832E-01
    8700.0000000000000000   1.3819057694725851E+02   2.6658554374471066E-01
    8800.0000000000000000   1.3956951560818396E+02   2.6347698507044048E-01
    8900.0000000000000000   1.4093677937343392E+02   2.6238537718609084E-01
    9000.0000000000000000   1.4231391306585360E+02   2.5910807304497779E-01
    9100.0000000000000000   1.4368510685826641E+02   2.5681403946731479E-01
    9200.0000000000000000   1.4505796607849399E+02   2.5398051659111248E-01
    9300.0000000000000000   1.4642443163995787E+02   2.5210557170479442E-01
    9400.0000000000000000   1.4778683107426497E+02   2.5060420275724288E-01
    9500.0000000000000000   1.4915422928893628E+02   2.4787056369797061E-01
    9600.0000000000000000   1.5051858795656699E+02   2.4551164220088315E-01
    9700.0000000000000000   1.5188021879320212E+02   2.4333556786867777E-01
    9800.0000000000000000   1.5323914625434267E+02   2.4141626902381003E-01
    9900.0000000000000000   1.5459735382646170E+02   2.3940166876051910E-01
   10000.0000000000000000   1.5595454951408595E+02   2.3735278136910604E-01
   11000.0000000000000000   1.6945054803614624E+02   2.1848749469396478E-01
   12000.0000000000000000   1.8280648996870454E+02   2.0347150932170296E-01
   13000.0000000000000000   1.9604442748891171E+02   1.9034723380446350E-01
   14000.0000000000000000   2.0917863392196807E+02   1.7837696564830277E-01
   15000.0000000000000000   2.2220696197873733E+02   1.6838264456231961E-01
   16000.0000000000000000   2.3515073510704960E+02   1.5959011009759222E-01
   17000.0000000000000000   2.4800250047414653E+02   1.5155513162400058E-01
   18000.0000000000000000   2.6077572584076972E+02   1.4514849327102805E-01
   19000.0000000000000000   2.7348788104380071E+02   1.3755500165519444E-01
   20000.0000000000000000   2.8612520692968508E+02   1.3180565766115412E-01
   20005.9989999999997963   2.8620238315933892E+02   1.3160766980808081E-01
   20006.0010000000002037   2.8620240882474894E+02   1.3160761559129619E-01
   21000.0000000000000000   2.9868699962176731E+02   1.2744805355446334E-01
   22000.0000000000000000   3.1120665647940467E+02   1.2131463148880861E-01
   23000.0000000000000000   3.2364651619649504E+02   1.1655875423656932E-01
   24000.0000000000000000   3.3605136554339470E+02   1.1262837605791955E-01
   25000.0000000000000000   3.4839163933278286E+02   1.0956649923947129E-01
   26000.0000000000000000   3.6069001053449460E+02   1.0598554266777648E-01
   27000.0000000000000000   3.7294313299479256E+02   1.0174735721465311E-01
   28000.0000000000000000   3.8512293834413327E+02   9.9094840792535957E-02
   29000.0000000000000000   3.9729313435419766E+02   9.6643925017916466E-02
   30000.0000000000000000   4.0941050505875717E+02   9.2789261815056853E-02
   31000.0000000000000000   4.2150974566494216E+02   9.0307588140568551E-02
   32000.0000000000000000   4.3352992748824465E+02   8.7917180267969228E-02
   33000.0000000000000000   4.4549921056696979E+02   8.6793538414462135E-02
   34000.0000000000000000   4.5746229635948663E+02   8.4616406684135712E-02
   35000.0000000000000000   4.6941587716544956E+02   8.1209297012831694E-02
   36000.0000000000000000   4.8131019834593963E+02   8.0286980291172441E-02
   37000.0000000000000000   4.9320411748887102E+02   7.8734569855863787E-02
   38000.0000000000000000   5.0506037060737850E+02   7.5512555059053701E-02
   39000.0000000000000000   5.1682185111723095E+02   7.3905602239719884E-02
   40000.0000000000000000   5.2865903226762475E+02   7.2087719479192500E-02
   41000.0000000000000000   5.4036644336697475E+02   7.0380888547902837E-02
   42000.0000000000000000   5.5211613841251244E+02   6.9827012268651012E-02
   43000.0000000000000000   5.6376270174603303E+02   6.7728778951816407E-02
   44000.0000000000000000   5.7548701117080941E+02   6.6130100863782376E-02
   45000.0000000000000000   5.8713841060242771E+02   6.5277246769840244E-02
   46000.0000000000000000   5.9870536443457502E+02   6.3931383709896678E-02
   47000.0000000000000000   6.1027143581628593E+02   6.3537406577477848E-02
   48000.0000000000000000   6.2188876136742738E+02   6.1813356720774967E-02
   49000.0000000000000000   6.3344302154830996E+02   6.1319748984794677E-02
   50000.0000000000000000   6.4500281736586044E+02   5.9398444798470812E-02
