       0.1000000000000000   1.0000000000000000E+30   0.0000000000000000E+00
       0.2000000000000000   1.0000000000000000E+30   0.0000000000000000E+00
       0.3000000000000000   1.0000000000000000E+30   0.0000000000000000E+00
       0.4000000000000000   1.0000000000000000E+30   0.0000000000000000E+00
       0.5000000000000000   1.0000000000000000E+30   0.0000000000000000E+00
       0.6000000000000000   1.0000000000000000E+30   0.0000000000000000E+00
       0.7000000000000000   1.0000000000000000E+30   0.0000000000000000E+00
       0.7999999999999999   1.0000000000000000E+30   0.0000000000000000E+00
       0.8999999999999999   1.0000000000000000E+30   0.0000000000000000E+00
       0.9999999999999999   1.0000000000000000E+30   0.0000000000000000E+00
       2.0000000000000000   1.0000000000000000E+30   0.0000000000000000E+00
       3.0000000000000000   1.0000000000000000E+30   0.0000000000000000E+00
       4.0000000000000000   1.0000000000000000E+30   0.0000000000000000E+00
       5.0000000000000000   1.0000000000000000E+30   0.0000000000000000E+00
       6.0000000000000000   1.0000000000000000E+30   0.0000000000000000E+00
       7.0000000000000000   1.0000000000000000E+30   0.0000000000000000E+00
       8.0000000000000000   1.0000000000000000E+30   0.0000000000000000E+00
       9.0000000000000000   1.0000000000000000E+30   0.0000000000000000E+00
      10.0000000000000000   1.0000000000000000E+30   0.0000000000000000E+00
      11.0000000000000000   1.0000000000000000E+30   0.0000000000000000E+00
      12.0000000000000000   1.0000000000000000E+30   0.0000000000000000E+00
      13.0000000000000000   1.0000000000000000E+30   0.0000000000000000E+00
      14.0000000000000000   1.0000000000000000E+30   0.0000000000000000E+00
      15.0000000000000000   1.0000000000000000E+30   0.0000000000000000E+00
      16.0000000000000000   1.0000000000000000E+30   0.0000000000000000E+00
      17.0000000000000000   1.0000000000000000E+30   0.0000000000000000E+00
      18.0000000000000000   1.0000000000000000E+30   0.0000000000000000E+00
      19.0000000000000000   1.0000000000000000E+30   0.0000000000000000E+00
      20.0000000000000000   1.0000000000000000E+30   0.0000000000000000E+00
      21.0000000000000000   1.0000000000000000E+30   0.0000000000000000E+00
      22.0000000000000000   1.0000000000000000E+30   0.0000000000000000E+00
      23.0000000000000000   1.0000000000000000E+30   0.0000000000000000E+00
      24.0000000000000000   1.0000000000000000E+30   0.0000000000000000E+00
      25.0000000000000000   1.0000000000000000E+30   0.0000000000000000E+00
      26.0000000000000000   1.0000000000000000E+30   0.0000000000000000E+00
      27.0000000000000000   1.0000000000000000E+30   0.0000000000000000E+00
      28.0000000000000000   1.0000000000000000E+30   0.0000000000000000E+00
      29.0000000000000000   1.0000000000000000E+30   0.0000000000000000E+00
      30.0000000000000000   1.0000000000000000E+30   0.0000000000000000E+00
      31.0000000000000000   1.0000000000000000E+30   0.0000000000000000E+00
      32.0000000000000000   1.0000000000000000E+30   0.0000000000000000E+00
      33.0000000000000000   1.0000000000000000E+30   0.0000000000000000E+00
      34.0000000000000000   1.0000000000000000E+30   0.0000000000000000E+00
      35.0000000000000000   1.0000000000000000E+30   0.0000000000000000E+00
      36.0000000000000000   1.0000000000000000E+30   0.0000000000000000E+00
      37.0000000000000000   1.0000000000000000E+30   0.0000000000000000E+00
      38.0000000000000000   1.0000000000000000E+30   0.0000000000000000E+00
      39.0000000000000000   1.0000000000000000E+30   0.0000000000000000E+00
      40.0000000000000000   1.0000000000000000E+30   0.0000000000000000E+00
      41.0000000000000000   1.0000000000000000E+30   0.0000000000000000E+00
      41.9990000000000023   1.0000000000000000E+30   0.0000000000000000E+00
      42.0000000000000000   1.0000000000000000E+30   0.0000000000000000E+00
      42.0009999999999977   1.0000000000000000E+30   0.0000000000000000E+00
      43.0000000000000000   1.0000000000000000E+30   0.0000000000000000E+00
      44.0000000000000000   1.0000000000000000E+30   0.0000000000000000E+00
      44.9990000000000023   1.0000000000000000E+30   0.0000000000000000E+00
      45.0000000000000000   1.0000000000000000E+30   0.0000000000000000E+00
      45.0009999999999977   1.0000000000000000E+30   0.0000000000000000E+00
      46.0000000000000000   1.0000000000000000E+30   0.0000000000000000E+00
      47.0000000000000000   1.0000000000000000E+30   0.0000000000000000E+00
      48.0000000000000000   1.0000000000000000E+30   0.0000000000000000E+00
      49.0000000000000000   1.0000000000000000E+30   0.0000000000000000E+00
      50.0000000000000000   1.0000000000000000E+30   0.0000000000000000E+00
      51.0000000000000000   1.0000000000000000E+30   0.0000000000000000E+00
      52.0000000000000000   1.0000000000000000E+30   0.0000000000000000E+00
      53.0000000000000000   1.0000000000000000E+30   0.0000000000000000E+00
      54.0000000000000000   1.0000000000000000E+30   0.0000000000000000E+00
      55.0000000000000000   1.0000000000000000E+30   0.0000000000000000E+00
      56.0000000000000000   1.0000000000000000E+30   0.0000000000000000E+00
      57.0000000000000000   1.0000000000000000E+30   0.0000000000000000E+00
      58.0000000000000000   1.0000000000000000E+30   0.0000000000000000E+00
      59.0000000000000000   1.0000000000000000E+30   0.0000000000000000E+00
      60.0000000000000000   1.0000000000000000E+30   0.0000000000000000E+00
      61.0000000000000000   1.0000000000000000E+30   0.0000000000000000E+00
      62.0000000000000000   1.0000000000000000E+30   0.0000000000000000E+00
      63.0000000000000000   1.0000000000000000E+30   0.0000000000000000E+00
      64.0000000000000000   1.0000000000000000E+30   0.0000000000000000E+00
      65.0000000000000000   1.0000000000000000E+30   0.0000000000000000E+00
      66.0000000000000000   1.0000000000000000E+30   0.0000000000000000E+00
      67.0000000000000000   1.0000000000000000E+30   0.0000000000000000E+00
      67.9989999999999952   1.0000000000000000E+30   0.0000000000000000E+00
      68.0000000000000000   1.0000000000000000E+30   0.0000000000000000E+00
      68.0010000000000048   1.0000000000000000E+30   0.0000000000000000E+00
      69.0000000000000000   1.0000000000000000E+30   0.0000000000000000E+00
      70.0000000000000000   1.0000000000000000E+30   0.0000000000000000E+00
      71.0000000000000000   1.0000000000000000E+30   0.0000000000000000E+00
      72.0000000000000000   1.0000000000000000E+30   0.0000000000000000E+00
      73.0000000000000000   1.0000000000000000E+30   0.0000000000000000E+00
      74.0000000000000000   1.0000000000000000E+30   0.0000000000000000E+00
      75.0000000000000000   1.0000000000000000E+30   0.0000000000000000E+00
      76.0000000000000000   1.0000000000000000E+30   0.0000000000000000E+00
      77.0000000000000000   1.0000000000000000E+30   0.0000000000000000E+00
      78.0000000000000000   1.0000000000000000E+30   0.0000000000000000E+00
      79.0000000000000000   1.0000000000000000E+30   0.0000000000000000E+00
      80.0000000000000000   1.0000000000000000E+30   0.0000000000000000E+00
      81.0000000000000000   1.0000000000000000E+30   0.0000000000000000E+00
      82.0000000000000000   1.0000000000000000E+30   0.0000000000000000E+00
      83.0000000000000000   1.0000000000000000E+30   0.0000000000000000E+00
      84.0000000000000000   1.0000000000000000E+30   0.0000000000000000E+00
      85.0000000000000000   1.0000000000000000E+30   0.0000000000000000E+00
      86.0000000000000000   1.0000000000000000E+30   0.0000000000000000E+00
      87.0000000000000000   1.0000000000000000E+30   0.0000000000000000E+00
      88.0000000000000000   1.0000000000000000E+30   0.0000000000000000E+00
      89.0000000000000000   1.0000000000000000E+30   0.0000000000000000E+00
      90.0000000000000000   1.0000000000000000E+30   0.0000000000000000E+00
      91.0000000000000000   1.0000000000000000E+30   0.0000000000000000E+00
      92.0000000000000000   1.0000000000000000E+30   0.0000000000000000E+00
      93.0000000000000000   1.0000000000000000E+30   0.0000000000000000E+00
      94.0000000000000000   1.0000000000000000E+30   0.0000000000000000E+00
      95.0000000000000000   1.0000000000000000E+30   0.0000000000000000E+00
      96.0000000000000000   1.0000000000000000E+30   0.0000000000000000E+00
      97.0000000000000000   1.0000000000000000E+30   0.0000000000000000E+00
      98.0000000000000000   1.0000000000000000E+30   0.0000000000000000E+00
      99.0000000000000000   1.0000000000000000E+30   0.0000000000000000E+00
     100.0000000000000000   1.0000000000000000E+30   0.0000000000000000E+00
     103.9989999999999952   1.0000000000000000E+30   0.0000000000000000E+00
     104.0010000000000048   1.0000000000000000E+30   0.0000000000000000E+00
     110.0000000000000000   1.0000000000000000E+30   0.0000000000000000E+00
     120.0000000000000000   1.0000000000000000E+30   0.0000000000000000E+00
     130.0000000000000000   1.0000000000000000E+30   0.0000000000000000E+00
     140.0000000000000000   1.0000000000000000E+30   0.0000000000000000E+00
     150.0000000000000000   1.0000000000000000E+30   0.0000000000000000E+00
     153.9989999999999952   1.0000000000000000E+30   0.0000000000000000E+00
     154.0010000000000048   1.0000000000000000E+30   0.0000000000000000E+00
     160.0000000000000000   1.0000000000000000E+30   0.0000000000000000E+00
     167.9989999999999952   1.0000000000000000E+30   0.0000000000000000E+00
     168.0010000000000048   1.0000000000000000E+30   0.0000000000000000E+00
     169.9989999999999952   1.0000000000000000E+30   0.0000000000000000E+00
     170.0000000000000000   1.0000000000000000E+30   0.0000000000000000E+00
     170.0010000000000048   1.0000000000000000E+30   0.0000000000000000E+00
     180.0000000000000000   1.0000000000000000E+30   0.0000000000000000E+00
     190.0000000000000000   1.0000000000000000E+30   0.0000000000000000E+00
     200.0000000000000000   1.0000000000000000E+30   0.0000000000000000E+00
     210.0000000000000000   1.0000000000000000E+30   0.0000000000000000E+00
     220.0000000000000000   1.0000000000000000E+30   0.0000000000000000E+00
     230.0000000000000000   1.0000000000000000E+30   0.0000000000000000E+00
     231.9989999999999952   1.0000000000000000E+30   0.0000000000000000E+00
     232.0010000000000048   1.0000000000000000E+30   0.0000000000000000E+00
     233.9989999999999952   1.0000000000000000E+30   0.0000000000000000E+00
     234.0010000000000048   1.0000000000000000E+30   0.0000000000000000E+00
     236.9989999999999952   1.0000000000000000E+30   0.0000000000000000E+00
     237.0010000000000048   1.0000000000000000E+30   0.0000000000000000E+00
     240.0000000000000000   1.0000000000000000E+30   0.0000000000000000E+00
     250.0000000000000000   1.0000000000000000E+30   0.0000000000000000E+00
     260.0000000000000000   1.0000000000000000E+30   0.0000000000000000E+00
     270.0000000000000000   1.0000000000000000E+30   0.0000000000000000E+00
     280.0000000000000000   1.0000000000000000E+30   0.0000000000000000E+00
     290.0000000000000000   1.0000000000000000E+30   0.0000000000000000E+00
     300.0000000000000000   1.0000000000000000E+30   0.0000000000000000E+00
     310.0000000000000000   1.0000000000000000E+30   0.0000000000000000E+00
     320.0000000000000000   1.0000000000000000E+30   0.0000000000000000E+00
     330.0000000000000000   1.0000000000000000E+30   0.0000000000000000E+00
     340.0000000000000000   1.0000000000000000E+30   0.0000000000000000E+00
     350.0000000000000000   1.0000000000000000E+30   0.0000000000000000E+00
     360.0000000000000000   1.0000000000000000E+30   0.0000000000000000E+00
     370.0000000000000000   1.0000000000000000E+30   0.0000000000000000E+00
     380.0000000000000000   1.0000000000000000E+30   0.0000000000000000E+00
     390.0000000000000000   1.0000000000000000E+30   0.0000000000000000E+00
     398.9990000000000236   1.0000000000000000E+30   0.0000000000000000E+00
     399.0009999999999764   3.4555394600690070E+11   1.1546677576994939E-09
     400.0000000000000000   5.2741428145802043E+07   7.5696634692397248E-06
     410.0000000000000000   1.4508440373207540E+06   2.7676868375845799E-04
     415.9990000000000236   7.4775894063417474E+05   5.3883908743184307E-04
     416.0009999999999764   7.4761222147325159E+05   5.3894557131468326E-04
     420.0000000000000000   5.4108973279571789E+05   7.4633099980523916E-04
     430.0000000000000000   2.9714790887682460E+05   1.3666317103417228E-03
     440.0000000000000000   1.9277935596608883E+05   2.1181398170746170E-03
     450.0000000000000000   1.3737788343228292E+05   2.9885560650377086E-03
     460.0000000000000000   1.0401088424658299E+05   3.9686099120787568E-03
     470.0000000000000000   8.2158584753348099E+04   5.0510560854764835E-03
     480.0000000000000000   6.6974489337366089E+04   6.2291057183959881E-03
     490.0000000000000000   5.5941183557708639E+04   7.4969928793953578E-03
     500.0000000000000000   4.7639377412418689E+04   8.8495624283970800E-03
     510.0000000000000000   4.1217637724667955E+04   1.0281601537314755E-02
     510.9989999999999668   4.0656875941907070E+04   1.0428806586116517E-02
     511.0009999999999195   4.0655783299138006E+04   1.0429097620933079E-02
     520.0000000000000000   3.6134466083179897E+04   1.1788715950644721E-02
     530.0000000000000000   3.2033196967836935E+04   1.3366592492093479E-02
     540.0000000000000000   2.8670680597083083E+04   1.5010837963186651E-02
     550.0000000000000000   2.5874872277278151E+04   1.6717715831951571E-02
     560.0000000000000000   2.3521757534151406E+04   1.8483654915244455E-02
     570.0000000000000000   2.1520689822792472E+04   2.0304585526844856E-02
     580.0000000000000000   1.9802733865697872E+04   2.2177280873748401E-02
     590.0000000000000000   1.8315487721579651E+04   2.4098420207944778E-02
     600.0000000000000000   1.7018349677434635E+04   2.6064761620244008E-02
     610.0000000000000000   1.5879567288717149E+04   2.8072853476906176E-02
     620.0000000000000000   1.4873573987905025E+04   3.0119940278726772E-02
     630.0000000000000000   1.3980070439294446E+04   3.2202821583632704E-02
     640.0000000000000000   1.3182449303652476E+04   3.4318669913184982E-02
     650.0000000000000000   1.2467232317639358E+04   3.6464375464121949E-02
     660.0000000000000000   1.1823137809767184E+04   3.8637322284807707E-02
     670.0000000000000000   1.1240884929755302E+04   4.0834614575431478E-02
     680.0000000000000000   1.0712647536882070E+04   4.3053576147261179E-02
     690.0000000000000000   1.0231845203515355E+04   4.5291484656207699E-02
     700.0000000000000000   9.7928706980862153E+03   4.7545787493812414E-02
     710.0000000000000000   9.3909398273329352E+03   4.9813970419226680E-02
     720.0000000000000000   9.0219756592383383E+03   5.2093418513877998E-02
     730.0000000000000000   8.6824525612901434E+03   5.4381614968147085E-02
     740.0000000000000000   8.3692745105895683E+03   5.6676382935139338E-02
     750.0000000000000000   8.0798075565746221E+03   5.8975176724272910E-02
     760.0000000000000000   7.8117020560328920E+03   6.1275876383001998E-02
     770.0000000000000000   7.5629186105259150E+03   6.3576248617296258E-02
     780.0000000000000000   7.3316592318131306E+03   6.5874168353612164E-02
     790.0000000000000000   7.1163280206643249E+03   6.8167614747477873E-02
     800.0000000000000000   6.9155282570191848E+03   7.0454475876651920E-02
     810.0000000000000000   6.7279716381858234E+03   7.2733231441369159E-02
     820.0000000000000000   6.5525798988938022E+03   7.5001586479974028E-02
     830.0000000000000000   6.3883219212238037E+03   7.7258160802673559E-02
     840.0000000000000000   6.2343069174524544E+03   7.9501208994450956E-02
     850.0000000000000000   6.0897228339078229E+03   8.1729230919245915E-02
     860.0000000000000000   5.9538436283211131E+03   8.3940709590008919E-02
     870.0000000000000000   5.8260068470627830E+03   8.6134320435924741E-02
     880.0000000000000000   5.7056136633478300E+03   8.8308797147020321E-02
     890.0000000000000000   5.5921260251996582E+03   9.0462867516505951E-02
     900.0000000000000000   5.4850491349626027E+03   9.2595430133366324E-02
     910.0000000000000000   5.3839317218540373E+03   9.4705493617179573E-02
     920.0000000000000000   5.2883603546548284E+03   9.6792159190896038E-02
     930.0000000000000000   5.1979654104351330E+03   9.8854435582505423E-02
     940.0000000000000000   5.1123985712151489E+03   1.0089162508763098E-01
     950.0000000000000000   5.0313434725860316E+03   1.0290302152372927E-01
     960.0000000000000000   4.9545115749569077E+03   1.0488794661490114E-01
     970.0000000000000000   4.8816329664521845E+03   1.0684589167821230E-01
     980.0000000000000000   4.8124646563374399E+03   1.0877627624854040E-01
     990.0000000000000000   4.7467766230878970E+03   1.1067872312179698E-01
    1000.0000000000000000   4.6843590196038840E+03   1.1255285359815499E-01
    1100.0000000000000000   4.2034086926571772E+03   1.2969385680943524E-01
    1200.0000000000000000   3.9021014252728078E+03   1.4394418344500537E-01
    1300.0000000000000000   3.7095025557123809E+03   1.5552857687027005E-01
    1400.0000000000000000   3.5866151283345757E+03   1.6478849779951638E-01
    1500.0000000000000000   3.5105745790212291E+03   1.7208271167365816E-01
    1600.0000000000000000   3.4672524531427412E+03   1.7774212572671350E-01
    1700.0000000000000000   3.4475222128622527E+03   1.8205429078670116E-01
    1800.0000000000000000   3.4452679475272553E+03   1.8526109334873123E-01
    1843.9990000000000236   3.4486721316939766E+03   1.8637485852923971E-01
    1844.0009999999999764   3.4486723401587401E+03   1.8637490540174295E-01
    1900.0000000000000000   3.4562566203414776E+03   1.8756285488463090E-01
    2000.0000000000000000   3.4774771267010324E+03   1.8912405952116376E-01
    2100.0000000000000000   3.5067353098928570E+03   1.9007930726727673E-01
    2200.0000000000000000   3.5423994489144775E+03   1.9053856242607475E-01
    2300.0000000000000000   3.5832329925015438E+03   1.9059178263749299E-01
    2400.0000000000000000   3.6282836930873491E+03   1.9031266419357640E-01
    2475.9989999999997963   3.6648784037641522E+03   1.8991590956552723E-01
    2476.0010000000002037   3.6648793907718928E+03   1.8991589726135474E-01
    2500.0000000000000000   3.6768077253215333E+03   1.8976170806512918E-01
    2526.9989999999997963   3.6904247721902225E+03   1.8957303442164916E-01
    2527.0010000000002037   3.6904257884513750E+03   1.8957301986632569E-01
    2600.0000000000000000   3.7282162860847011E+03   1.8898872678292408E-01
    2631.9989999999997963   3.7451960218569889E+03   1.8870141183538081E-01
    2632.0010000000002037   3.7451970905748822E+03   1.8870139332304708E-01
    2700.0000000000000000   3.7820381524761779E+03   1.8803481454913773E-01
    2800.0000000000000000   3.8378919157107880E+03   1.8693398992895366E-01
    2871.9989999999997963   3.8791871338537430E+03   1.8606646742232485E-01
    2872.0010000000002037   3.8791882924158972E+03   1.8606644255481131E-01
    2900.0000000000000000   3.8954662697871227E+03   1.8571445143374973E-01
    3000.0000000000000000   3.9545047488417767E+03   1.8439965040696155E-01
    3100.0000000000000000   4.0147944315250188E+03   1.8300912170735806E-01
    3200.0000000000000000   4.0761573841145969E+03   1.8155916482418449E-01
    3300.0000000000000000   4.1384437650474065E+03   1.8006341260733644E-01
    3400.0000000000000000   4.2015268757430267E+03   1.7853326084948237E-01
    3500.0000000000000000   4.2652986840530893E+03   1.7697827146621370E-01
    3600.0000000000000000   4.3296669256522064E+03   1.7540644612969788E-01
    3700.0000000000000000   4.3945522048510429E+03   1.7382449692473612E-01
    3800.0000000000000000   4.4598860391280941E+03   1.7223804389914182E-01
    3900.0000000000000000   4.5256089543579237E+03   1.7065180161094798E-01
    4000.0000000000000000   4.5916693725603400E+03   1.6906969816165152E-01
    4100.0000000000000000   4.6580221107051448E+03   1.6749502337056094E-01
    4200.0000000000000000   4.7246276773099089E+03   1.6593050689551914E-01
    4300.0000000000000000   4.7914514001729694E+03   1.6437840944070350E-01
    4400.0000000000000000   4.8584626720011584E+03   1.6284059859506939E-01
    4500.0000000000000000   4.9256345083331516E+03   1.6131860152955835E-01
    4600.0000000000000000   4.9920181171692184E+03   1.5994984651318003E-01
    4700.0000000000000000   5.0594024738242397E+03   1.5851309521939205E-01
    4800.0000000000000000   5.1266602543914505E+03   1.5711582038605265E-01
    4900.0000000000000000   5.1937944904140022E+03   1.5575631282544330E-01
    5000.0000000000000000   5.2608083414610001E+03   1.5443295249425346E-01
    5100.0000000000000000   5.3277048737575597E+03   1.5314421625034103E-01
    5200.0000000000000000   5.3944872157087038E+03   1.5188865953592234E-01
    5300.0000000000000000   5.4611583965906475E+03   1.5066492191049241E-01
    5400.0000000000000000   5.5329709543739118E+03   1.4897288434587930E-01
    5500.0000000000000000   5.5993359704201293E+03   1.4781975252881388E-01
    5600.0000000000000000   5.6656004037519451E+03   1.4669438525986789E-01
    5700.0000000000000000   5.7368159187777637E+03   1.4512669933682004E-01
    5800.0000000000000000   5.8027979100826251E+03   1.4406338982031425E-01
    5900.0000000000000000   5.8686890986005355E+03   1.4302444627719485E-01
    6000.0000000000000000   5.9393461951254740E+03   1.4156683989987465E-01
    6100.0000000000000000   6.0049769529291689E+03   1.4058273929187423E-01
    6200.0000000000000000   6.0752760685632229E+03   1.3919410737477281E-01
    6300.0000000000000000   6.1406605909508753E+03   1.3826047803251759E-01
    6400.0000000000000000   6.2106167719630675E+03   1.3693566789716244E-01
    6500.0000000000000000   6.2757684546918563E+03   1.3604859143047124E-01
    6600.0000000000000000   6.3453960577208154E+03   1.3478295910766311E-01
    6700.0000000000000000   6.4103274577177754E+03   1.3393891657684975E-01
    6800.0000000000000000   6.4796401255408100E+03   1.3272826691645848E-01
    6900.0000000000000000   6.5487907009648179E+03   1.3154662309673046E-01
    7000.0000000000000000   6.6133736791994515E+03   1.3076462382162307E-01
    7100.0000000000000000   6.6822283744192118E+03   1.2963223259679801E-01
    7200.0000000000000000   6.7509299446361847E+03   1.2852593931187939E-01
    7300.0000000000000000   6.8151907376155286E+03   1.2779930830313638E-01
    7400.0000000000000000   6.8836140770511183E+03   1.2673731809307448E-01
    7500.0000000000000000   6.9518926095468105E+03   1.2569890424035346E-01
    7600.0000000000000000   7.0158551133391411E+03   1.2502189430197730E-01
    7700.0000000000000000   7.0838716961320315E+03   1.2402348873800990E-01
    7800.0000000000000000   7.1517512046215552E+03   1.2304645948869708E-01
    7900.0000000000000000   7.2194960399025658E+03   1.2209009769438198E-01
    8000.0000000000000000   7.2871085345231722E+03   1.2115372684698514E-01
    8100.0000000000000000   7.3505723693787650E+03   1.2055201563407746E-01
    8200.0000000000000000   7.4179473507725452E+03   1.1964952480919620E-01
    8300.0000000000000000   7.4851968292196525E+03   1.1876526351766450E-01
    8400.0000000000000000   7.5523229269823514E+03   1.1789866072219578E-01
    8500.0000000000000000   7.6193277148733432E+03   1.1704916948831737E-01
    8600.0000000000000000   7.6862132273847283E+03   1.1621626510704519E-01
    8700.0000000000000000   7.7491370434972569E+03   1.1569045370325615E-01
    8800.0000000000000000   7.8158104893660138E+03   1.1488560637318226E-01
    8900.0000000000000000   7.8823705403214863E+03   1.1409597846026286E-01
    9000.0000000000000000   7.9488190558872357E+03   1.1332112165146156E-01
    9100.0000000000000000   8.0151578256962894E+03   1.1256060714819198E-01
    9200.0000000000000000   8.0813886189075874E+03   1.1181402147142369E-01
    9300.0000000000000000   8.1475131552011198E+03   1.1108096787137825E-01
    9400.0000000000000000   8.2135331072373247E+03   1.1036106516920548E-01
    9500.0000000000000000   8.2794501352525112E+03   1.0965394526717807E-01
    9600.0000000000000000   8.3452658385900286E+03   1.0895925521814059E-01
    9700.0000000000000000   8.4109817966315059E+03   1.0827665424319800E-01
    9800.0000000000000000   8.4765995393121993E+03   1.0760581499080416E-01
    9900.0000000000000000   8.5421205694054424E+03   1.0694642166307038E-01
   10000.0000000000000000   8.6075463607866386E+03   1.0629816967951268E-01
   11000.0000000000000000   9.2602304998053787E+03   1.0014435934391501E-01
   12000.0000000000000000   9.9044166651085197E+03   9.4879334717432665E-02
   13000.0000000000000000   1.0547315314071362E+04   8.9943338629086281E-02
   14000.0000000000000000   1.1180084731907500E+04   8.5804176014241507E-02
   15000.0000000000000000   1.1812444863304352E+04   8.1829295218042469E-02
   16000.0000000000000000   1.2435999967203858E+04   7.8448408263975450E-02
   17000.0000000000000000   1.3056992394167977E+04   7.5280571349790854E-02
   18000.0000000000000000   1.3675641815962530E+04   7.2296541878260942E-02
   19000.0000000000000000   1.4286916947431968E+04   6.9720897040600749E-02
   20000.0000000000000000   1.4896451667163217E+04   6.7258556082322368E-02
   20005.9989999999997963   1.4900172199535107E+04   6.7240922613032036E-02
   20006.0010000000002037   1.4900173439895170E+04   6.7240916735887585E-02
   21000.0000000000000000   1.5504383160943486E+04   6.4896856630251493E-02
   22000.0000000000000000   1.6105904843729317E+04   6.2837559794847772E-02
   23000.0000000000000000   1.6706245163579853E+04   6.0838897481269943E-02
   24000.0000000000000000   1.7300715805035103E+04   5.9089650782227873E-02
   25000.0000000000000000   1.7894321946159242E+04   5.7374256286924316E-02
   26000.0000000000000000   1.8484818716338770E+04   5.5779542310628746E-02
   27000.0000000000000000   1.9074644993454040E+04   5.4206947567301426E-02
   28000.0000000000000000   1.9659351961129225E+04   5.2820673285862166E-02
   29000.0000000000000000   2.0243598730548034E+04   5.1442632107340090E-02
   30000.0000000000000000   2.0823060012825157E+04   5.0225671622297345E-02
   31000.0000000000000000   2.1402233425844075E+04   4.9006866174412536E-02
   32000.0000000000000000   2.1979020759255429E+04   4.7858448768068197E-02
   33000.0000000000000000   2.2553525240469353E+04   4.6774162811125446E-02
   34000.0000000000000000   2.3125832838615817E+04   4.5748794841118684E-02
   35000.0000000000000000   2.3696025940458843E+04   4.4777632665656902E-02
   36000.0000000000000000   2.4264184955771139E+04   4.3856362533103314E-02
   37000.0000000000000000   2.4830391136721428E+04   4.2980939062003919E-02
   38000.0000000000000000   2.5396726030355600E+04   4.2087884479202267E-02
   39000.0000000000000000   2.5959171363636509E+04   4.1296794585178279E-02
   40000.0000000000000000   2.6521876011658376E+04   4.0484144246334203E-02
   41000.0000000000000000   2.7080820694438404E+04   3.9765350222938423E-02
   42000.0000000000000000   2.7640107728650735E+04   3.9022796646602791E-02
   43000.0000000000000000   2.8195767982655998E+04   3.8366848753398894E-02
   44000.0000000000000000   2.8751841455277870E+04   3.7685481298506851E-02
   45000.0000000000000000   2.9306371303866003E+04   3.7032499834981629E-02
   46000.0000000000000000   2.9859388421554904E+04   3.6406472159573114E-02
   47000.0000000000000000   3.0410926698741630E+04   3.5805933957866028E-02
   48000.0000000000000000   3.0959206553309345E+04   3.5275317443996618E-02
   49000.0000000000000000   3.1507996786632233E+04   3.4718358686319624E-02
   50000.0000000000000000   3.2055440942242949E+04   3.4182324592868463E-02
