       0.1000000000000000   1.4872509000585351E+03   2.1441087092125324E-05
       0.2000000000000000   9.3662440155029230E+02   6.4255572795899024E-05
       0.3000000000000000   6.8076876311787078E+02   1.3289127298437149E-04
       0.4000000000000000   5.3849176700440796E+02   2.2414128802886846E-04
       0.5000000000000000   4.4610493914458999E+02   3.3860443356624546E-04
       0.6000000000000000   3.8156186365138484E+02   4.7536661214312462E-04
       0.7000000000000000   3.3401149773306145E+02   6.3370548546950924E-04
       0.7999999999999999   2.9755370992989202E+02   8.1292877089447443E-04
       0.8999999999999999   2.6879142473900686E+02   1.0120807165675931E-03
       0.9999999999999999   2.4545372688198256E+02   1.2309366123440541E-03
       2.0000000000000000   1.3700728418073771E+02   4.3800406371992603E-03
       3.0000000000000000   9.9098268896660954E+01   9.0187869668210043E-03
       4.0000000000000000   7.9472801994736116E+01   1.4898894411143076E-02
       5.0000000000000000   6.7305653465239985E+01   2.1864598474206107E-02
       6.0000000000000000   5.8928834850686513E+01   2.9814804589723860E-02
       7.0000000000000000   5.2754948533538389E+01   3.8678512890955807E-02
       8.0000000000000000   4.7979319395272462E+01   4.8407738036750164E-02
       9.0000000000000000   4.4149768258542601E+01   5.8970698111611194E-02
      10.0000000000000000   4.0991378320559036E+01   7.0349011038823558E-02
      11.0000000000000000   3.8327612212848109E+01   8.2534282081765373E-02
      12.0000000000000000   3.6039413511035100E+01   9.5526189079440188E-02
      13.0000000000000000   3.4043636506269756E+01   1.0933203141719620E-01
      14.0000000000000000   3.2279916108004983E+01   1.2396678940615108E-01
      15.0000000000000000   3.0703618992575379E+01   1.3945203950550650E-01
      16.0000000000000000   2.9281032809664254E+01   1.5581503513479036E-01
      17.0000000000000000   2.7985991404984070E+01   1.7309007863416231E-01
      18.0000000000000000   2.6798027457586926E+01   1.9131744725264674E-01
      19.0000000000000000   2.5700813594352759E+01   2.1054399197280207E-01
      20.0000000000000000   2.4681158304560601E+01   2.3082369230895150E-01
      21.0000000000000000   2.3728286760868837E+01   2.5221786691285492E-01
      22.0000000000000000   2.2833343819968260E+01   2.7479525608387823E-01
      23.0000000000000000   2.1988949817878861E+01   2.9863299913261554E-01
      24.0000000000000000   2.1188900880737123E+01   3.2381764292921789E-01
      25.0000000000000000   2.0427966127285551E+01   3.5044541358338654E-01
      26.0000000000000000   1.9701699575872169E+01   3.7862330144728973E-01
      27.0000000000000000   1.9006304957627780E+01   4.0847002726429837E-01
      28.0000000000000000   1.8338530866215258E+01   4.4011704708198573E-01
      29.0000000000000000   1.7695580988070311E+01   4.7370975240042218E-01
      30.0000000000000000   1.7075054654278478E+01   5.0940850374530400E-01
      31.0000000000000000   1.6474889970372022E+01   5.4738980398290660E-01
      32.0000000000000000   1.5893330290314440E+01   5.8784710039903043E-01
      33.0000000000000000   1.5328887171722018E+01   6.3099168163794572E-01
      34.0000000000000000   1.4780323178566146E+01   6.7705280608255447E-01
      35.0000000000000000   1.4246635384020252E+01   7.2627729554976761E-01
      36.0000000000000000   1.3727046797540339E+01   7.7892804979931651E-01
      37.0000000000000000   1.3221002243507932E+01   8.3528107115254546E-01
      38.0000000000000000   1.2728168153376668E+01   8.9562044436602573E-01
      39.0000000000000000   1.2248434327490031E+01   9.6023064145624148E-01
      40.0000000000000000   1.1781916271815280E+01   1.0293854771810556E+00
      41.0000000000000000   1.1328953511280245E+01   1.1033332383430907E+00
      41.9990000000000023   1.0890533762119642E+01   1.1821962127264589E+00
      42.0000000000000000   1.0890102195396407E+01   1.1822777053492188E+00
      42.0009999999999977   1.0889670643524681E+01   1.1823592031130259E+00
      43.0000000000000000   1.0466116203110735E+01   1.2663555521388570E+00
      44.0000000000000000   1.0057913171791085E+01   1.3556114371481400E+00
      44.9990000000000023   9.6669042380912451E+00   1.4498765925529966E+00
      45.0000000000000000   9.6665216003332954E+00   1.4499734476839619E+00
      45.0009999999999977   9.6661389804593298E+00   1.4500703077244945E+00
      46.0000000000000000   9.2930103473854491E+00   1.5492324057951041E+00
      47.0000000000000000   8.9384032390729260E+00   1.6530294058511967E+00
      48.0000000000000000   8.6035882034743416E+00   1.7608553467140451E+00
      49.0000000000000000   8.2892329601378112E+00   1.8720645914648057E+00
      50.0000000000000000   7.9957201006549221E+00   1.9859022146428658E+00
      51.0000000000000000   7.7231111157753709E+00   2.1015414825323511E+00
      52.0000000000000000   7.4711431957600478E+00   2.2181262119575651E+00
      53.0000000000000000   7.2392558026296605E+00   2.3348121585603905E+00
      54.0000000000000000   7.0266391697300650E+00   2.4508025513858755E+00
      55.0000000000000000   6.8322945977011544E+00   2.5653747924159958E+00
      56.0000000000000000   6.6550971072006693E+00   2.6778973893045759E+00
      57.0000000000000000   6.4938533325306880E+00   2.7878376965281468E+00
      58.0000000000000000   6.3473498336263905E+00   2.8947625954925376E+00
      59.0000000000000000   6.2143911695931138E+00   2.9983335205954549E+00
      60.0000000000000000   6.0938273815431421E+00   3.0982980645633296E+00
      61.0000000000000000   5.9845716366174520E+00   3.1944801687692332E+00
      62.0000000000000000   5.8856110047129233E+00   3.2867693097916293E+00
      63.0000000000000000   5.7960111737485001E+00   3.3751101256685718E+00
      64.0000000000000000   5.7149170968343377E+00   3.4594927316571780E+00
      65.0000000000000000   5.6415508383162001E+00   3.5399440313897714E+00
      66.0000000000000000   5.5752076336943475E+00   3.6165201237509668E+00
      67.0000000000000000   5.5152509281855302E+00   3.6892997999360704E+00
      67.9989999999999952   5.4611583518370850E+00   3.7583117968598594E+00
      68.0000000000000000   5.4611069348700392E+00   3.7583790630771565E+00
      68.0010000000000048   5.4610555231947924E+00   3.7584463257019745E+00
      69.0000000000000000   5.4122590800067867E+00   3.8238665707767603E+00
      70.0000000000000000   5.3682425804799960E+00   3.8858798882201375E+00
      71.0000000000000000   5.3286392945428798E+00   3.9445424400236120E+00
      72.0000000000000000   5.2930729361615736E+00   3.9999810545869336E+00
      73.0000000000000000   5.2612046848183605E+00   4.0523240060097532E+00
      74.0000000000000000   5.2327292013962747E+00   4.1016994695097457E+00
      75.0000000000000000   5.2073710274551850E+00   4.1482343286528014E+00
      76.0000000000000000   5.1848814179196410E+00   4.1920532088958531E+00
      77.0000000000000000   5.1650353992584055E+00   4.2332778462169181E+00
      78.0000000000000000   5.1476292653054321E+00   4.2720265327674394E+00
      79.0000000000000000   5.1324782970573919E+00   4.3084137654842145E+00
      80.0000000000000000   5.1194147507601420E+00   4.3425500031555835E+00
      81.0000000000000000   5.1082860740829741E+00   4.3745415185360939E+00
      82.0000000000000000   5.0989533248609309E+00   4.4044903256495838E+00
      83.0000000000000000   5.0912897695943480E+00   4.4324941660481265E+00
      84.0000000000000000   5.0851796392190654E+00   4.4586465409209932E+00
      85.0000000000000000   5.0805170260561985E+00   4.4830367782728073E+00
      86.0000000000000000   5.0772049032919719E+00   4.5057501266069169E+00
      87.0000000000000000   5.0751542514195753E+00   4.5268678697572069E+00
      88.0000000000000000   5.0742832901653045E+00   4.5464674474648801E+00
      89.0000000000000000   5.0745167753296752E+00   4.5646226018723297E+00
      90.0000000000000000   5.0757853895815286E+00   4.5814035134286000E+00
      91.0000000000000000   5.0780251895767039E+00   4.5968769481876564E+00
      92.0000000000000000   5.0811771128845287E+00   4.6111064043544605E+00
      93.0000000000000000   5.0851865363908981E+00   4.6241522580238676E+00
      94.0000000000000000   5.0900028802106938E+00   4.6360719067966052E+00
      95.0000000000000000   5.0955792519329925E+00   4.6469199102762904E+00
      96.0000000000000000   5.1018721266607070E+00   4.6567481267100552E+00
      97.0000000000000000   5.1088410588487241E+00   4.6656058452423528E+00
      98.0000000000000000   5.1164484222639679E+00   4.6735399134304974E+00
      99.0000000000000000   5.1246591759778219E+00   4.6805948597146392E+00
     100.0000000000000000   5.1334406511317807E+00   4.6868130109042667E+00
     103.9989999999999952   5.1736821604789665E+00   4.7040903638400318E+00
     104.0010000000000048   5.1737041623769997E+00   4.7040962067649259E+00
     110.0000000000000000   5.2468177549102100E+00   4.7109181454968070E+00
     120.0000000000000000   5.3933491702034804E+00   4.6852587408826309E+00
     130.0000000000000000   5.5607516986790104E+00   4.6291501586002344E+00
     140.0000000000000000   5.7418381686256090E+00   4.5546451296049080E+00
     150.0000000000000000   5.9243297978624163E+00   4.4897913532805278E+00
     153.9989999999999952   6.0078530974359685E+00   4.4436869021666414E+00
     154.0010000000000048   6.0079030662634070E+00   4.4436467029914120E+00
     160.0000000000000000   6.1253918076265368E+00   4.3932579790881823E+00
     167.9989999999999952   6.2854525941989197E+00   4.3224389104004475E+00
     168.0010000000000048   6.2855018296632315E+00   4.3224020891236785E+00
     169.9989999999999952   6.3273763137982488E+00   4.3012946915395798E+00
     170.0000000000000000   6.3274008857449822E+00   4.3012765273883371E+00
     170.0010000000000048   6.3274254562029455E+00   4.3012583655846672E+00
     180.0000000000000000   6.5300212515363798E+00   4.2137748962603263E+00
     190.0000000000000000   6.7393438841376119E+00   4.1173163515424775E+00
     200.0000000000000000   6.9481267368312114E+00   4.0266586504314779E+00
     210.0000000000000000   7.1563261620562804E+00   3.9413122696368466E+00
     220.0000000000000000   7.3639188485001990E+00   3.8608314728751711E+00
     230.0000000000000000   7.5708950071316403E+00   3.7848130832575526E+00
     231.9989999999999952   7.6173693009239338E+00   3.7597581706434728E+00
     232.0010000000000048   7.6174157710726096E+00   3.7597332821537797E+00
     233.9989999999999952   7.6586142006760864E+00   3.7453302964028246E+00
     234.0010000000000048   7.6586605951845756E+00   3.7453056774162974E+00
     236.9989999999999952   7.7179031630349098E+00   3.7290297468563658E+00
     237.0010000000000048   7.7179494340998511E+00   3.7290054846634719E+00
     240.0000000000000000   7.7822280463696485E+00   3.7029625696672968E+00
     250.0000000000000000   7.9925365359644047E+00   3.6258591087191836E+00
     260.0000000000000000   8.2018599113469381E+00   3.5530853157241453E+00
     270.0000000000000000   8.4102373036822922E+00   3.4842713537732473E+00
     280.0000000000000000   8.6220862496723409E+00   3.4108200265122539E+00
     290.0000000000000000   8.8285341801418795E+00   3.3493200725711207E+00
     300.0000000000000000   9.0382897981437385E+00   3.2832496656613372E+00
     310.0000000000000000   9.2429689027890340E+00   3.2279186334947778E+00
     320.0000000000000000   9.4507972979434189E+00   3.1681165480415912E+00
     330.0000000000000000   9.6576764477582380E+00   3.1112242570114117E+00
     340.0000000000000000   9.8636434302854088E+00   3.0570251927025542E+00
     350.0000000000000000   1.0068733368981786E+01   3.0053240747385579E+00
     360.0000000000000000   1.0272979510133975E+01   2.9559443573867670E+00
     370.0000000000000000   1.0479956190836608E+01   2.9027445933703686E+00
     380.0000000000000000   1.0682528402704444E+01   2.8577248972899918E+00
     390.0000000000000000   1.0884347552319870E+01   2.8145790869216389E+00
     398.9990000000000236   1.1067689003981673E+01   2.7734151481069094E+00
     399.0009999999999764   1.1067731175307642E+01   2.7734037329010244E+00
     400.0000000000000000   1.1088791760239532E+01   2.7677144962953277E+00
     410.0000000000000000   1.1289107682534800E+01   2.7281216951112279E+00
     415.9990000000000236   1.1411563606656886E+01   2.7009262084456065E+00
     416.0009999999999764   1.1411605478886464E+01   2.7009155073675695E+00
     420.0000000000000000   1.1491988270635437E+01   2.6848864324933768E+00
     430.0000000000000000   1.1694107107779230E+01   2.6433667387821203E+00
     440.0000000000000000   1.1892315385400591E+01   2.6083809088507746E+00
     450.0000000000000000   1.2093013319045209E+01   2.5698701654890246E+00
     460.0000000000000000   1.2293015287838909E+01   2.5327936102532140E+00
     470.0000000000000000   1.2492340887260156E+01   2.4970703735520279E+00
     480.0000000000000000   1.2691009698243080E+01   2.4626244269631523E+00
     490.0000000000000000   1.2886082461147923E+01   2.4337472756682517E+00
     500.0000000000000000   1.3083527565374585E+01   2.4015539633989067E+00
     510.0000000000000000   1.3280368471414077E+01   2.3704472567048569E+00
     510.9989999999999668   1.3300573760115180E+01   2.3665660614011745E+00
     511.0009999999999195   1.3300614204994734E+01   2.3665583052503281E+00
     520.0000000000000000   1.3476621363623888E+01   2.3403708578143645E+00
     530.0000000000000000   1.3675121566409777E+01   2.3072725421480134E+00
     540.0000000000000000   1.3870209741444086E+01   2.2791852731902931E+00
     550.0000000000000000   1.4064754250734424E+01   2.2519788862360794E+00
     560.0000000000000000   1.4258768630158871E+01   2.2256111220068089E+00
     570.0000000000000000   1.4452265943752364E+01   2.2000423413905339E+00
     580.0000000000000000   1.4647941138113824E+01   2.1716085315195204E+00
     590.0000000000000000   1.4840409394845295E+01   2.1475941797415001E+00
     600.0000000000000000   1.5032396347767286E+01   2.1242726477967917E+00
     610.0000000000000000   1.5223912373592368E+01   2.1016143460741761E+00
     620.0000000000000000   1.5417545964212751E+01   2.0762174477515400E+00
     630.0000000000000000   1.5608125095149017E+01   2.0548514875239769E+00
     640.0000000000000000   1.5800795788404452E+01   2.0308164012968701E+00
     650.0000000000000000   1.5990475446641131E+01   2.0106368916540993E+00
     660.0000000000000000   1.6182229039785856E+01   1.9878435413135744E+00
     670.0000000000000000   1.6371043245789487E+01   1.9687573902196160E+00
     680.0000000000000000   1.6561917025832596E+01   1.9471056127364568E+00
     690.0000000000000000   1.6749901289561947E+01   1.9290251225490014E+00
     700.0000000000000000   1.6939927051803618E+01   1.9084290731102631E+00
     710.0000000000000000   1.7127115748346608E+01   1.8912743379939889E+00
     720.0000000000000000   1.7316323076326853E+01   1.8716571944781328E+00
     730.0000000000000000   1.7502749354222829E+01   1.8553553356249934E+00
     740.0000000000000000   1.7691165278315765E+01   1.8366488102230554E+00
     750.0000000000000000   1.7879200871589255E+01   1.8183828979573287E+00
     760.0000000000000000   1.8064511768678084E+01   1.8032747563025677E+00
     770.0000000000000000   1.8251798601698521E+01   1.7858221554011757E+00
     780.0000000000000000   1.8438718012939308E+01   1.7687721501145128E+00
     790.0000000000000000   1.8622977852805420E+01   1.7547267626744889E+00
     800.0000000000000000   1.8809187983995425E+01   1.7384055659312649E+00
     810.0000000000000000   1.8995048862270664E+01   1.7224469519680605E+00
     820.0000000000000000   1.9180557470460993E+01   1.7068481364987413E+00
     830.0000000000000000   1.9363494644922092E+01   1.6940590863217897E+00
     840.0000000000000000   1.9548347931032147E+01   1.6790859731108139E+00
     850.0000000000000000   1.9732871380685420E+01   1.6644325354646670E+00
     860.0000000000000000   1.9917065212917645E+01   1.6500935962224872E+00
     870.0000000000000000   2.0100934696854210E+01   1.6360587156044988E+00
     880.0000000000000000   2.0284490713693192E+01   1.6223117750923874E+00
     890.0000000000000000   2.0465604225207766E+01   1.6111102261557517E+00
     900.0000000000000000   2.0648568101350005E+01   1.5978727848557828E+00
     910.0000000000000000   2.0831228908763492E+01   1.5849016186062055E+00
     920.0000000000000000   2.1013590494878745E+01   1.5721891774267793E+00
     930.0000000000000000   2.1195657709585902E+01   1.5597270499377893E+00
     940.0000000000000000   2.1377436442701612E+01   1.5475059740178947E+00
     950.0000000000000000   2.1558932941564706E+01   1.5355165989102146E+00
     960.0000000000000000   2.1740152431694153E+01   1.5237508658915067E+00
     970.0000000000000000   2.1921098690849547E+01   1.5122023656210408E+00
     980.0000000000000000   2.2101774685920880E+01   1.5008656483119835E+00
     990.0000000000000000   2.2282183282467795E+01   1.4897354973924215E+00
    1000.0000000000000000   2.2462327529413617E+01   1.4788066442313497E+00
    1100.0000000000000000   2.4249937165096114E+01   1.3794814795351471E+00
    1200.0000000000000000   2.6016360318641990E+01   1.2936006712682717E+00
    1300.0000000000000000   2.7763893862204444E+01   1.2182800151736850E+00
    1400.0000000000000000   2.9494449322545346E+01   1.1514014786364992E+00
    1500.0000000000000000   3.1207823700367310E+01   1.0927715115914589E+00
    1600.0000000000000000   3.2907114620445299E+01   1.0397252591451087E+00
    1700.0000000000000000   3.4590348823663412E+01   9.9355580660237042E-01
    1800.0000000000000000   3.6263396314751382E+01   9.4996747021192740E-01
    1843.9990000000000236   3.6994332885065667E+01   9.3296400984493577E-01
    1844.0009999999999764   3.6994366199343339E+01   9.3296315561071963E-01
    1900.0000000000000000   3.7922414583437039E+01   9.1163088737355069E-01
    2000.0000000000000000   3.9571143543330216E+01   8.7599050279608226E-01
    2100.0000000000000000   4.1209046566499921E+01   8.4343414164645658E-01
    2200.0000000000000000   4.2838355340609311E+01   8.1262281398268255E-01
    2300.0000000000000000   4.4456202106171318E+01   7.8530460124895907E-01
    2400.0000000000000000   4.6066540951963169E+01   7.5918196921480963E-01
    2475.9989999999997963   4.7284348654602439E+01   7.4073037893989702E-01
    2476.0010000000002037   4.7284380585618187E+01   7.4072992758671385E-01
    2500.0000000000000000   4.7667927764355746E+01   7.3512394966391437E-01
    2526.9989999999997963   4.8098821463155602E+01   7.2894124593168996E-01
    2527.0010000000002037   4.8098853419010801E+01   7.2894075781150003E-01
    2600.0000000000000000   4.9261145394005801E+01   7.1274294447034547E-01
    2631.9989999999997963   4.9769679507271512E+01   7.0570294045144233E-01
    2632.0010000000002037   4.9769711595844086E+01   7.0570234089408701E-01
    2700.0000000000000000   5.0846594507518617E+01   6.9186145520988918E-01
    2800.0000000000000000   5.2424143874360226E+01   6.7254954988265103E-01
    2871.9989999999997963   5.3556711578356605E+01   6.5882277799582156E-01
    2872.0010000000002037   5.3556743053225262E+01   6.5882237190376536E-01
    2900.0000000000000000   5.3995955069826195E+01   6.5377712936030097E-01
    3000.0000000000000000   5.5559826573124219E+01   6.3670057503886324E-01
    3100.0000000000000000   5.7118820199840826E+01   6.1986277744261697E-01
    3200.0000000000000000   5.8670249814719170E+01   6.0452481059989471E-01
    3300.0000000000000000   6.0216688628231061E+01   5.8961488111308447E-01
    3400.0000000000000000   6.1757080520880407E+01   5.7559693923420130E-01
    3500.0000000000000000   6.3291255859888359E+01   5.6255774939910019E-01
    3600.0000000000000000   6.4820242436163355E+01   5.5010200122046948E-01
    3700.0000000000000000   6.6344909243441094E+01   5.3793489517855031E-01
    3800.0000000000000000   6.7864345938703778E+01   5.2635847952711046E-01
    3900.0000000000000000   6.9377891981860444E+01   5.1575040919014237E-01
    4000.0000000000000000   7.0887488259887533E+01   5.0534700357718898E-01
    4100.0000000000000000   7.2393321385599947E+01   4.9509767050874909E-01
    4200.0000000000000000   7.3893833762926903E+01   4.8556893051923028E-01
    4300.0000000000000000   7.5389464539120183E+01   4.7670606871051691E-01
    4400.0000000000000000   7.6883927772016065E+01   4.6712811090061718E-01
    4500.0000000000000000   7.8370687763368579E+01   4.5918770607735626E-01
    4600.0000000000000000   7.9855719089845095E+01   4.5085369791857621E-01
    4700.0000000000000000   8.1334444848003855E+01   4.4355598340691443E-01
    4800.0000000000000000   8.2812060221200454E+01   4.3576061091228385E-01
    4900.0000000000000000   8.4286172371371535E+01   4.2820042865431018E-01
    5000.0000000000000000   8.5756233969128118E+01   4.2105348167564932E-01
    5100.0000000000000000   8.7222403504826062E+01   4.1428309572849370E-01
    5200.0000000000000000   8.8684763718721598E+01   4.0787681776775320E-01
    5300.0000000000000000   9.0143512072876817E+01   4.0178378895130412E-01
    5400.0000000000000000   9.1598186379688528E+01   3.9613945927945804E-01
    5500.0000000000000000   9.3053423808018096E+01   3.8962038273909266E-01
    5600.0000000000000000   9.4503765236970267E+01   3.8380960944511994E-01
    5700.0000000000000000   9.5948590077101898E+01   3.7882964238289074E-01
    5800.0000000000000000   9.7394939882939880E+01   3.7281828391249394E-01
    5900.0000000000000000   9.8833159470357572E+01   3.6841753770251412E-01
    6000.0000000000000000   1.0027426847082710E+02   3.6266946449467319E-01
    6100.0000000000000000   1.0171130321280788E+02   3.5738097262724083E-01
    6200.0000000000000000   1.0313958988704024E+02   3.5376801584790873E-01
    6300.0000000000000000   1.0457221218901837E+02   3.4852974704223660E-01
    6400.0000000000000000   1.0600035681180226E+02   3.4394521339117351E-01
    6500.0000000000000000   1.0742561150856264E+02   3.3942577064008617E-01
    6600.0000000000000000   1.0884958088286380E+02   3.3488696393294276E-01
    6700.0000000000000000   1.1026937758284924E+02   3.3076654660148319E-01
    6800.0000000000000000   1.1168736446009308E+02   3.2666428375098516E-01
    6900.0000000000000000   1.1310196201958941E+02   3.2292394013892883E-01
    7000.0000000000000000   1.1451410788872836E+02   3.1925795311688804E-01
    7100.0000000000000000   1.1592451698320843E+02   3.1560530217901955E-01
    7200.0000000000000000   1.1733116765194566E+02   3.1235871650321712E-01
    7300.0000000000000000   1.1873556710411610E+02   3.0915494533264765E-01
    7400.0000000000000000   1.2014490661050402E+02   3.0455490050574036E-01
    7500.0000000000000000   1.2154418801071174E+02   3.0164998788807973E-01
    7600.0000000000000000   1.2294277598298805E+02   2.9871989517749226E-01
    7700.0000000000000000   1.2434366581295122E+02   2.9469765379722102E-01
    7800.0000000000000000   1.2573708371139776E+02   2.9199075141078523E-01
    7900.0000000000000000   1.2712872950139729E+02   2.8944291780956283E-01
    8000.0000000000000000   1.2852266835589401E+02   2.8588021646278455E-01
    8100.0000000000000000   1.2990907117607634E+02   2.8351723052971345E-01
    8200.0000000000000000   1.3130021079723221E+02   2.8007673859793886E-01
    8300.0000000000000000   1.3268422945592110E+02   2.7764630630638082E-01
    8400.0000000000000000   1.3406988538818248E+02   2.7442636404408433E-01
    8500.0000000000000000   1.3545357114751920E+02   2.7134069015801010E-01
    8600.0000000000000000   1.3682947142266832E+02   2.6969016350281239E-01
    8700.0000000000000000   1.3821136127557133E+02   2.6658542685928138E-01
    8800.0000000000000000   1.3959049432380775E+02   2.6347686939729698E-01
    8900.0000000000000000   1.4095794916062334E+02   2.6238526269928641E-01
    9000.0000000000000000   1.4233527708102261E+02   2.5910795971940187E-01
    9100.0000000000000000   1.4370666350487730E+02   2.5681392727865737E-01
    9200.0000000000000000   1.4507971604081615E+02   2.5398040551583012E-01
    9300.0000000000000000   1.4644637318272839E+02   2.5210546172007792E-01
    9400.0000000000000000   1.4780896315975630E+02   2.5060409384098709E-01
    9500.0000000000000000   1.4917655359223622E+02   2.4787045582874540E-01
    9600.0000000000000000   1.5054110374221358E+02   2.4551153535790601E-01
    9700.0000000000000000   1.5190292541763279E+02   2.4333546203178785E-01
    9800.0000000000000000   1.5326204307988388E+02   2.4141616417344336E-01
    9900.0000000000000000   1.5462044080651037E+02   2.3940156487768507E-01
   10000.0000000000000000   1.5597782651254872E+02   2.3735267843536506E-01
   11000.0000000000000000   1.6947571126441838E+02   2.1848740034421602E-01
   12000.0000000000000000   1.8283351237052520E+02   2.0347142218703079E-01
   13000.0000000000000000   1.9607328719771149E+02   1.9034715282271961E-01
   14000.0000000000000000   2.0920931215062910E+02   1.7837688997834758E-01
   15000.0000000000000000   2.2223943837298296E+02   1.6838257352636243E-01
   16000.0000000000000000   2.3518499475951924E+02   1.5959004314124059E-01
   17000.0000000000000000   2.4803852561809541E+02   1.5155506828785742E-01
   18000.0000000000000000   2.6081350204363304E+02   1.4514843317004161E-01
   19000.0000000000000000   2.7352739840750104E+02   1.3755494446334829E-01
   20000.0000000000000000   2.8616645111002094E+02   1.3180560309991793E-01
   20005.9989999999997963   2.8624363811337281E+02   1.3160761526186690E-01
   20006.0010000000002037   2.8624366378235612E+02   1.3160756104508728E-01
   21000.0000000000000000   2.9872995568267140E+02   1.2744800138394535E-01
   22000.0000000000000000   3.1125131873212359E+02   1.2131458150088409E-01
   23000.0000000000000000   3.2369286780708916E+02   1.1655870624947641E-01
   24000.0000000000000000   3.3609940222881124E+02   1.1262832991196149E-01
   25000.0000000000000000   3.4844134807623647E+02   1.0956645479356306E-01
   26000.0000000000000000   3.6074138455705003E+02   1.0598549979664383E-01
   27000.0000000000000000   3.7299616433457811E+02   1.0174731580654144E-01
   28000.0000000000000000   3.8517761086475707E+02   9.9094800747320869E-02
   29000.0000000000000000   3.9734944983264887E+02   9.6643886245534619E-02
   30000.0000000000000000   4.0946845282287188E+02   9.2789224234193599E-02
   31000.0000000000000000   4.2156932470637406E+02   9.0307551677553680E-02
   32000.0000000000000000   4.3359111942471054E+02   8.7917144855842080E-02
   33000.0000000000000000   4.4556200486557321E+02   8.6793503992176002E-02
   34000.0000000000000000   4.5752669496037987E+02   8.4616373195877143E-02
   35000.0000000000000000   4.6948188092733511E+02   8.1209264407435366E-02
   36000.0000000000000000   4.8137779401485369E+02   8.0286948521615858E-02
   37000.0000000000000000   4.9327330824619463E+02   7.8734538878829072E-02
   38000.0000000000000000   5.0513114906221841E+02   7.5512524834546083E-02
   39000.0000000000000000   5.1689419380321840E+02   7.3905572730734170E-02
   40000.0000000000000000   5.2873296336838098E+02   7.2087690651420594E-02
   41000.0000000000000000   5.4044192948191051E+02   7.0380860369476259E-02
   42000.0000000000000000   5.5219319417535905E+02   6.9826984709913525E-02
   43000.0000000000000000   5.6384130110701187E+02   6.7728751985122668E-02
   44000.0000000000000000   5.7556717846464517E+02   6.6130074463319061E-02
   45000.0000000000000000   5.8722012808118609E+02   6.5277220911466635E-02
   46000.0000000000000000   5.9878861111434264E+02   6.3931358371002375E-02
   47000.0000000000000000   6.1035621391706229E+02   6.3537381736855331E-02
   48000.0000000000000000   6.2197508750857025E+02   6.1813332358505141E-02
   49000.0000000000000000   6.3353088053011254E+02   6.1319725082143957E-02
   50000.0000000000000000   6.4509221297956117E+02   5.9398421337798296E-02
