       0.1000000000000000   2.3163617002380228E+01   1.2572807504780523E-03
       0.2000000000000000   2.0405164144136805E+01   2.4542944537063321E-03
       0.3000000000000000   1.9497295100207939E+01   3.6396782143598861E-03
       0.4000000000000000   1.9158830605960528E+01   4.7681485214804975E-03
       0.5000000000000000   1.8993846424344849E+01   5.8804184188845556E-03
       0.6000000000000000   1.8912158640582977E+01   6.9788199796320454E-03
       0.7000000000000000   1.8878524263942396E+01   8.0654745305074257E-03
       0.7999999999999999   1.8873596871099618E+01   9.1418938727184981E-03
       0.8999999999999999   1.8888399373194222E+01   1.0206501426506245E-02
       0.9999999999999999   1.8914492716187976E+01   1.1263709409201308E-02
       2.0000000000000000   1.9358607475040060E+01   2.1480215160244124E-02
       3.0000000000000000   1.9758579157899664E+01   3.1380773261406737E-02
       4.0000000000000000   2.0036225511795987E+01   4.1252313918269633E-02
       5.0000000000000000   2.0203569303780359E+01   5.1270732726463181E-02
       6.0000000000000000   2.0280157786530420E+01   6.1556527604177111E-02
       7.0000000000000000   2.0283849111200205E+01   7.2193173756283924E-02
       8.0000000000000000   2.0228308295161217E+01   8.3247439340320153E-02
       9.0000000000000000   2.0124429966935089E+01   9.4775033767082045E-02
      10.0000000000000000   1.9980655572073761E+01   1.0682638205436544E-01
      11.0000000000000000   1.9803871163716664E+01   1.1944746225358273E-01
      12.0000000000000000   1.9599592700745362E+01   1.3268205098078401E-01
      13.0000000000000000   1.9372398361295232E+01   1.4657304690420819E-01
      14.0000000000000000   1.9125893121092766E+01   1.6116510912633278E-01
      15.0000000000000000   1.8863094169726740E+01   1.7650415175459400E-01
      16.0000000000000000   1.8586552708811375E+01   1.9263752501610826E-01
      17.0000000000000000   1.8298328060258999E+01   2.0961636009517512E-01
      18.0000000000000000   1.8000193908462883E+01   2.2749483195174214E-01
      19.0000000000000000   1.7693604064653488E+01   2.4633139920012531E-01
      20.0000000000000000   1.7379787925962688E+01   2.6618968288232725E-01
      21.0000000000000000   1.7059769710199458E+01   2.8713902659163615E-01
      22.0000000000000000   1.6734429997215564E+01   3.0925478322202238E-01
      23.0000000000000000   1.6404506998548008E+01   3.3261957651369028E-01
      24.0000000000000000   1.6070615056373015E+01   3.5732447125235883E-01
      25.0000000000000000   1.5733282526884130E+01   3.8346939100185545E-01
      26.0000000000000000   1.5392960874757552E+01   4.1116434127968882E-01
      27.0000000000000000   1.5050039774260002E+01   4.4053048152850605E-01
      28.0000000000000000   1.4704863012612314E+01   4.7170122042553009E-01
      29.0000000000000000   1.4357736164448378E+01   5.0482350645511220E-01
      30.0000000000000000   1.4008945158861705E+01   5.4005891099029912E-01
      31.0000000000000000   1.3658762047938202E+01   5.7758487192746155E-01
      32.0000000000000000   1.3307464205394043E+01   6.1759552844297083E-01
      33.0000000000000000   1.2955339735957429E+01   6.6030267159349010E-01
      34.0000000000000000   1.2602706469825375E+01   7.0593589536909129E-01
      35.0000000000000000   1.2249924432345054E+01   7.5474222431261129E-01
      36.0000000000000000   1.1897412593363166E+01   8.0698464844274964E-01
      37.0000000000000000   1.1545666016185439E+01   8.6293916874704168E-01
      38.0000000000000000   1.1195274243451406E+01   9.2288979315565345E-01
      39.0000000000000000   1.0846939064022763E+01   9.8712085631629154E-01
      40.0000000000000000   1.0501491898589242E+01   1.0559059848907797E+00
      41.0000000000000000   1.0159906214302470E+01   1.1294932400536151E+00
      41.9990000000000023   9.8236375455195706E+00   1.2080050017073609E+00
      42.0000000000000000   9.8233038422944770E+00   1.2080861471475042E+00
      42.0009999999999977   9.8229701453075045E+00   1.2081672977373648E+00
      43.0000000000000000   9.4929500760614065E+00   1.2918211032708355E+00
      44.0000000000000000   9.1702336427992126E+00   1.3807424781699855E+00
      44.9990000000000023   8.8569366360464361E+00   1.4746815337844625E+00
      45.0000000000000000   8.8566280821808441E+00   1.4747780664359029E+00
      45.0009999999999977   8.8563195389309861E+00   1.4748746040047085E+00
      46.0000000000000000   8.5536345203917676E+00   1.5737184002694824E+00
      47.0000000000000000   8.2627078447518922E+00   1.6772042945524579E+00
      48.0000000000000000   7.9851742831466197E+00   1.7847263840569003E+00
      49.0000000000000000   7.7221514405974112E+00   1.8956387874693703E+00
      50.0000000000000000   7.4744830417978845E+00   2.0091863561060004E+00
      51.0000000000000000   7.2426984063522264E+00   2.1245421543564653E+00
      52.0000000000000000   7.0270016217753231E+00   2.2408498157205794E+00
      53.0000000000000000   6.8272889924063564E+00   2.3572649279215065E+00
      54.0000000000000000   6.6431886526359731E+00   2.4729905636402090E+00
      55.0000000000000000   6.4741134022273208E+00   2.5873039764160084E+00
      56.0000000000000000   6.3193180613634148E+00   2.6995735300067185E+00
      57.0000000000000000   6.1779543491155673E+00   2.8092664375025498E+00
      58.0000000000000000   6.0491183322141362E+00   2.9159494398239834E+00
      59.0000000000000000   5.9318892293303724E+00   3.0192838310135222E+00
      60.0000000000000000   5.8253588020351774E+00   3.1190170629763179E+00
      61.0000000000000000   5.7286516450713743E+00   3.2149729365457058E+00
      62.0000000000000000   5.6409389186962899E+00   3.3070407880640165E+00
      63.0000000000000000   5.5614461272297309E+00   3.3951651161151917E+00
      64.0000000000000000   5.4894567089669852E+00   3.4793358980462594E+00
      65.0000000000000000   5.4243126409465789E+00   3.5595799015086893E+00
      66.0000000000000000   5.3654129891244251E+00   3.6359530918435095E+00
      67.0000000000000000   5.3122111616980456E+00   3.7085341295451157E+00
      67.9989999999999952   5.2642569642837875E+00   3.7773518164405155E+00
      68.0000000000000000   5.2642114098884072E+00   3.7774188901796149E+00
      68.0010000000000048   5.2641658602427235E+00   3.7774859603302438E+00
      69.0000000000000000   5.2209649586285112E+00   3.8427159072230554E+00
      70.0000000000000000   5.1820660338534230E+00   3.9045426252377609E+00
      71.0000000000000000   5.1471479596297556E+00   3.9630223519627279E+00
      72.0000000000000000   5.1158794366284530E+00   4.0182818026405958E+00
      73.0000000000000000   5.0879610592529669E+00   4.0704491419703963E+00
      74.0000000000000000   5.0631221047167783E+00   4.1196524395053409E+00
      75.0000000000000000   5.0411175915447632E+00   4.1660184768674737E+00
      76.0000000000000000   5.0217256717952630E+00   4.2096717810876925E+00
      77.0000000000000000   5.0047451706909447E+00   4.2507339933511981E+00
      78.0000000000000000   4.9899934894756415E+00   4.2893233144157907E+00
      79.0000000000000000   4.9773046752512773E+00   4.3255541531520469E+00
      80.0000000000000000   4.9665277085796866E+00   4.3595368834981425E+00
      81.0000000000000000   4.9575249763308058E+00   4.3913776964604141E+00
      82.0000000000000000   4.9501709126400186E+00   4.4211785273104995E+00
      83.0000000000000000   4.9443507868383580E+00   4.4490370416898539E+00
      84.0000000000000000   4.9399596234399663E+00   4.4750466676659055E+00
      85.0000000000000000   4.9369012422765088E+00   4.4992966627579873E+00
      86.0000000000000000   4.9350874009943277E+00   4.5218722075236659E+00
      87.0000000000000000   4.9344370296597324E+00   4.5428545202826882E+00
      88.0000000000000000   4.9348755544430736E+00   4.5623209775997173E+00
      89.0000000000000000   4.9363342784756137E+00   4.5803452606626829E+00
      90.0000000000000000   4.9387498420151514E+00   4.5969974911199394E+00
      91.0000000000000000   4.9420637333104329E+00   4.6123443782710156E+00
      92.0000000000000000   4.9462218503418498E+00   4.6264493655311254E+00
      93.0000000000000000   4.9511741077083409E+00   4.6393727760877175E+00
      94.0000000000000000   4.9568740833338412E+00   4.6511719564377527E+00
      95.0000000000000000   4.9632787005252377E+00   4.6619014168096209E+00
      96.0000000000000000   4.9703479415341549E+00   4.6716129677320550E+00
      97.0000000000000000   4.9780445891378351E+00   4.6803558522196047E+00
      98.0000000000000000   4.9863339929367383E+00   4.6881768732326545E+00
      99.0000000000000000   4.9951838593750963E+00   4.6951205160461775E+00
     100.0000000000000000   5.0045640586781888E+00   4.7012290657361691E+00
     103.9989999999999952   5.0468406526618770E+00   4.7180843459126116E+00
     104.0010000000000048   5.0468635418391044E+00   4.7180899839916872E+00
     110.0000000000000000   5.1221496067695957E+00   4.7243235069178917E+00
     120.0000000000000000   5.2706336106968168E+00   4.6977862215698893E+00
     130.0000000000000000   5.4385985338222573E+00   4.6409071287236872E+00
     140.0000000000000000   5.6193409459518380E+00   4.5657197273067203E+00
     150.0000000000000000   5.8009631514790625E+00   4.5003317504814317E+00
     153.9989999999999952   5.8836396458321749E+00   4.4540331823239372E+00
     154.0010000000000048   5.8836888501397748E+00   4.4539928880710171E+00
     160.0000000000000000   6.0001829095675490E+00   4.4033275299210741E+00
     167.9989999999999952   6.1587035411426614E+00   4.3321643379130261E+00
     168.0010000000000048   6.1587520137267378E+00   4.3321274338832998E+00
     169.9989999999999952   6.2001541859846787E+00   4.3109381469115631E+00
     170.0000000000000000   6.2001783766348622E+00   4.3109199421613669E+00
     170.0010000000000048   6.2002025658548279E+00   4.3109017397591272E+00
     180.0000000000000000   6.4006483495217736E+00   4.2230305825970449E+00
     190.0000000000000000   6.6074644543948651E+00   4.1262175654012925E+00
     200.0000000000000000   6.8136834977725567E+00   4.0352343935015265E+00
     210.0000000000000000   7.0192722977228579E+00   3.9495879976883215E+00
     220.0000000000000000   7.2242156908498201E+00   3.8688296611672102E+00
     230.0000000000000000   7.4285103281768219E+00   3.7925536824772346E+00
     231.9989999999999952   7.4742526670720295E+00   3.7674494753797569E+00
     232.0010000000000048   7.4742984051826777E+00   3.7674245379212943E+00
     233.9989999999999952   7.5149590500425845E+00   3.7529729770927172E+00
     234.0010000000000048   7.5150047136855367E+00   3.7529483098250123E+00
     236.9989999999999952   7.5735321975404268E+00   3.7366007620086377E+00
     237.0010000000000048   7.5735777398257857E+00   3.7365764525380429E+00
     240.0000000000000000   7.6369508529644978E+00   3.7104633770328364E+00
     250.0000000000000000   7.8443616927543403E+00   3.6331360726211726E+00
     260.0000000000000000   8.0507840118382497E+00   3.5601527877910408E+00
     270.0000000000000000   8.2562582926555734E+00   3.4911422989485836E+00
     280.0000000000000000   8.4650450961999226E+00   3.4175061993249267E+00
     290.0000000000000000   8.6685950140413883E+00   3.3558321659655443E+00
     300.0000000000000000   8.8753049704774902E+00   3.2895974373924339E+00
     310.0000000000000000   9.0770927684414708E+00   3.2341110140568397E+00
     320.0000000000000000   9.2818923230359331E+00   3.1741617332963297E+00
     330.0000000000000000   9.4857527772489902E+00   3.1171297880663742E+00
     340.0000000000000000   9.6887110098261804E+00   3.0627980251032660E+00
     350.0000000000000000   9.8908019237618934E+00   3.0109706386570898E+00
     360.0000000000000000   1.0092058531321856E+01   2.9614706101872139E+00
     370.0000000000000000   1.0295931616808353E+01   2.9081560656896648E+00
     380.0000000000000000   1.0495535672434759E+01   2.8630267335768900E+00
     390.0000000000000000   1.0694395343287262E+01   2.8197760812214989E+00
     398.9990000000000236   1.0874999806156078E+01   2.7785216293782629E+00
     399.0009999999999764   1.0875041318614926E+01   2.7785101944428421E+00
     400.0000000000000000   1.0895772865201200E+01   2.7728111239390003E+00
     410.0000000000000000   1.1093148864041293E+01   2.7331221408613056E+00
     415.9990000000000236   1.1213755162988978E+01   2.7058708515267074E+00
     416.0009999999999764   1.1213796381736035E+01   2.7058601320737941E+00
     420.0000000000000000   1.1292986175222351E+01   2.6897946156173425E+00
     430.0000000000000000   1.1492073655151520E+01   2.6481863354483286E+00
     440.0000000000000000   1.1687370561077088E+01   2.6131153721862739E+00
     450.0000000000000000   1.1885058588555733E+01   2.5745227435876430E+00
     460.0000000000000000   1.2082061632595494E+01   2.5373673623826747E+00
     470.0000000000000000   1.2278399003745744E+01   2.5015681847731437E+00
     480.0000000000000000   1.2474089978338784E+01   2.4670490213458178E+00
     490.0000000000000000   1.2666295057267607E+01   2.4381012282637586E+00
     500.0000000000000000   1.2860780890400207E+01   2.4058397111076362E+00
     510.0000000000000000   1.3054672116362962E+01   2.3746671081602355E+00
     510.9989999999999668   1.3074563926374164E+01   2.3707794519972842E+00
     511.0009999999999195   1.3074603743777157E+01   2.3707716829336154E+00
     520.0000000000000000   1.3247984663282068E+01   2.3445270023888600E+00
     530.0000000000000000   1.3443458889383200E+01   2.3113670581737664E+00
     540.0000000000000000   1.3635625969129821E+01   2.2832201354758026E+00
     550.0000000000000000   1.3827258004818146E+01   2.2559559729504990E+00
     560.0000000000000000   1.4018368316447619E+01   2.2295322209952366E+00
     570.0000000000000000   1.4208969757671289E+01   2.2039091559760928E+00
     580.0000000000000000   1.4401667641066069E+01   2.1754226858419585E+00
     590.0000000000000000   1.4591257010020716E+01   2.1513572236762699E+00
     600.0000000000000000   1.4780372692175677E+01   2.1279860614939143E+00
     610.0000000000000000   1.4969024908519582E+01   2.1052795441517853E+00
     620.0000000000000000   1.5159716487342322E+01   2.0798357831755032E+00
     630.0000000000000000   1.5347447211010332E+01   2.0584242552015160E+00
     640.0000000000000000   1.5537192692887404E+01   2.0343448414092684E+00
     650.0000000000000000   1.5724038754786809E+01   2.0141221927511568E+00
     660.0000000000000000   1.5912883028404275E+01   1.9912868431900119E+00
     670.0000000000000000   1.6098877923179316E+01   1.9721597865918148E+00
     680.0000000000000000   1.6286857606423006E+01   1.9504681537360438E+00
     690.0000000000000000   1.6472036227012474E+01   1.9323488170481697E+00
     700.0000000000000000   1.6659182588674369E+01   1.9117148908924619E+00
     710.0000000000000000   1.6843578693357816E+01   1.8945232117821558E+00
     720.0000000000000000   1.7029920828259197E+01   1.8748700218317000E+00
     730.0000000000000000   1.7213566955838914E+01   1.8585329807157589E+00
     740.0000000000000000   1.7399131457864865E+01   1.8397921054991342E+00
     750.0000000000000000   1.7584322204066599E+01   1.8214926457036618E+00
     760.0000000000000000   1.7766871551520062E+01   1.8063517301056100E+00
     770.0000000000000000   1.7951326531021213E+01   1.7888671015248223E+00
     780.0000000000000000   1.8135420533433368E+01   1.7717857887936646E+00
     790.0000000000000000   1.8316936221178526E+01   1.7577097893321632E+00
     800.0000000000000000   1.8500333208405280E+01   1.7413586523246418E+00
     810.0000000000000000   1.8683387059471997E+01   1.7253707472684208E+00
     820.0000000000000000   1.8866094937510468E+01   1.7097432683098612E+00
     830.0000000000000000   1.9046309868817819E+01   1.6969261616409690E+00
     840.0000000000000000   1.9228373601956655E+01   1.6819255792364070E+00
     850.0000000000000000   1.9410113300272126E+01   1.6672452408536804E+00
     860.0000000000000000   1.9591529248489095E+01   1.6528799513015282E+00
     870.0000000000000000   1.9772626615419675E+01   1.6388192535370965E+00
     880.0000000000000000   1.9953415998425779E+01   1.6250470125055081E+00
     890.0000000000000000   2.0131837307077653E+01   1.6138206638280941E+00
     900.0000000000000000   2.0312044543422950E+01   1.6005589083702592E+00
     910.0000000000000000   2.0491954055070504E+01   1.5875638989688461E+00
     920.0000000000000000   2.0671569626672962E+01   1.5748280716541103E+00
     930.0000000000000000   2.0850896011429271E+01   1.5623430016146214E+00
     940.0000000000000000   2.1029938967512614E+01   1.5500994138272988E+00
     950.0000000000000000   2.1208704597821832E+01   1.5380879451373413E+00
     960.0000000000000000   2.1387198015152510E+01   1.5263005249028072E+00
     970.0000000000000000   2.1565422929918309E+01   1.5147307323203050E+00
     980.0000000000000000   2.1743382266465183E+01   1.5033731065745566E+00
     990.0000000000000000   2.1921078849774581E+01   1.4922224204788459E+00
    1000.0000000000000000   2.2098515681052586E+01   1.4812733951815877E+00
    1100.0000000000000000   2.3859291598628218E+01   1.3817644758382115E+00
    1200.0000000000000000   2.5599220494462021E+01   1.2957273078920573E+00
    1300.0000000000000000   2.7320561583547590E+01   1.2202718429815462E+00
    1400.0000000000000000   2.9025194710021658E+01   1.1532757753676375E+00
    1500.0000000000000000   3.0712947051674774E+01   1.0945423546601818E+00
    1600.0000000000000000   3.2386838586706411E+01   1.0414042793547100E+00
    1700.0000000000000000   3.4044974891763360E+01   9.9515273077316768E-01
    1800.0000000000000000   3.5693056778302427E+01   9.5149052022183622E-01
    1843.9990000000000236   3.6413115240941586E+01   9.3445684097697035E-01
    1844.0009999999999764   3.6413148057226010E+01   9.3445598539858121E-01
    1900.0000000000000000   3.7327374605981980E+01   9.1308707912317189E-01
    2000.0000000000000000   3.8951562733172992E+01   8.7738587391727629E-01
    2100.0000000000000000   4.0565111128366965E+01   8.4477392750301683E-01
    2200.0000000000000000   4.2170191040483886E+01   8.1391158550789133E-01
    2300.0000000000000000   4.3764031296843292E+01   7.8654637418476603E-01
    2400.0000000000000000   4.5350470666078806E+01   7.6038029162342846E-01
    2475.9989999999997963   4.6550221812338044E+01   7.4189780585124587E-01
    2476.0010000000002037   4.6550253270906445E+01   7.4189735370757981E-01
    2500.0000000000000000   4.6928116018330030E+01   7.3628197272439255E-01
    2526.9989999999997963   4.7352625440771305E+01   7.3008888362857971E-01
    2527.0010000000002037   4.7352656922272615E+01   7.3008839474650788E-01
    2600.0000000000000000   4.8497731770919572E+01   7.1386348026888924E-01
    2631.9989999999997963   4.8998730159821761E+01   7.0681202581600433E-01
    2632.0010000000002037   4.8998761767709027E+01   7.0681142555084897E-01
    2700.0000000000000000   5.0059711473418545E+01   6.9294702430360311E-01
    2800.0000000000000000   5.1613932666558703E+01   6.7360242074471055E-01
    2871.9989999999997963   5.2729743964648158E+01   6.5985338690974349E-01
    2872.0010000000002037   5.2729774972939175E+01   6.5985298021334982E-01
    2900.0000000000000000   5.3162495010062813E+01   6.5479935132272926E-01
    3000.0000000000000000   5.4703268501469630E+01   6.3769400598444959E-01
    3100.0000000000000000   5.6239224959842645E+01   6.2082910722425277E-01
    3200.0000000000000000   5.7767763844032110E+01   6.0546558095860936E-01
    3300.0000000000000000   5.9291382940746239E+01   5.9053150270781007E-01
    3400.0000000000000000   6.0809061359025847E+01   5.7649070627417442E-01
    3500.0000000000000000   6.2320637362297731E+01   5.6342985227481124E-01
    3600.0000000000000000   6.3827110010427596E+01   5.5095353745455267E-01
    3700.0000000000000000   6.5329324326633909E+01   5.3876687895916608E-01
    3800.0000000000000000   6.6826399934370272E+01   5.2717185003953659E-01
    3900.0000000000000000   6.8317698437529998E+01   5.1654603792480880E-01
    4000.0000000000000000   6.9805103830503541E+01   5.0612570076218577E-01
    4100.0000000000000000   7.1288799018519470E+01   4.9586019079035515E-01
    4200.0000000000000000   7.2767275373760086E+01   4.8631597799407028E-01
    4300.0000000000000000   7.4240960389777570E+01   4.7743830139661436E-01
    4400.0000000000000000   7.5713457461561177E+01   4.6784614472115327E-01
    4500.0000000000000000   7.7178429936754995E+01   4.5989211841983008E-01
    4600.0000000000000000   7.8641673323076148E+01   4.5154503082280140E-01
    4700.0000000000000000   8.0098750232231978E+01   4.4423474642758803E-01
    4800.0000000000000000   8.1554700442971225E+01   4.3642728369539002E-01
    4900.0000000000000000   8.3007204569069444E+01   4.2885546326118457E-01
    5000.0000000000000000   8.4455732942105271E+01   4.2169730468393957E-01
    5100.0000000000000000   8.5900440383684298E+01   4.1491611013536067E-01
    5200.0000000000000000   8.7341408200096154E+01   4.0849940471735041E-01
    5300.0000000000000000   8.8778828927427767E+01   4.0239630930574483E-01
    5400.0000000000000000   9.0212255228699220E+01   3.9674225505007060E-01
    5500.0000000000000000   9.1646185984596286E+01   3.9021377839268762E-01
    5600.0000000000000000   9.3075326932694779E+01   3.8439391309820514E-01
    5700.0000000000000000   9.4499076876923041E+01   3.7940514689523241E-01
    5800.0000000000000000   9.5924267046272348E+01   3.7338526789008536E-01
    5900.0000000000000000   9.7341532496601744E+01   3.6897626641885589E-01
    6000.0000000000000000   9.8761563441251027E+01   3.6322019073826023E-01
    6100.0000000000000000   1.0017760560662467E+02   3.5792393748227197E-01
    6200.0000000000000000   1.0158512566706595E+02   3.5430344941446557E-01
    6300.0000000000000000   1.0299681652077591E+02   3.4905786910150738E-01
    6400.0000000000000000   1.0440412922878859E+02   3.4446623402070031E-01
    6500.0000000000000000   1.0580860467281853E+02   3.3993989078349968E-01
    6600.0000000000000000   1.0721180013746658E+02   3.3539437592818155E-01
    6700.0000000000000000   1.0861091510939906E+02   3.3126743467109954E-01
    6800.0000000000000000   1.1000824244138323E+02   3.2715882445776495E-01
    6900.0000000000000000   1.1140225033328299E+02   3.2341230280975081E-01
    7000.0000000000000000   1.1279384895620348E+02   3.1974030023745054E-01
    7100.0000000000000000   1.1418373243299932E+02   3.1608178976182050E-01
    7200.0000000000000000   1.1556993987345861E+02   3.1282949443093977E-01
    7300.0000000000000000   1.1695393403256476E+02   3.0962015767891216E-01
    7400.0000000000000000   1.1834269253535953E+02   3.0501468583499397E-01
    7500.0000000000000000   1.1972166431766912E+02   3.0210447953624281E-01
    7600.0000000000000000   1.2109993561472157E+02   2.9916922151482894E-01
    7700.0000000000000000   1.2248041309552305E+02   2.9514193847477671E-01
    7800.0000000000000000   1.2385361413976280E+02   2.9243011359161236E-01
    7900.0000000000000000   1.2522506938956538E+02   2.8987747238585648E-01
    8000.0000000000000000   1.2659872362525775E+02   2.8631007425994820E-01
    8100.0000000000000000   1.2796504023249067E+02   2.8394249849829228E-01
    8200.0000000000000000   1.2933592780589365E+02   2.8049751999428357E-01
    8300.0000000000000000   1.3069988115220582E+02   2.7806270086282592E-01
    8400.0000000000000000   1.3206539878863342E+02   2.7483846812936857E-01
    8500.0000000000000000   1.3342898073662300E+02   2.7174859692860864E-01
    8600.0000000000000000   1.3478498450383617E+02   2.7009396304578892E-01
    8700.0000000000000000   1.3614677686057880E+02   2.6698520632723238E-01
    8800.0000000000000000   1.3750587121540994E+02   2.6387271313590693E-01
    8900.0000000000000000   1.3885361083850424E+02   2.6277725236797744E-01
    9000.0000000000000000   1.4021090857258534E+02   2.5949617440552475E-01
    9100.0000000000000000   1.4156241882875517E+02   2.5719844360563393E-01
    9200.0000000000000000   1.4291552412803816E+02   2.5436129774563254E-01
    9300.0000000000000000   1.4426240197406750E+02   2.5248280185039601E-01
    9400.0000000000000000   1.4560531184875819E+02   2.5097795169741449E-01
    9500.0000000000000000   1.4695305329127220E+02   2.4824089915228717E-01
    9600.0000000000000000   1.4829782382221211E+02   2.4587862988809325E-01
    9700.0000000000000000   1.4963992624977232E+02   2.4369927158566113E-01
    9800.0000000000000000   1.5097938453400891E+02   2.4177675072065008E-01
    9900.0000000000000000   1.5231812432266508E+02   2.3975898861192041E-01
   10000.0000000000000000   1.5365586241676374E+02   2.3770699784236887E-01
   11000.0000000000000000   1.6695848834737436E+02   2.1881356007883418E-01
   12000.0000000000000000   1.8012343867177762E+02   2.0377379219349112E-01
   13000.0000000000000000   1.9317228881121281E+02   1.9062914243245210E-01
   14000.0000000000000000   2.0611903534383674E+02   1.7864121247970968E-01
   15000.0000000000000000   2.1896170951218329E+02   1.6863142509697795E-01
   16000.0000000000000000   2.3172111497883031E+02   1.5982522748311417E-01
   17000.0000000000000000   2.4439010003660275E+02   1.5177808566620332E-01
   18000.0000000000000000   2.5698181635692356E+02   1.4536054543438184E-01
   19000.0000000000000000   2.6951329437202628E+02   1.3775722345197461E-01
   20000.0000000000000000   2.8197122973604343E+02   1.3199896729215094E-01
   20005.9989999999997963   2.8204728793627800E+02   1.3180092848109132E-01
   20006.0010000000002037   2.8204731323080011E+02   1.3180087424732254E-01
   21000.0000000000000000   2.9435498905343184E+02   1.2763324407680537E-01
   22000.0000000000000000   3.0669705334726109E+02   1.2149239276588085E-01
   23000.0000000000000000   3.1896088619596702E+02   1.1672969025296019E-01
   24000.0000000000000000   3.3119002327290661E+02   1.1279301873022947E-01
   25000.0000000000000000   3.4335578277001645E+02   1.0972531954374870E-01
   26000.0000000000000000   3.5548021711335434E+02   1.0613895968795552E-01
   27000.0000000000000000   3.6756010444611132E+02   1.0189574556291860E-01
   28000.0000000000000000   3.7956820600810693E+02   9.9238536742144751E-02
   29000.0000000000000000   3.9156642823926398E+02   9.6783231608503065E-02
   30000.0000000000000000   4.0351281492810341E+02   9.2924453131029552E-02
   31000.0000000000000000   4.1544108906972508E+02   9.0438912918837919E-02
   32000.0000000000000000   4.2729208257373188E+02   8.8044864957774790E-02
   33000.0000000000000000   4.3909316682558352E+02   8.6917789786556537E-02
   34000.0000000000000000   4.5088778331353194E+02   8.4737414066972161E-02
   35000.0000000000000000   4.6267273528096860E+02   8.1327234218189007E-02
   36000.0000000000000000   4.7439970186614426E+02   8.0402007279759768E-02
   37000.0000000000000000   4.8612587576483469E+02   7.8846834184079992E-02
   38000.0000000000000000   4.9781506821824001E+02   7.5622193140646249E-02
   39000.0000000000000000   5.0941181015432272E+02   7.4012740450154019E-02
   40000.0000000000000000   5.2108173211463156E+02   7.2192475125773065E-02
   41000.0000000000000000   5.3262522286014291E+02   7.0483370724837263E-02
   42000.0000000000000000   5.4420945031396241E+02   6.9927322613108425E-02
   43000.0000000000000000   5.5569314404159638E+02   6.7827012314476409E-02
   44000.0000000000000000   5.6725204902864880E+02   6.6226345905263745E-02
   45000.0000000000000000   5.7873980006887064E+02   6.5371586492664599E-02
   46000.0000000000000000   5.9014519571813844E+02   6.4023895934200756E-02
   47000.0000000000000000   6.0154943327082992E+02   6.3628164367490372E-02
   48000.0000000000000000   6.1300317838274611E+02   6.1902428768070922E-02
   49000.0000000000000000   6.2439536296172867E+02   6.1407199953498727E-02
   50000.0000000000000000   6.3579264854649216E+02   5.9484335636870125E-02
