       0.1000000000000000   1.0000000000000000E+30   0.0000000000000000E+00
       0.2000000000000000   1.0000000000000000E+30   0.0000000000000000E+00
       0.3000000000000000   1.0000000000000000E+30   0.0000000000000000E+00
       0.4000000000000000   1.0000000000000000E+30   0.0000000000000000E+00
       0.5000000000000000   1.0000000000000000E+30   0.0000000000000000E+00
       0.6000000000000000   1.0000000000000000E+30   0.0000000000000000E+00
       0.7000000000000000   1.0000000000000000E+30   0.0000000000000000E+00
       0.7999999999999999   1.0000000000000000E+30   0.0000000000000000E+00
       0.8999999999999999   1.0000000000000000E+30   0.0000000000000000E+00
       0.9999999999999999   1.0000000000000000E+30   0.0000000000000000E+00
       2.0000000000000000   1.0000000000000000E+30   0.0000000000000000E+00
       3.0000000000000000   1.0000000000000000E+30   0.0000000000000000E+00
       4.0000000000000000   1.0000000000000000E+30   0.0000000000000000E+00
       5.0000000000000000   1.0000000000000000E+30   0.0000000000000000E+00
       6.0000000000000000   1.0000000000000000E+30   0.0000000000000000E+00
       7.0000000000000000   1.0000000000000000E+30   0.0000000000000000E+00
       8.0000000000000000   1.0000000000000000E+30   0.0000000000000000E+00
       9.0000000000000000   1.0000000000000000E+30   0.0000000000000000E+00
      10.0000000000000000   1.0000000000000000E+30   0.0000000000000000E+00
      11.0000000000000000   1.0000000000000000E+30   0.0000000000000000E+00
      12.0000000000000000   1.0000000000000000E+30   0.0000000000000000E+00
      13.0000000000000000   1.0000000000000000E+30   0.0000000000000000E+00
      14.0000000000000000   1.0000000000000000E+30   0.0000000000000000E+00
      15.0000000000000000   1.0000000000000000E+30   0.0000000000000000E+00
      16.0000000000000000   1.0000000000000000E+30   0.0000000000000000E+00
      17.0000000000000000   1.0000000000000000E+30   0.0000000000000000E+00
      18.0000000000000000   1.0000000000000000E+30   0.0000000000000000E+00
      19.0000000000000000   1.0000000000000000E+30   0.0000000000000000E+00
      20.0000000000000000   1.0000000000000000E+30   0.0000000000000000E+00
      21.0000000000000000   1.0000000000000000E+30   0.0000000000000000E+00
      22.0000000000000000   1.0000000000000000E+30   0.0000000000000000E+00
      23.0000000000000000   1.0000000000000000E+30   0.0000000000000000E+00
      24.0000000000000000   1.0000000000000000E+30   0.0000000000000000E+00
      25.0000000000000000   1.0000000000000000E+30   0.0000000000000000E+00
      26.0000000000000000   1.0000000000000000E+30   0.0000000000000000E+00
      27.0000000000000000   1.0000000000000000E+30   0.0000000000000000E+00
      28.0000000000000000   1.0000000000000000E+30   0.0000000000000000E+00
      29.0000000000000000   1.0000000000000000E+30   0.0000000000000000E+00
      30.0000000000000000   1.0000000000000000E+30   0.0000000000000000E+00
      31.0000000000000000   1.0000000000000000E+30   0.0000000000000000E+00
      32.0000000000000000   1.0000000000000000E+30   0.0000000000000000E+00
      33.0000000000000000   1.0000000000000000E+30   0.0000000000000000E+00
      34.0000000000000000   1.0000000000000000E+30   0.0000000000000000E+00
      35.0000000000000000   1.0000000000000000E+30   0.0000000000000000E+00
      36.0000000000000000   1.0000000000000000E+30   0.0000000000000000E+00
      37.0000000000000000   1.0000000000000000E+30   0.0000000000000000E+00
      38.0000000000000000   1.0000000000000000E+30   0.0000000000000000E+00
      39.0000000000000000   1.0000000000000000E+30   0.0000000000000000E+00
      40.0000000000000000   1.0000000000000000E+30   0.0000000000000000E+00
      41.0000000000000000   1.0000000000000000E+30   0.0000000000000000E+00
      41.9990000000000023   1.0000000000000000E+30   0.0000000000000000E+00
      42.0000000000000000   1.0000000000000000E+30   0.0000000000000000E+00
      42.0009999999999977   1.0000000000000000E+30   0.0000000000000000E+00
      43.0000000000000000   1.0000000000000000E+30   0.0000000000000000E+00
      44.0000000000000000   1.0000000000000000E+30   0.0000000000000000E+00
      44.9990000000000023   1.0000000000000000E+30   0.0000000000000000E+00
      45.0000000000000000   1.0000000000000000E+30   0.0000000000000000E+00
      45.0009999999999977   1.0000000000000000E+30   0.0000000000000000E+00
      46.0000000000000000   1.0000000000000000E+30   0.0000000000000000E+00
      47.0000000000000000   1.0000000000000000E+30   0.0000000000000000E+00
      48.0000000000000000   1.0000000000000000E+30   0.0000000000000000E+00
      49.0000000000000000   1.0000000000000000E+30   0.0000000000000000E+00
      50.0000000000000000   1.0000000000000000E+30   0.0000000000000000E+00
      51.0000000000000000   1.0000000000000000E+30   0.0000000000000000E+00
      52.0000000000000000   1.0000000000000000E+30   0.0000000000000000E+00
      53.0000000000000000   1.0000000000000000E+30   0.0000000000000000E+00
      54.0000000000000000   1.0000000000000000E+30   0.0000000000000000E+00
      55.0000000000000000   1.0000000000000000E+30   0.0000000000000000E+00
      56.0000000000000000   1.0000000000000000E+30   0.0000000000000000E+00
      57.0000000000000000   1.0000000000000000E+30   0.0000000000000000E+00
      58.0000000000000000   1.0000000000000000E+30   0.0000000000000000E+00
      59.0000000000000000   1.0000000000000000E+30   0.0000000000000000E+00
      60.0000000000000000   1.0000000000000000E+30   0.0000000000000000E+00
      61.0000000000000000   1.0000000000000000E+30   0.0000000000000000E+00
      62.0000000000000000   1.0000000000000000E+30   0.0000000000000000E+00
      63.0000000000000000   1.0000000000000000E+30   0.0000000000000000E+00
      64.0000000000000000   1.0000000000000000E+30   0.0000000000000000E+00
      65.0000000000000000   1.0000000000000000E+30   0.0000000000000000E+00
      66.0000000000000000   1.0000000000000000E+30   0.0000000000000000E+00
      67.0000000000000000   1.0000000000000000E+30   0.0000000000000000E+00
      67.9989999999999952   1.0000000000000000E+30   0.0000000000000000E+00
      68.0000000000000000   1.0000000000000000E+30   0.0000000000000000E+00
      68.0010000000000048   1.0000000000000000E+30   0.0000000000000000E+00
      69.0000000000000000   1.0000000000000000E+30   0.0000000000000000E+00
      70.0000000000000000   1.0000000000000000E+30   0.0000000000000000E+00
      71.0000000000000000   1.0000000000000000E+30   0.0000000000000000E+00
      72.0000000000000000   1.0000000000000000E+30   0.0000000000000000E+00
      73.0000000000000000   1.0000000000000000E+30   0.0000000000000000E+00
      74.0000000000000000   1.0000000000000000E+30   0.0000000000000000E+00
      75.0000000000000000   1.0000000000000000E+30   0.0000000000000000E+00
      76.0000000000000000   1.0000000000000000E+30   0.0000000000000000E+00
      77.0000000000000000   1.0000000000000000E+30   0.0000000000000000E+00
      78.0000000000000000   1.0000000000000000E+30   0.0000000000000000E+00
      79.0000000000000000   1.0000000000000000E+30   0.0000000000000000E+00
      80.0000000000000000   1.0000000000000000E+30   0.0000000000000000E+00
      81.0000000000000000   1.0000000000000000E+30   0.0000000000000000E+00
      82.0000000000000000   1.0000000000000000E+30   0.0000000000000000E+00
      83.0000000000000000   1.0000000000000000E+30   0.0000000000000000E+00
      84.0000000000000000   1.0000000000000000E+30   0.0000000000000000E+00
      85.0000000000000000   1.0000000000000000E+30   0.0000000000000000E+00
      86.0000000000000000   1.0000000000000000E+30   0.0000000000000000E+00
      87.0000000000000000   1.0000000000000000E+30   0.0000000000000000E+00
      88.0000000000000000   1.0000000000000000E+30   0.0000000000000000E+00
      89.0000000000000000   1.0000000000000000E+30   0.0000000000000000E+00
      90.0000000000000000   1.0000000000000000E+30   0.0000000000000000E+00
      91.0000000000000000   1.0000000000000000E+30   0.0000000000000000E+00
      92.0000000000000000   1.0000000000000000E+30   0.0000000000000000E+00
      93.0000000000000000   1.0000000000000000E+30   0.0000000000000000E+00
      94.0000000000000000   1.0000000000000000E+30   0.0000000000000000E+00
      95.0000000000000000   1.0000000000000000E+30   0.0000000000000000E+00
      96.0000000000000000   1.0000000000000000E+30   0.0000000000000000E+00
      97.0000000000000000   1.0000000000000000E+30   0.0000000000000000E+00
      98.0000000000000000   1.0000000000000000E+30   0.0000000000000000E+00
      99.0000000000000000   1.0000000000000000E+30   0.0000000000000000E+00
     100.0000000000000000   1.0000000000000000E+30   0.0000000000000000E+00
     103.9989999999999952   1.0000000000000000E+30   0.0000000000000000E+00
     104.0010000000000048   1.0000000000000000E+30   0.0000000000000000E+00
     110.0000000000000000   1.0000000000000000E+30   0.0000000000000000E+00
     120.0000000000000000   1.0000000000000000E+30   0.0000000000000000E+00
     130.0000000000000000   1.0000000000000000E+30   0.0000000000000000E+00
     140.0000000000000000   1.0000000000000000E+30   0.0000000000000000E+00
     150.0000000000000000   1.0000000000000000E+30   0.0000000000000000E+00
     153.9989999999999952   1.0000000000000000E+30   0.0000000000000000E+00
     154.0010000000000048   1.0000000000000000E+30   0.0000000000000000E+00
     160.0000000000000000   1.0000000000000000E+30   0.0000000000000000E+00
     167.9989999999999952   1.0000000000000000E+30   0.0000000000000000E+00
     168.0010000000000048   1.0000000000000000E+30   0.0000000000000000E+00
     169.9989999999999952   1.0000000000000000E+30   0.0000000000000000E+00
     170.0000000000000000   1.0000000000000000E+30   0.0000000000000000E+00
     170.0010000000000048   1.0000000000000000E+30   0.0000000000000000E+00
     180.0000000000000000   1.0000000000000000E+30   0.0000000000000000E+00
     190.0000000000000000   1.0000000000000000E+30   0.0000000000000000E+00
     200.0000000000000000   1.0000000000000000E+30   0.0000000000000000E+00
     210.0000000000000000   1.0000000000000000E+30   0.0000000000000000E+00
     220.0000000000000000   1.0000000000000000E+30   0.0000000000000000E+00
     230.0000000000000000   1.0000000000000000E+30   0.0000000000000000E+00
     231.9989999999999952   1.0000000000000000E+30   0.0000000000000000E+00
     232.0010000000000048   1.0000000000000000E+30   0.0000000000000000E+00
     233.9989999999999952   1.0000000000000000E+30   0.0000000000000000E+00
     234.0010000000000048   4.8331423040201859E+10   4.8415706652245653E-09
     236.9989999999999952   1.1023388587206309E+06   2.1290958375157342E-04
     237.0010000000000048   1.1012310715493455E+06   2.1312417117916335E-04
     240.0000000000000000   3.8764515586219437E+05   6.0723360512847206E-04
     250.0000000000000000   8.6854625794646781E+04   2.7364065837412904E-03
     260.0000000000000000   4.1066834726273482E+04   5.8420435046290502E-03
     270.0000000000000000   2.4814495610574464E+04   9.7578787525602825E-03
     280.0000000000000000   1.6985308103321542E+04   1.4385698813927856E-02
     290.0000000000000000   1.2547374646194981E+04   1.9649256654945404E-02
     300.0000000000000000   9.7598796570038212E+03   2.5486396174469430E-02
     310.0000000000000000   7.8810577059248553E+03   3.1841041199891118E-02
     320.0000000000000000   6.5471312366663160E+03   3.8664071543763515E-02
     330.0000000000000000   5.5617700026015900E+03   4.5909604991558557E-02
     340.0000000000000000   4.8105349553137685E+03   5.3536918102830247E-02
     350.0000000000000000   4.2231030055961655E+03   6.1506003361757385E-02
     360.0000000000000000   3.7539951823837837E+03   6.9779824087906062E-02
     370.0000000000000000   3.3726755062007551E+03   7.8323991326442785E-02
     380.0000000000000000   3.0580632790172099E+03   8.7104125533343402E-02
     390.0000000000000000   2.7951223211450947E+03   9.6087864822527749E-02
     398.9990000000000236   2.5935715340612369E+03   1.0432010277594572E-01
     399.0009999999999764   2.5935300428989881E+03   1.0432194147377385E-01
     400.0000000000000000   2.5729145559188046E+03   1.0524336186434477E-01
     410.0000000000000000   2.3832886992466251E+03   1.1454046415819887E-01
     415.9990000000000236   2.2825430552041958E+03   1.2017327630763204E-01
     416.0009999999999764   2.2825109961415269E+03   1.2017515637231371E-01
     420.0000000000000000   2.2200853285111843E+03   1.2394932970241186E-01
     430.0000000000000000   2.0785603720193267E+03   1.3344131422342076E-01
     440.0000000000000000   1.9550111459718205E+03   1.4298868424879224E-01
     450.0000000000000000   1.8465100333121829E+03   1.5256470425059840E-01
     460.0000000000000000   1.7507136788583475E+03   1.6214393208419106E-01
     470.0000000000000000   1.6657261114494947E+03   1.7170226778049494E-01
     480.0000000000000000   1.5900026302229824E+03   1.8121646113842274E-01
     490.0000000000000000   1.5222617848533941E+03   1.9066598213942920E-01
     500.0000000000000000   1.4614490685135959E+03   2.0003037941445950E-01
     510.0000000000000000   1.4066768822561867E+03   2.0929150518747286E-01
     510.9989999999999668   1.4015068726577683E+03   2.1021042567767942E-01
     511.0009999999999195   1.4014965844541216E+03   2.1021226259667228E-01
     520.0000000000000000   1.3571967459212888E+03   2.1843293424628651E-01
     530.0000000000000000   1.3123752339337329E+03   2.2743963704458617E-01
     540.0000000000000000   1.2716712519475227E+03   2.3629831746032018E-01
     550.0000000000000000   1.2346211606112740E+03   2.4499718290136455E-01
     560.0000000000000000   1.2008243425166481E+03   2.5352620091680544E-01
     570.0000000000000000   1.1699345870514867E+03   2.6187662866834388E-01
     580.0000000000000000   1.1416505047875419E+03   2.7004119110178204E-01
     590.0000000000000000   1.1157086331125267E+03   2.7801400815250860E-01
     600.0000000000000000   1.0918783021713018E+03   2.8579036583346928E-01
     610.0000000000000000   1.0699561321599738E+03   2.9336682796129543E-01
     620.0000000000000000   1.0497633119766876E+03   3.0074076516386433E-01
     630.0000000000000000   1.0311411516966891E+03   3.0791065751457797E-01
     640.0000000000000000   1.0139482355087165E+03   3.1487600093106949E-01
     650.0000000000000000   9.9805958600621977E+02   3.2163672808776472E-01
     660.0000000000000000   9.8336283367066960E+02   3.2819379073233562E-01
     670.0000000000000000   9.6975787608007477E+02   3.3454849794624275E-01
     680.0000000000000000   9.5715495597126721E+02   3.4070274873493733E-01
     690.0000000000000000   9.4547308403501290E+02   3.4665898331706807E-01
     700.0000000000000000   9.3463911990845293E+02   3.5242007942580894E-01
     710.0000000000000000   9.2458795349196384E+02   3.5798891467847166E-01
     720.0000000000000000   9.1525973193682148E+02   3.6336901042945702E-01
     730.0000000000000000   9.0660040698677233E+02   3.6856406271772252E-01
     740.0000000000000000   8.9856116769605330E+02   3.7357779303650063E-01
     750.0000000000000000   8.9109737415673646E+02   3.7841423184446810E-01
     760.0000000000000000   8.8416838940391654E+02   3.8307747665781050E-01
     770.0000000000000000   8.7773738628286969E+02   3.8757157758503819E-01
     780.0000000000000000   8.7177041106185914E+02   3.9190077872076856E-01
     790.0000000000000000   8.6623616451691282E+02   3.9606949760158788E-01
     800.0000000000000000   8.6110643310264663E+02   4.0008186543111512E-01
     810.0000000000000000   8.5635495449655355E+02   4.0394221906441830E-01
     820.0000000000000000   8.5195808608724508E+02   4.0765457095480656E-01
     830.0000000000000000   8.4789318681752070E+02   4.1122342124702072E-01
     840.0000000000000000   8.4414009953358811E+02   4.1465276436030574E-01
     850.0000000000000000   8.4067980682950417E+02   4.1794681975785997E-01
     860.0000000000000000   8.3749502254543540E+02   4.2110952867210610E-01
     870.0000000000000000   8.3456971419036984E+02   4.2414478181400750E-01
     880.0000000000000000   8.3188863016156586E+02   4.2705666598603992E-01
     890.0000000000000000   8.2943823277993260E+02   4.2984874623550690E-01
     900.0000000000000000   8.2720520611497670E+02   4.3252506126816254E-01
     910.0000000000000000   8.2517801059329508E+02   4.3508890241628306E-01
     920.0000000000000000   8.2334501795893641E+02   4.3754417292060727E-01
     930.0000000000000000   8.2169645725689850E+02   4.3989382699436519E-01
     940.0000000000000000   8.2022206877324527E+02   4.4214166142670536E-01
     950.0000000000000000   8.1891276825421028E+02   4.4429097166364639E-01
     960.0000000000000000   8.1776042882549996E+02   4.4634465629997028E-01
     970.0000000000000000   8.1675699227497273E+02   4.4830589787658409E-01
     980.0000000000000000   8.1589485726981468E+02   4.5017785594458409E-01
     990.0000000000000000   8.1516726319521865E+02   4.5196326406660570E-01
    1000.0000000000000000   8.1456761156277105E+02   4.5366499610853106E-01
    1100.0000000000000000   8.1442122026547042E+02   4.6664317231039948E-01
    1200.0000000000000000   8.2212718656194920E+02   4.7378026967340220E-01
    1300.0000000000000000   8.3503151364786220E+02   4.7674410971483283E-01
    1400.0000000000000000   8.5151857823183855E+02   4.7672552403159085E-01
    1500.0000000000000000   8.7055464191695808E+02   4.7457662351962371E-01
    1600.0000000000000000   8.9145079042745522E+02   4.7091071728066364E-01
    1700.0000000000000000   9.1373215398826812E+02   4.6617234914671135E-01
    1800.0000000000000000   9.3706202460136331E+02   4.6068598018096812E-01
    1843.9990000000000236   9.4759354932657686E+02   4.5809894505854004E-01
    1844.0009999999999764   9.4759403130957776E+02   4.5809882548662140E-01
    1900.0000000000000000   9.6119586348737778E+02   4.5468992207032899E-01
    2000.0000000000000000   9.8595239749658185E+02   4.4836011688886412E-01
    2100.0000000000000000   1.0111948451724197E+03   4.4182697454609432E-01
    2200.0000000000000000   1.0368184201550423E+03   4.3518736199482400E-01
    2300.0000000000000000   1.0627417245760817E+03   4.2851329482275968E-01
    2400.0000000000000000   1.0889008246537758E+03   4.2185818310637513E-01
    2475.9989999999997963   1.1089075465773210E+03   4.1683773423446435E-01
    2476.0010000000002037   1.1089080743157458E+03   4.1683760268271380E-01
    2500.0000000000000000   1.1152449594837594E+03   4.1526148061676377E-01
    2526.9989999999997963   1.1223838575847387E+03   4.1349440767896950E-01
    2527.0010000000002037   1.1223843867843009E+03   4.1349427702744507E-01
    2600.0000000000000000   1.1417334620082804E+03   4.0875208560486437E-01
    2631.9989999999997963   1.1502344568362028E+03   4.0669118130477555E-01
    2632.0010000000002037   1.1502349885024457E+03   4.0669105285228718E-01
    2700.0000000000000000   1.1672118495286161E+03   4.0356864094090372E-01
    2800.0000000000000000   1.1944329373330854E+03   3.9690640886229944E-01
    2871.9989999999997963   1.2141781686542972E+03   3.9208424213887361E-01
    2872.0010000000002037   1.2141787900206161E+03   3.9208403314794027E-01
    2900.0000000000000000   1.2215426624297841E+03   3.9056626404672534E-01
    3000.0000000000000000   1.2485453973669148E+03   3.8452416983691284E-01
    3100.0000000000000000   1.2741829730202753E+03   3.8005281571529481E-01
    3200.0000000000000000   1.3010157373561760E+03   3.7449719720125874E-01
    3300.0000000000000000   1.3289554462740166E+03   3.6797864916982770E-01
    3400.0000000000000000   1.3555735707961328E+03   3.6293057821088504E-01
    3500.0000000000000000   1.3821058019118971E+03   3.5809015484666695E-01
    3600.0000000000000000   1.4085559134212976E+03   3.5344388792542708E-01
    3700.0000000000000000   1.4360305214387470E+03   3.4792318307476156E-01
    3800.0000000000000000   1.4622995749439913E+03   3.4366215012869389E-01
    3900.0000000000000000   1.4895610038093791E+03   3.3856471370897506E-01
    4000.0000000000000000   1.5156640012979290E+03   3.3464089888274356E-01
    4100.0000000000000000   1.5427274129248556E+03   3.2991659058904177E-01
    4200.0000000000000000   1.5696910684822594E+03   3.2537483875504281E-01
    4300.0000000000000000   1.5965582847206019E+03   3.2100476214103207E-01
    4400.0000000000000000   1.6223431622312849E+03   3.1766531048512281E-01
    4500.0000000000000000   1.6490389857237808E+03   3.1358783085697833E-01
    4600.0000000000000000   1.6756475352695736E+03   3.0965512396009570E-01
    4700.0000000000000000   1.7021716055441605E+03   3.0585922151900208E-01
    4800.0000000000000000   1.7286138709003160E+03   3.0219274074790026E-01
    4900.0000000000000000   1.7549768893377172E+03   2.9864883171266854E-01
    5000.0000000000000000   1.7812631149539777E+03   2.9522112526523908E-01
    5100.0000000000000000   1.8074748972622424E+03   2.9190369498281132E-01
    5200.0000000000000000   1.8336144850631026E+03   2.8869101913082434E-01
    5300.0000000000000000   1.8605655196183197E+03   2.8487286127234546E-01
    5400.0000000000000000   1.8865553884544554E+03   2.8186938267719364E-01
    5500.0000000000000000   1.9124793308177616E+03   2.7895564418833668E-01
    5600.0000000000000000   1.9383392468034401E+03   2.7612746006015687E-01
    5700.0000000000000000   1.9649828074442892E+03   2.7273059448583209E-01
    5800.0000000000000000   1.9907084891082550E+03   2.7007480125985811E-01
    5900.0000000000000000   2.0163754736800179E+03   2.6749305392142492E-01
    6000.0000000000000000   2.0428071130910018E+03   2.6436776361570674E-01
    6100.0000000000000000   2.0683500097895258E+03   2.6193616946507647E-01
    6200.0000000000000000   2.0938389381848156E+03   2.5956910441998615E-01
    6300.0000000000000000   2.1200729335921369E+03   2.5668201553478792E-01
    6400.0000000000000000   2.1454468388577643E+03   2.5444658847848384E-01
    6500.0000000000000000   2.1715557882438638E+03   2.5170552119624551E-01
    6600.0000000000000000   2.1968202030751668E+03   2.4959086509148856E-01
    6700.0000000000000000   2.2228093539827473E+03   2.4698435084981998E-01
    6800.0000000000000000   2.2479694297834312E+03   2.4498077658565401E-01
    6900.0000000000000000   2.2738437015347708E+03   2.4249854257618184E-01
    7000.0000000000000000   2.2996613445479379E+03   2.4007887326130078E-01
    7100.0000000000000000   2.3246682507480041E+03   2.3823019768252870E-01
    7200.0000000000000000   2.3503777746583955E+03   2.3592109234241856E-01
    7300.0000000000000000   2.3760337965791455E+03   2.3366789296736332E-01
    7400.0000000000000000   2.4008974318149026E+03   2.3195679369867972E-01
    7500.0000000000000000   2.4264515049530864E+03   2.2980242058429329E-01
    7600.0000000000000000   2.4519549480928422E+03   2.2769822266925738E-01
    7700.0000000000000000   2.4766842989010065E+03   2.2610988472065643E-01
    7800.0000000000000000   2.5020914360881807E+03   2.2409440849263101E-01
    7900.0000000000000000   2.5274505811093054E+03   2.2212414995277138E-01
    8000.0000000000000000   2.5527625593050338E+03   2.2019754790829779E-01
    8100.0000000000000000   2.5773218369761003E+03   2.1875554009096179E-01
    8200.0000000000000000   2.6025442782232390E+03   2.1690616440325083E-01
    8300.0000000000000000   2.6277219110545389E+03   2.1509633454397897E-01
    8400.0000000000000000   2.6528554698425592E+03   2.1332475198998818E-01
    8500.0000000000000000   2.6779456573212769E+03   2.1159018308360242E-01
    8600.0000000000000000   2.7029931587964070E+03   2.0989144738206048E-01
    8700.0000000000000000   2.7273158698503853E+03   2.0863689407064911E-01
    8800.0000000000000000   2.7522826997743609E+03   2.0700149636065907E-01
    8900.0000000000000000   2.7772088749041213E+03   2.0539877038361493E-01
    9000.0000000000000000   2.8020950133326151E+03   2.0382771961188667E-01
    9100.0000000000000000   2.8269417221027329E+03   2.0228738618593034E-01
    9200.0000000000000000   2.8517495954674250E+03   2.0077684998256082E-01
    9300.0000000000000000   2.8765192192155960E+03   1.9929522478962078E-01
    9400.0000000000000000   2.9012511659673987E+03   1.9784165913466337E-01
    9500.0000000000000000   2.9259459940012584E+03   1.9641533565912311E-01
    9600.0000000000000000   2.9506042505180471E+03   1.9501546798393721E-01
    9700.0000000000000000   2.9752264667292975E+03   1.9364130181439779E-01
    9800.0000000000000000   2.9998131606939342E+03   1.9229211228939705E-01
    9900.0000000000000000   3.0243648391145016E+03   1.9096720173976756E-01
   10000.0000000000000000   3.0488819961595655E+03   1.8966589926839428E-01
   11000.0000000000000000   3.2922562064702315E+03   1.7782007674913247E-01
   12000.0000000000000000   3.5338240425412187E+03   1.6717096887273761E-01
   13000.0000000000000000   3.7726582119739451E+03   1.5801194296115831E-01
   14000.0000000000000000   4.0096006245601561E+03   1.4979658179118760E-01
   15000.0000000000000000   4.2442957964677225E+03   1.4258313092708816E-01
   16000.0000000000000000   4.4769435479539097E+03   1.3619514829795418E-01
   17000.0000000000000000   4.7082317333816081E+03   1.3029345642906659E-01
   18000.0000000000000000   4.9382689703490896E+03   1.2480666147178436E-01
   19000.0000000000000000   5.1661667833835072E+03   1.2003152058122209E-01
   20000.0000000000000000   5.3930331763372578E+03   1.1552775652706299E-01
   20005.9989999999997963   5.3944040461092191E+03   1.1549700279978498E-01
   20006.0010000000002037   5.3944045031354744E+03   1.1549699254908015E-01
   21000.0000000000000000   5.6184682502044698E+03   1.1142037977614046E-01
   22000.0000000000000000   5.8430305470147305E+03   1.0750484006495055E-01
   23000.0000000000000000   6.0658443482542707E+03   1.0405411650954609E-01
   24000.0000000000000000   6.2879273004601191E+03   1.0072752201397478E-01
   25000.0000000000000000   6.5088674479192232E+03   9.7648654435030569E-02
   26000.0000000000000000   6.7287214231298003E+03   9.4790883021568698E-02
   27000.0000000000000000   6.9475425539754060E+03   9.2130925530639021E-02
   28000.0000000000000000   7.1658237671524184E+03   8.9526329536860585E-02
   29000.0000000000000000   7.3827226576761386E+03   8.7206647418023642E-02
   30000.0000000000000000   7.5991524891291037E+03   8.4919328334050748E-02
   31000.0000000000000000   7.8147062412952082E+03   8.2772692998842892E-02
   32000.0000000000000000   8.0290290954286556E+03   8.0851560317194676E-02
   33000.0000000000000000   8.2429699036725360E+03   7.8939114833263699E-02
   34000.0000000000000000   8.4561413106264754E+03   7.7132521765623338E-02
   35000.0000000000000000   8.6685695341550454E+03   7.5423617090824985E-02
   36000.0000000000000000   8.8806771004608017E+03   7.3713599824795778E-02
   37000.0000000000000000   9.0917031168593257E+03   7.2178129563646234E-02
   38000.0000000000000000   9.3020787885328664E+03   7.0715211912327894E-02
   39000.0000000000000000   9.5121841321919237E+03   6.9242129427199012E-02
   40000.0000000000000000   9.7212761051129055E+03   6.7920721686124688E-02
   41000.0000000000000000   9.9301684075714184E+03   6.6575622698963124E-02
   42000.0000000000000000   1.0138066587828853E+04   6.5374019404002989E-02
   43000.0000000000000000   1.0345787129724982E+04   6.4146277539269658E-02
   44000.0000000000000000   1.0552976224194623E+04   6.2967025875797791E-02
   45000.0000000000000000   1.0759212389306738E+04   6.1917620968194004E-02
   46000.0000000000000000   1.0965319917873401E+04   6.0836149901345352E-02
   47000.0000000000000000   1.1170912933991911E+04   5.9798498386379836E-02
   48000.0000000000000000   1.1376033180666063E+04   5.8797974207300686E-02
   49000.0000000000000000   1.1580664175027290E+04   5.7836901717640568E-02
   50000.0000000000000000   1.1784813295137461E+04   5.6913816194955037E-02
