       0.1000000000000000   2.1130080659756977E+01   1.3781510507405233E-03
       0.2000000000000000   1.8620193009170428E+01   2.6889146479987950E-03
       0.3000000000000000   1.7797878041613760E+01   3.9855955337779279E-03
       0.4000000000000000   1.7494789857812130E+01   5.2187183146152104E-03
       0.5000000000000000   1.7349925701177888E+01   6.4328965123762591E-03
       0.6000000000000000   1.7281039833257225E+01   7.6307166490502563E-03
       0.7000000000000000   1.7256003881851441E+01   8.8145255005475012E-03
       0.7999999999999999   1.7257174633990338E+01   9.9860012894427280E-03
       0.8999999999999999   1.7276359070478474E+01   1.1143449345150575E-02
       0.9999999999999999   1.7305867730536949E+01   1.2291707470245074E-02
       2.0000000000000000   1.7768845782229668E+01   2.3329032885088859E-02
       3.0000000000000000   1.8192026175721605E+01   3.3926094138096274E-02
       4.0000000000000000   1.8502940973793020E+01   4.4403147749175483E-02
       5.0000000000000000   1.8711757625035730E+01   5.4955625925372793E-02
       6.0000000000000000   1.8835777676497983E+01   6.5716493380665486E-02
       7.0000000000000000   1.8890932443074419E+01   7.6777402791647700E-02
       8.0000000000000000   1.8889433764459305E+01   8.8211123762385144E-02
       9.0000000000000000   1.8841053374965703E+01   1.0007796113142670E-01
      10.0000000000000000   1.8753384090721166E+01   1.1243211300276819E-01
      11.0000000000000000   1.8632650440276766E+01   1.2532268654668177E-01
      12.0000000000000000   1.8483862099535592E+01   1.3879620698667527E-01
      13.0000000000000000   1.8311206585311680E+01   1.5289799536415802E-01
      14.0000000000000000   1.8118003551302827E+01   1.6767499596853491E-01
      15.0000000000000000   1.7907056755428361E+01   1.8317521978807333E-01
      16.0000000000000000   1.7680760541143421E+01   1.9944795659954084E-01
      17.0000000000000000   1.7441070117101180E+01   2.1654618988063670E-01
      18.0000000000000000   1.7189690865688913E+01   2.3452581706191541E-01
      19.0000000000000000   1.6928039807522168E+01   2.5344692379001432E-01
      20.0000000000000000   1.6657334593278996E+01   2.7337466126073884E-01
      21.0000000000000000   1.6378607025764261E+01   2.9437980881535025E-01
      22.0000000000000000   1.6092759185973392E+01   3.1653905148482731E-01
      23.0000000000000000   1.5800562636889527E+01   3.3993625720481535E-01
      24.0000000000000000   1.5502674103841063E+01   3.6466364623166903E-01
      25.0000000000000000   1.5199670059805007E+01   3.9082220723533861E-01
      26.0000000000000000   1.4892054256940378E+01   4.1852292612807596E-01
      27.0000000000000000   1.4580271140676436E+01   4.4788786054957797E-01
      28.0000000000000000   1.4264720378562199E+01   4.7905123785474513E-01
      29.0000000000000000   1.3945763564545612E+01   5.1216075236988945E-01
      30.0000000000000000   1.3623741815618724E+01   5.4737864897041189E-01
      31.0000000000000000   1.3298980861201635E+01   5.8488297369587150E-01
      32.0000000000000000   1.2971809604326847E+01   6.2486840930241327E-01
      33.0000000000000000   1.2642565153654640E+01   6.6754723290647533E-01
      34.0000000000000000   1.2311611415972676E+01   7.1314946849687222E-01
      35.0000000000000000   1.1979351270508127E+01   7.6192251895209684E-01
      36.0000000000000000   1.1646243135467051E+01   8.1412970383539485E-01
      37.0000000000000000   1.1312818000652477E+01   8.7004730802141883E-01
      38.0000000000000000   1.0979697804601978E+01   9.2995958043237492E-01
      39.0000000000000000   1.0647613284334099E+01   9.9415105667589776E-01
      40.0000000000000000   1.0317421617725232E+01   1.0628955265558644E+00
      41.0000000000000000   9.9901192791484927E+00   1.1364411801987622E+00
      41.9990000000000023   9.6671698550451293E+00   1.2149105380711469E+00
      42.0000000000000000   9.6668490154035958E+00   1.2149916406679360E+00
      42.0009999999999977   9.6665281810686920E+00   1.2150727484136701E+00
      43.0000000000000000   9.3488958735137260E+00   1.2986833755340392E+00
      44.0000000000000000   9.0376683303428891E+00   1.3875608027183337E+00
      44.9990000000000023   8.7349594564918842E+00   1.4814552612203071E+00
      45.0000000000000000   8.7346610637395745E+00   1.4815517488906984E+00
      45.0009999999999977   8.7343626807360231E+00   1.4816482414777821E+00
      46.0000000000000000   8.4413991720619634E+00   1.5804467686206289E+00
      47.0000000000000000   8.1593656963114309E+00   1.6838866967152155E+00
      48.0000000000000000   7.8899202102804225E+00   1.7913621921805361E+00
      49.0000000000000000   7.6342193286717350E+00   1.9022274079853330E+00
      50.0000000000000000   7.3931512521095408E+00   2.0157272435113001E+00
      51.0000000000000000   7.1672943899271262E+00   2.1310348265380252E+00
      52.0000000000000000   6.9569051685558323E+00   2.2472938682710191E+00
      53.0000000000000000   6.7619338319633409E+00   2.3636600456958323E+00
      54.0000000000000000   6.5820623848668554E+00   2.4793365283466144E+00
      55.0000000000000000   6.4167559417776978E+00   2.5936006698755651E+00
      56.0000000000000000   6.2653189133577101E+00   2.7058209331952758E+00
      57.0000000000000000   6.1269490765717958E+00   2.8154646263230649E+00
      58.0000000000000000   6.0007845712919572E+00   2.9220985782668762E+00
      59.0000000000000000   5.8859425341121847E+00   3.0253841626992348E+00
      60.0000000000000000   5.7815485404015066E+00   3.1250689017608808E+00
      61.0000000000000000   5.6867571006837130E+00   3.2209766570746652E+00
      62.0000000000000000   5.6007656830118959E+00   3.3129968164838202E+00
      63.0000000000000000   5.5228228306322098E+00   3.4010739213654877E+00
      64.0000000000000000   5.4522321009777439E+00   3.4851979839311875E+00
      65.0000000000000000   5.3883530124792047E+00   3.5653957995924643E+00
      66.0000000000000000   5.3305999141785883E+00   3.6417233552088311E+00
      67.0000000000000000   5.2784395303244205E+00   3.7142593273826190E+00
      67.9989999999999952   5.2314323713789124E+00   3.7830325736011026E+00
      68.0000000000000000   5.2313877217084084E+00   3.7830996031481758E+00
      68.0010000000000048   5.2313430767043334E+00   3.7831666291073667E+00
      69.0000000000000000   5.1890058460703425E+00   3.8483527235202022E+00
      70.0000000000000000   5.1508969858810723E+00   3.9101361372803733E+00
      71.0000000000000000   5.1167022195285199E+00   3.9685731536351705E+00
      72.0000000000000000   5.0860970500190739E+00   4.0237904870056047E+00
      73.0000000000000000   5.0587880512743082E+00   4.0759162993909452E+00
      74.0000000000000000   5.0345097681228577E+00   4.1250786561138906E+00
      75.0000000000000000   5.0130218700148204E+00   4.1714043333353148E+00
      76.0000000000000000   4.9941066244841874E+00   4.2150178516175263E+00
      77.0000000000000000   4.9775665072013089E+00   4.2560408449143283E+00
      78.0000000000000000   4.9632221645305776E+00   4.2945915061375981E+00
      79.0000000000000000   4.9509105350099052E+00   4.3307842358480348E+00
      80.0000000000000000   4.9404831813103387E+00   4.3647293993296046E+00
      81.0000000000000000   4.9318048012665097E+00   4.3965331786890065E+00
      82.0000000000000000   4.9247519019139521E+00   4.4262975001354814E+00
      83.0000000000000000   4.9192116158573054E+00   4.4541200201476485E+00
      84.0000000000000000   4.9150806459074099E+00   4.4800941575916262E+00
      85.0000000000000000   4.9122643267445376E+00   4.5043091607868906E+00
      86.0000000000000000   4.9106757860148464E+00   4.5268502011302205E+00
      87.0000000000000000   4.9102351952679353E+00   4.5477984878491808E+00
      88.0000000000000000   4.9108691076370237E+00   4.5672313885070874E+00
      89.0000000000000000   4.9125098513833674E+00   4.5852225754013212E+00
      90.0000000000000000   4.9150950007197096E+00   4.6018421614158314E+00
      91.0000000000000000   4.9185668963560358E+00   4.6171568472219491E+00
      92.0000000000000000   4.9228722156401021E+00   4.6312300677521261E+00
      93.0000000000000000   4.9279615868753615E+00   4.6441221378629454E+00
      94.0000000000000000   4.9337892425969212E+00   4.6558903958770008E+00
      95.0000000000000000   4.9403127074451740E+00   4.6665893440079325E+00
      96.0000000000000000   4.9474925168899055E+00   4.6762707849311633E+00
      97.0000000000000000   4.9552919633990031E+00   4.6849839539701827E+00
      98.0000000000000000   4.9636768668069733E+00   4.6927756465579415E+00
      99.0000000000000000   4.9726153680404561E+00   4.6996903405992914E+00
     100.0000000000000000   4.9820777392075373E+00   4.7057703139646421E+00
     103.9989999999999952   5.0246253887541261E+00   4.7225149016676990E+00
     104.0010000000000048   5.0246483925619891E+00   4.7225204857767071E+00
     110.0000000000000000   5.1001997419332090E+00   4.7285980012973994E+00
     120.0000000000000000   5.2488571935227455E+00   4.7018243758736995E+00
     130.0000000000000000   5.4167708117975168E+00   4.6447343810548727E+00
     140.0000000000000000   5.5973147625515507E+00   4.5693575439016838E+00
     150.0000000000000000   5.7786760294729014E+00   4.5038126231817825E+00
     153.9989999999999952   5.8611622906007046E+00   4.4574561688744989E+00
     154.0010000000000048   5.8612113390263954E+00   4.4574158462120410E+00
     160.0000000000000000   5.9774709047418275E+00   4.4066675929847117E+00
     167.9989999999999952   6.1356433147007685E+00   4.3354006284236242E+00
     168.0010000000000048   6.1356916326661182E+00   4.3353636993525306E+00
     169.9989999999999952   6.1769915043513750E+00   4.3141496119905103E+00
     170.0000000000000000   6.1770156177705369E+00   4.3141313949347504E+00
     170.0010000000000048   6.1770397297700326E+00   4.3141131802270527E+00
     180.0000000000000000   6.3770141608137569E+00   4.2261240611004256E+00
     190.0000000000000000   6.5832976318808747E+00   4.1292023995096656E+00
     200.0000000000000000   6.7889761001106299E+00   4.0381188137928907E+00
     210.0000000000000000   6.9940178757031219E+00   3.9523793031156980E+00
     220.0000000000000000   7.1984089490405028E+00   3.8715343560055584E+00
     230.0000000000000000   7.4021468772773726E+00   3.7951775890014328E+00
     231.9989999999999952   7.4477422072925412E+00   3.7700578773605566E+00
     232.0010000000000048   7.4477877983818512E+00   3.7700329244929462E+00
     233.9989999999999952   7.4883370382260201E+00   3.7555660715123405E+00
     234.0010000000000048   7.4883825550958552E+00   3.7555413890381595E+00
     236.9989999999999952   7.5467598116867096E+00   3.7391712699342934E+00
     237.0010000000000048   7.5468052076369130E+00   3.7391469455535229E+00
     240.0000000000000000   7.6099932772566801E+00   3.7130117288733020E+00
     250.0000000000000000   7.8168100263355074E+00   3.6356135926239554E+00
     260.0000000000000000   8.0226384817608647E+00   3.5625637533619021E+00
     270.0000000000000000   8.2275192689077663E+00   3.4934905972158075E+00
     280.0000000000000000   8.4356838287359555E+00   3.4197953739678053E+00
     290.0000000000000000   8.6386423881620775E+00   3.3580654571762198E+00
     300.0000000000000000   8.8447341109028539E+00   3.2917778161468418E+00
     310.0000000000000000   9.0459327345951710E+00   3.2362412116433226E+00
     320.0000000000000000   9.2501179328907259E+00   3.1762442668697588E+00
     330.0000000000000000   9.4533662163150787E+00   3.1191669828559059E+00
     340.0000000000000000   9.6557143972853581E+00   3.0647920337879531E+00
     350.0000000000000000   9.8571973119081395E+00   3.0129234583337934E+00
     360.0000000000000000   1.0057847905929176E+01   2.9633840972830714E+00
     370.0000000000000000   1.0261093799879838E+01   2.9100319491122111E+00
     380.0000000000000000   1.0460096177741615E+01   2.8648666263472942E+00
     390.0000000000000000   1.0658355952022937E+01   2.8215814907973904E+00
     398.9990000000000236   1.0838406824527091E+01   2.7802972163793309E+00
     399.0009999999999764   1.0838448204455403E+01   2.7802857749380596E+00
     400.0000000000000000   1.0859113564341888E+01   2.7745834614011491E+00
     410.0000000000000000   1.1055893578374908E+01   2.7348627291116587E+00
     415.9990000000000236   1.1176126216696259E+01   2.7075929943686541E+00
     416.0009999999999764   1.1176167303937254E+01   2.7075822688389239E+00
     420.0000000000000000   1.1255115550361067E+01   2.6915046967145004E+00
     430.0000000000000000   1.1453589995024204E+01   2.6498670771875270E+00
     440.0000000000000000   1.1648296554172525E+01   2.6147678740161555E+00
     450.0000000000000000   1.1845375705732220E+01   2.5761480419427847E+00
     460.0000000000000000   1.2041771984639192E+01   2.5389664355003938E+00
     470.0000000000000000   1.2237504643634340E+01   2.5031419570535745E+00
     480.0000000000000000   1.2432592897889993E+01   2.4685983673067096E+00
     490.0000000000000000   1.2624216148800242E+01   2.4396269761345772E+00
     500.0000000000000000   1.2818102830375727E+01   2.4073426461021254E+00
     510.0000000000000000   1.3011396735499471E+01   2.3761479754615173E+00
     510.9989999999999668   1.3031225304377800E+01   2.3722581542195282E+00
     511.0009999999999195   1.3031264995192032E+01   2.3722503808284277E+00
     520.0000000000000000   1.3204113741418935E+01   2.3459865098771115E+00
     530.0000000000000000   1.3398976155060838E+01   2.3128058789228181E+00
     540.0000000000000000   1.3590551345526173E+01   2.2846389100419575E+00
     550.0000000000000000   1.3781593131436949E+01   2.2573553114741007E+00
     560.0000000000000000   1.3972114790225799E+01   2.2309127051332442E+00
     570.0000000000000000   1.4162129134153348E+01   2.2052713406818039E+00
     580.0000000000000000   1.4354224381667853E+01   2.1767671010062748E+00
     590.0000000000000000   1.4543229863764152E+01   2.1526843756433451E+00
     600.0000000000000000   1.4731763101631241E+01   2.1292964344626175E+00
     610.0000000000000000   1.4919834285672422E+01   2.1065736014732170E+00
     620.0000000000000000   1.5109929868259643E+01   2.0811139685557758E+00
     630.0000000000000000   1.5297082463936077E+01   2.0596869938180324E+00
     640.0000000000000000   1.5486235102293566E+01   2.0355925409478934E+00
     650.0000000000000000   1.5672505826646143E+01   2.0153552443710048E+00
     660.0000000000000000   1.5860760236430760E+01   1.9925056224218385E+00
     670.0000000000000000   1.6046182483051950E+01   1.9733646541754832E+00
     680.0000000000000000   1.6233575154981075E+01   1.9516594564019898E+00
     690.0000000000000000   1.6418183698503224E+01   1.9335268882473340E+00
     700.0000000000000000   1.6604745801610679E+01   1.9128800514787501E+00
     710.0000000000000000   1.6788574282164706E+01   1.8956757706510967E+00
     720.0000000000000000   1.6974334818842227E+01   1.8760102765186837E+00
     730.0000000000000000   1.7157415658500653E+01   1.8596612179568863E+00
     740.0000000000000000   1.7342401140288246E+01   1.8409086017574794E+00
     750.0000000000000000   1.7527014092818206E+01   1.8225976676634970E+00
     760.0000000000000000   1.7709001642747996E+01   1.8074455351369207E+00
     770.0000000000000000   1.7892881259613979E+01   1.7899499381202377E+00
     780.0000000000000000   1.8076401102430477E+01   1.7728578969797857E+00
     790.0000000000000000   1.8257358253900364E+01   1.7587714010570543E+00
     800.0000000000000000   1.8440183374909935E+01   1.7424099918231533E+00
     810.0000000000000000   1.8622666501194377E+01   1.7264120314068472E+00
     820.0000000000000000   1.8804804831263731E+01   1.7107747069113559E+00
     830.0000000000000000   1.8984465328696896E+01   1.6979479577929628E+00
     840.0000000000000000   1.9165961601141127E+01   1.6829379295812652E+00
     850.0000000000000000   1.9347134921538199E+01   1.6682483358636557E+00
     860.0000000000000000   1.9527985587889834E+01   1.6538739755390373E+00
     870.0000000000000000   1.9708518750220623E+01   1.6398043859012705E+00
     880.0000000000000000   1.9888744951591427E+01   1.6260234264658573E+00
     890.0000000000000000   2.0066617442465592E+01   1.6147885276461174E+00
     900.0000000000000000   2.0246263361248051E+01   1.6015183853097241E+00
     910.0000000000000000   2.0425612552837610E+01   1.5885151474954478E+00
     920.0000000000000000   2.0604668790281703E+01   1.5757712456251394E+00
     930.0000000000000000   2.0783436808595084E+01   1.5632782504592522E+00
     940.0000000000000000   2.0961922340974638E+01   1.5510268827180356E+00
     950.0000000000000000   2.1140131462835587E+01   1.5390077751531617E+00
     960.0000000000000000   2.1318069265611427E+01   1.5272128531844695E+00
     970.0000000000000000   2.1495739447135861E+01   1.5156356922182783E+00
     980.0000000000000000   2.1673144923977951E+01   1.5042708277899872E+00
     990.0000000000000000   2.1850288513719327E+01   1.4931130291979635E+00
    1000.0000000000000000   2.2027173208775807E+01   1.4821570142039007E+00
    1100.0000000000000000   2.3782472603659222E+01   1.3825842876200443E+00
    1200.0000000000000000   2.5516987749196176E+01   1.2964926286047356E+00
    1300.0000000000000000   2.7232970823580303E+01   1.2209900339179169E+00
    1400.0000000000000000   2.8932295758046699E+01   1.1539527611649154E+00
    1500.0000000000000000   3.0614795926079502E+01   1.0951829791833505E+00
    1600.0000000000000000   3.2283476324188811E+01   1.0420125569649055E+00
    1700.0000000000000000   3.3936458278072834E+01   9.9573202801829808E-01
    1800.0000000000000000   3.5579409481285339E+01   9.5204368997300537E-01
    1843.9990000000000236   3.6297230781488672E+01   9.3499930928794661E-01
    1844.0009999999999764   3.6297263495376143E+01   9.3499845323336439E-01
    1900.0000000000000000   3.7208646676139480E+01   9.1361656142639924E-01
    2000.0000000000000000   3.8827783556787601E+01   8.7789377305457106E-01
    2100.0000000000000000   4.0436315496778548E+01   8.4526207172936729E-01
    2200.0000000000000000   4.2036401906438300E+01   8.1438157396138378E-01
    2300.0000000000000000   4.3625290895040507E+01   7.8699961415647934E-01
    2400.0000000000000000   4.5206798469779791E+01   7.6081802848333679E-01
    2475.9989999999997963   4.6402821583097989E+01   7.4232450792254134E-01
    2476.0010000000002037   4.6402852944089474E+01   7.4232405549642133E-01
    2500.0000000000000000   4.6779541727949606E+01   7.3670531418338703E-01
    2526.9989999999997963   4.7202732459622865E+01   7.3050851268598427E-01
    2527.0010000000002037   4.7202763843151388E+01   7.3050802353152677E-01
    2600.0000000000000000   4.8344281525924579E+01   7.1427341622333484E-01
    2631.9989999999997963   4.8843722637044834E+01   7.0721786423179689E-01
    2632.0010000000002037   4.8843754145664739E+01   7.0721726371331406E-01
    2700.0000000000000000   4.9901410089826200E+01   6.9334444319894906E-01
    2800.0000000000000000   5.1450806797163189E+01   6.7398812317004297E-01
    2871.9989999999997963   5.2563151525604660E+01   6.6023110597902113E-01
    2872.0010000000002037   5.2563182437367821E+01   6.6023069906583465E-01
    2900.0000000000000000   5.2994559036417947E+01   6.5517406138323586E-01
    3000.0000000000000000   5.4530551147574741E+01   6.3805838087625188E-01
    3100.0000000000000000   5.6061737044426124E+01   6.2118374534401266E-01
    3200.0000000000000000   5.7585533352073845E+01   6.0581102881047066E-01
    3300.0000000000000000   5.9104422836559550E+01   5.9086826081672295E-01
    3400.0000000000000000   6.0617391707813432E+01   5.7681923427327852E-01
    3500.0000000000000000   6.2124279868163754E+01   5.6375057330231948E-01
    3600.0000000000000000   6.3626080672662070E+01   5.5126684197025411E-01
    3700.0000000000000000   6.5123634379463311E+01   5.3907312807061780E-01
    3800.0000000000000000   6.6616066663494038E+01   5.2747137841206204E-01
    3900.0000000000000000   6.8102743620652021E+01   5.1683915633661892E-01
    4000.0000000000000000   6.9585537860427635E+01   5.0641269835560354E-01
    4100.0000000000000000   7.1064631572596795E+01   4.9614133706174796E-01
    4200.0000000000000000   7.2538526008688123E+01   4.8659152455826887E-01
    4300.0000000000000000   7.4007646358050067E+01   4.7770848355596340E-01
    4400.0000000000000000   7.5475573768951207E+01   4.6811118286474490E-01
    4500.0000000000000000   7.6936011692713805E+01   4.6015221927462346E-01
    4600.0000000000000000   7.8394719605710137E+01   4.5180038857516203E-01
    4700.0000000000000000   7.9847288259176523E+01   4.4448554373111132E-01
    4800.0000000000000000   8.1298726130398933E+01   4.3667369257864402E-01
    4900.0000000000000000   8.2746728660138587E+01   4.2909764594713712E-01
    5000.0000000000000000   8.4190769768028900E+01   4.2193541433123721E-01
    5100.0000000000000000   8.5631003561128864E+01   4.1515029151028643E-01
    5200.0000000000000000   8.7067511080729005E+01   4.0872979480413829E-01
    5300.0000000000000000   8.8500483891051303E+01   4.0262303786195275E-01
    5400.0000000000000000   8.9929477679210706E+01   3.9696544511287668E-01
    5500.0000000000000000   9.1358963384029096E+01   3.9043354674124819E-01
    5600.0000000000000000   9.2783680089184799E+01   3.8461037067660037E-01
    5700.0000000000000000   9.4203030552007633E+01   3.7961839919998519E-01
    5800.0000000000000000   9.5623803456617154E+01   3.7359541532577417E-01
    5900.0000000000000000   9.7036692621516224E+01   3.6918340462494165E-01
    6000.0000000000000000   9.8452321579119854E+01   3.6342441088989191E-01
    6100.0000000000000000   9.9863978467244451E+01   3.5812532656753499E-01
    6200.0000000000000000   1.0126715845537414E+02   3.5450209049026138E-01
    6300.0000000000000000   1.0267447525799533E+02   3.4925384153002370E-01
    6400.0000000000000000   1.0407743352589340E+02   3.4465961368822196E-01
    6500.0000000000000000   1.0547756465557084E+02   3.4013075030312473E-01
    6600.0000000000000000   1.0687641634450505E+02   3.3558278482785664E-01
    6700.0000000000000000   1.0827120571067518E+02   3.3145345956823180E-01
    6800.0000000000000000   1.0966421141599959E+02   3.2734252922155610E-01
    6900.0000000000000000   1.1105391135426842E+02   3.2359374871227869E-01
    7000.0000000000000000   1.1244121013537868E+02   3.1991954609442558E-01
    7100.0000000000000000   1.1382679766880722E+02   3.1625889206385649E-01
    7200.0000000000000000   1.1520872542017369E+02   3.1300450746610459E-01
    7300.0000000000000000   1.1658844712478704E+02   3.0979313364724237E-01
    7400.0000000000000000   1.1797289697877865E+02   3.0518567495560284E-01
    7500.0000000000000000   1.1934761482233095E+02   3.0227353014759578E-01
    7600.0000000000000000   1.2072163029373364E+02   2.9933638016869946E-01
    7700.0000000000000000   1.2209783203481439E+02   2.9530725002436298E-01
    7800.0000000000000000   1.2346679667096240E+02   2.9259362127424471E-01
    7900.0000000000000000   1.2483402043751239E+02   2.9003921790068959E-01
    8000.0000000000000000   1.2620342361046595E+02   2.8647009784100452E-01
    8100.0000000000000000   1.2756552912798257E+02   2.8410083898318583E-01
    8200.0000000000000000   1.2893217142469342E+02   2.8065421488892772E-01
    8300.0000000000000000   1.3029191711656588E+02   2.7821778640240824E-01
    8400.0000000000000000   1.3165321182599311E+02   2.7499197933584790E-01
    8500.0000000000000000   1.3301257747128815E+02   2.7190056766496884E-01
    8600.0000000000000000   1.3436440679604274E+02   2.7024442606727189E-01
    8700.0000000000000000   1.3572198335365076E+02   2.6713419332974808E-01
    8800.0000000000000000   1.3707687350978966E+02   2.6402025480180641E-01
    8900.0000000000000000   1.3842047452902335E+02   2.6292337840936109E-01
    9000.0000000000000000   1.3977356904884493E+02   2.5964091360524288E-01
    9100.0000000000000000   1.4112090713995707E+02   2.5734182385612925E-01
    9200.0000000000000000   1.4246982540849581E+02   2.5450334608575587E-01
    9300.0000000000000000   1.4381255013795658E+02   2.5262354450032554E-01
    9400.0000000000000000   1.4515132679662355E+02   2.5111741409179328E-01
    9500.0000000000000000   1.4649490019881398E+02   2.4837910597168716E-01
    9600.0000000000000000   1.4783551650681096E+02   2.4601560508890755E-01
    9700.0000000000000000   1.4917347670042557E+02   2.4383503842851836E-01
    9800.0000000000000000   1.5050880464603037E+02   2.4191133179743785E-01
    9900.0000000000000000   1.5184341406135124E+02   2.3989240587149910E-01
   10000.0000000000000000   1.5317702356579017E+02   2.3783927261505150E-01
   11000.0000000000000000   1.6643859532192843E+02   2.1893546242863701E-01
   12000.0000000000000000   1.7956295552258365E+02   2.0388691896073199E-01
   13000.0000000000000000   1.9257158444057555E+02   1.9073474146969757E-01
   14000.0000000000000000   2.0547842408638508E+02   1.7874027832759667E-01
   15000.0000000000000000   2.1828154512917141E+02   1.6872476380938645E-01
   16000.0000000000000000   2.3100164534343850E+02   1.5991350185498623E-01
   17000.0000000000000000   2.4363163735104061E+02   1.5186184759192950E-01
   18000.0000000000000000   2.5618460864703030E+02   1.4544025956953549E-01
   19000.0000000000000000   2.6867749942564296E+02   1.3783328484986929E-01
   20000.0000000000000000   2.8109710122800334E+02   1.3207171477359148E-01
   20005.9989999999997963   2.8117292069130025E+02   1.3187365700762585E-01
   20006.0010000000002037   2.8117294590661601E+02   1.3187360276753954E-01
   21000.0000000000000000   2.9344279650241248E+02   1.2770297051901378E-01
   22000.0000000000000000   3.0574687597096096E+02   1.2155935312805223E-01
   23000.0000000000000000   3.1797303890921205E+02   1.1679410791292809E-01
   24000.0000000000000000   3.3016456040229599E+02   1.1285509054307517E-01
   25000.0000000000000000   3.4229294393351131E+02   1.0978521992083595E-01
   26000.0000000000000000   3.5438011279685645E+02   1.0619684391637980E-01
   27000.0000000000000000   3.6642287166862849E+02   1.0195175252965000E-01
   28000.0000000000000000   3.7839415610242969E+02   9.9292791187026400E-02
   29000.0000000000000000   3.9035549570188772E+02   9.6835846000986645E-02
   30000.0000000000000000   4.0226519858449268E+02   9.2975529243904148E-02
   31000.0000000000000000   4.1415678430438010E+02   9.0488543156044918E-02
   32000.0000000000000000   4.2597145446511234E+02   8.8093133481200667E-02
   33000.0000000000000000   4.3773641552902745E+02   8.6964773477390372E-02
   34000.0000000000000000   4.4949484479588330E+02   8.4783183350055413E-02
   35000.0000000000000000   4.6124356893062929E+02   8.1371853772229261E-02
   36000.0000000000000000   4.7293456852637809E+02   8.0445536651934241E-02
   37000.0000000000000000   4.8462468670466507E+02   7.8889328324129079E-02
   38000.0000000000000000   4.9627796089266184E+02   7.5663702866838503E-02
   39000.0000000000000000   5.0783926676706608E+02   7.4053312857332576E-02
   40000.0000000000000000   5.1947321642971622E+02   7.2232153943945762E-02
   41000.0000000000000000   5.3098143162357621E+02   7.0522196635362452E-02
   42000.0000000000000000   5.4253005226232790E+02   6.9965333528376833E-02
   43000.0000000000000000   5.5397868074752625E+02   6.7864243626052839E-02
   44000.0000000000000000   5.6550198133863262E+02   6.6262830704679337E-02
   45000.0000000000000000   5.7695449266047490E+02   6.5407355768412320E-02
   46000.0000000000000000   5.8832508408766364E+02   6.4058978747959419E-02
   47000.0000000000000000   5.9969445456505844E+02   6.3662588012161667E-02
   48000.0000000000000000   6.1111295960289090E+02   6.1936218909844312E-02
   49000.0000000000000000   6.2247021673341430E+02   6.1440380759850942E-02
   50000.0000000000000000   6.3383247862945791E+02   5.9516929892144674E-02
