       0.1000000000000000   1.7974165138689038E+01   1.6198924607246420E-03
       0.2000000000000000   1.5847589703950593E+01   3.1581605492436299E-03
       0.3000000000000000   1.5155820991884051E+01   4.6774479422472138E-03
       0.4000000000000000   1.4905485388185285E+01   6.1198981178993772E-03
       0.5000000000000000   1.4789713639496714E+01   7.5379286944083261E-03
       0.6000000000000000   1.4738571530154063E+01   8.9346378800617497E-03
       0.7000000000000000   1.4724756568796177E+01   1.0312826044143738E-02
       0.7999999999999999   1.4733267049039142E+01   1.1674506818082252E-02
       0.8999999999999999   1.4757128275296816E+01   1.3017751676978757E-02
       0.9999999999999999   1.4789810955143411E+01   1.4348252075137470E-02
       2.0000000000000000   1.5260874293382839E+01   2.7030518194117389E-02
       3.0000000000000000   1.5699408113584440E+01   3.9028458112532763E-02
       4.0000000000000000   1.6042262691211555E+01   5.0730213956287476E-02
       5.0000000000000000   1.6297025762088250E+01   6.2371121942213462E-02
       6.0000000000000000   1.6477697799955553E+01   7.4109605208130341E-02
       7.0000000000000000   1.6597327679451126E+01   8.6053929256002540E-02
       8.0000000000000000   1.6665929666905345E+01   9.8288903049090326E-02
       9.0000000000000000   1.6691549403175831E+01   1.1088386800936906E-01
      10.0000000000000000   1.6680450049713631E+01   1.2390025735137765E-01
      11.0000000000000000   1.6637792316465713E+01   1.3739299527832474E-01
      12.0000000000000000   1.6567745479331176E+01   1.5141355705990259E-01
      13.0000000000000000   1.6473820997707630E+01   1.6601148725870277E-01
      14.0000000000000000   1.6358816932588102E+01   1.8123763117434352E-01
      15.0000000000000000   1.6225119220670599E+01   1.9714349779919890E-01
      16.0000000000000000   1.6074787100080872E+01   2.1378154990138329E-01
      17.0000000000000000   1.5909520621579041E+01   2.3120778324517233E-01
      18.0000000000000000   1.5730824329707326E+01   2.4948087106357672E-01
      19.0000000000000000   1.5539964691936243E+01   2.6866352029975776E-01
      20.0000000000000000   1.5338049566615338E+01   2.8882335639648521E-01
      21.0000000000000000   1.5126034217072780E+01   3.1003349586804918E-01
      22.0000000000000000   1.4904769402308222E+01   3.3237280729147012E-01
      23.0000000000000000   1.4674998160839619E+01   3.5592722378438246E-01
      24.0000000000000000   1.4437367530060598E+01   3.8079091193357378E-01
      25.0000000000000000   1.4192457980878014E+01   4.0706668094222215E-01
      26.0000000000000000   1.3940788662881188E+01   4.3486722106398690E-01
      27.0000000000000000   1.3682828140670711E+01   4.6431617958953519E-01
      28.0000000000000000   1.3419006618228281E+01   4.9554925977286096E-01
      29.0000000000000000   1.3149720970716709E+01   5.2871552725180637E-01
      30.0000000000000000   1.2875350501547732E+01   5.6397848920023319E-01
      31.0000000000000000   1.2596260722914520E+01   6.0151735408556539E-01
      32.0000000000000000   1.2312820523382763E+01   6.4152786281595231E-01
      33.0000000000000000   1.2025406323243978E+01   6.8422325584467658E-01
      34.0000000000000000   1.1734419629442890E+01   7.2983442254391484E-01
      35.0000000000000000   1.1440298399493253E+01   7.7860953656550302E-01
      36.0000000000000000   1.1143532961228518E+01   8.3081259371536653E-01
      37.0000000000000000   1.0844682526935825E+01   8.8672046112519454E-01
      38.0000000000000000   1.0544393253386270E+01   9.4661787578251111E-01
      39.0000000000000000   1.0243415969742481E+01   1.0107897672989608E+00
      40.0000000000000000   9.9426240444286851E+00   1.0795102245131394E+00
      41.0000000000000000   9.6430268630141764E+00   1.1530276444820100E+00
      41.9990000000000023   9.3460735533204353E+00   1.2314646995256342E+00
      42.0000000000000000   9.3457778972333241E+00   1.2315457677533239E+00
      42.0009999999999977   9.3454822447790562E+00   1.2316268411258964E+00
      43.0000000000000000   9.0521724176050036E+00   1.3152010968320116E+00
      44.0000000000000000   8.7636308406919241E+00   1.4040380135543495E+00
      44.9990000000000023   8.4819424260937790E+00   1.4978878146322938E+00
      45.0000000000000000   8.4816642593792260E+00   1.4979842554648513E+00
      45.0009999999999977   8.4813861007911271E+00   1.4980807012097872E+00
      46.0000000000000000   8.2078216172673173E+00   1.5968302568360917E+00
      47.0000000000000000   7.9436200622265742E+00   1.7002167283526828E+00
      48.0000000000000000   7.6904657405800485E+00   1.8076342296151422E+00
      49.0000000000000000   7.4495754340248252E+00   1.9184368656612476E+00
      50.0000000000000000   7.2219108519751503E+00   2.0318695600164514E+00
      51.0000000000000000   7.0081356067602991E+00   2.1471055486562420E+00
      52.0000000000000000   6.8086002432752082E+00   2.2632887364240504E+00
      53.0000000000000000   6.6233545885863112E+00   2.3795750717375816E+00
      54.0000000000000000   6.4521821166560107E+00   2.4951680587106324E+00
      55.0000000000000000   6.2946480355864125E+00   2.6093454303640824E+00
      56.0000000000000000   6.1501528302048571E+00   2.7214760542539582E+00
      57.0000000000000000   6.0179844199265284E+00   2.8310276510105865E+00
      58.0000000000000000   5.8973639862858320E+00   2.9375674553228275E+00
      59.0000000000000000   5.7874840398370466E+00   3.0407572284131108E+00
      60.0000000000000000   5.6875377804133445E+00   3.1403448538808529E+00
      61.0000000000000000   5.5967398622429130E+00   3.2361545244126209E+00
      62.0000000000000000   5.5143408862539012E+00   3.3280759260773123E+00
      63.0000000000000000   5.4396361147798649E+00   3.4160538653535872E+00
      64.0000000000000000   5.3719700502888781E+00   3.5000785874865468E+00
      65.0000000000000000   5.3107380250490595E+00   3.5801770906912886E+00
      66.0000000000000000   5.2553856816287139E+00   3.6564055367863206E+00
      67.0000000000000000   5.2054070816655056E+00   3.7288427521063419E+00
      67.9989999999999952   5.1603847301159673E+00   3.7975178193066159E+00
      68.0000000000000000   5.1603419768908747E+00   3.7975847508535669E+00
      68.0010000000000048   5.1602992281582480E+00   3.7976516788132271E+00
      69.0000000000000000   5.1197726224897195E+00   3.8627401812560045E+00
      70.0000000000000000   5.0833204028306866E+00   3.9244265817668724E+00
      71.0000000000000000   5.0506424500245650E+00   3.9827673360095135E+00
      72.0000000000000000   5.0214283738743619E+00   4.0378892195756979E+00
      73.0000000000000000   4.9953971682719960E+00   4.0899204442115265E+00
      74.0000000000000000   4.9722943353473932E+00   4.1389891151675506E+00
      75.0000000000000000   4.9518892322499690E+00   4.1852220401357236E+00
      76.0000000000000000   4.9339727097464285E+00   4.2287437639788745E+00
      77.0000000000000000   4.9183548659526979E+00   4.2696759388758716E+00
      78.0000000000000000   4.9048631308416129E+00   4.3081367707444782E+00
      79.0000000000000000   4.8933404935175293E+00   4.3442406687385491E+00
      80.0000000000000000   4.8836439252170498E+00   4.3780980030013676E+00
      81.0000000000000000   4.8756429688576750E+00   4.4098149573469554E+00
      82.0000000000000000   4.8692184811988994E+00   4.4394934570398927E+00
      83.0000000000000000   4.8642615078950158E+00   4.4672311553782169E+00
      84.0000000000000000   4.8606722790733148E+00   4.4931214661888710E+00
      85.0000000000000000   4.8583593155294080E+00   4.5172536311937090E+00
      86.0000000000000000   4.8572386283676563E+00   4.5397128139001026E+00
      87.0000000000000000   4.8572330038095179E+00   4.5605802145809395E+00
      88.0000000000000000   4.8582713699610078E+00   4.5799331909642342E+00
      89.0000000000000000   4.8602882167125250E+00   4.5978454048039570E+00
      90.0000000000000000   4.8632230887707868E+00   4.6143869578681302E+00
      91.0000000000000000   4.8670201263584660E+00   4.6296245392563220E+00
      92.0000000000000000   4.8716276528756648E+00   4.6436215719750846E+00
      93.0000000000000000   4.8769978047280729E+00   4.6564383586865210E+00
      94.0000000000000000   4.8830861983260458E+00   4.6681322253229789E+00
      95.0000000000000000   4.8898516301170920E+00   4.6787576615739050E+00
      96.0000000000000000   4.8972558061104694E+00   4.6883664575090931E+00
      97.0000000000000000   4.9052630976516562E+00   4.6970078358095009E+00
      98.0000000000000000   4.9138403203228371E+00   4.7047285792691689E+00
      99.0000000000000000   4.9229565354257820E+00   4.7115731531782519E+00
     100.0000000000000000   4.9325828667022442E+00   4.7175838228606857E+00
     103.9989999999999952   4.9756636661394698E+00   4.7340591783809529E+00
     104.0010000000000048   4.9756868920092776E+00   4.7340646309262677E+00
     110.0000000000000000   5.0517369095960101E+00   4.7397606958370204E+00
     120.0000000000000000   5.2006523528605220E+00   4.7124050757842371E+00
     130.0000000000000000   5.3683440426005795E+00   4.6547918716412351E+00
     140.0000000000000000   5.5483515278958579E+00   4.5789422198471534E+00
     150.0000000000000000   5.7290511777988611E+00   4.5130000723967596E+00
     153.9989999999999952   5.8110846866836132E+00   4.4664964316357594E+00
     154.0010000000000048   5.8111333743481106E+00   4.4664560366759964E+00
     160.0000000000000000   5.9268276863502862E+00   4.4154965809538806E+00
     167.9989999999999952   6.0841697874343916E+00   4.3439645354409748E+00
     168.0010000000000048   6.0842177482027564E+00   4.3439275423131338E+00
     169.9989999999999952   6.1252765670528273E+00   4.3226499936169889E+00
     170.0000000000000000   6.1253005020888986E+00   4.3226317450623295E+00
     170.0010000000000048   6.1253244357287331E+00   4.3226134988559881E+00
     180.0000000000000000   6.3241843492783447E+00   4.2343219631890392E+00
     190.0000000000000000   6.5292195535584447E+00   4.1371209687597039E+00
     200.0000000000000000   6.7336339975964750E+00   4.0457785502879000E+00
     210.0000000000000000   6.9373989981863398E+00   3.9597984708707887E+00
     220.0000000000000000   7.1405028625604112E+00   3.8787292970549898E+00
     230.0000000000000000   7.3429449615182101E+00   3.8021629849720529E+00
     231.9989999999999952   7.3882016127536110E+00   3.7770030158320962E+00
     232.0010000000000048   7.3882468651389521E+00   3.7769780229479304E+00
     233.9989999999999952   7.4285369613716750E+00   3.7624714506522019E+00
     234.0010000000000048   7.4285821401184888E+00   3.7624467286747012E+00
     236.9989999999999952   7.4866084557618944E+00   3.7460179596795222E+00
     237.0010000000000048   7.4866535146111080E+00   3.7459935965463020E+00
     240.0000000000000000   7.5494129466859841E+00   3.7198008199433588E+00
     250.0000000000000000   7.7548521261841064E+00   3.6422183617656136E+00
     260.0000000000000000   7.9593041926311514E+00   3.5689950821647436E+00
     270.0000000000000000   8.1628100097711780E+00   3.4997583983279288E+00
     280.0000000000000000   8.3695357147453855E+00   3.4259087042059506E+00
     290.0000000000000000   8.5711250330689790E+00   3.3640326145700516E+00
     300.0000000000000000   8.7757876554107188E+00   3.2976064235665747E+00
     310.0000000000000000   8.9756226853289292E+00   3.2419382891706361E+00
     320.0000000000000000   9.1783880893759555E+00   3.1818162946767492E+00
     330.0000000000000000   9.3802217277974016E+00   3.1246199560484853E+00
     340.0000000000000000   9.5811602414147963E+00   3.0701315104144271E+00
     350.0000000000000000   9.7812382960717290E+00   3.0181546015565694E+00
     360.0000000000000000   9.9804886702942301E+00   2.9685117125467912E+00
     370.0000000000000000   1.0182286859502090E+01   2.9150605170055388E+00
     380.0000000000000000   1.0379899052980525E+01   2.8698003317449374E+00
     390.0000000000000000   1.0576772782150668E+01   2.8264242487784577E+00
     398.9990000000000236   1.0755545503243951E+01   2.7850612733459230E+00
     399.0009999999999764   1.0755586577728410E+01   2.7850498147312681E+00
     400.0000000000000000   1.0776099396166533E+01   2.7793389403639543E+00
     410.0000000000000000   1.0971502381651998E+01   2.7395343714421827E+00
     415.9990000000000236   1.1090872644726746E+01   2.7122159080670749E+00
     416.0009999999999764   1.1090913428845889E+01   2.7122051664811191E+00
     420.0000000000000000   1.1169303806269975E+01   2.6960957373148684E+00
     430.0000000000000000   1.1366362954558756E+01   2.6543805601255976E+00
     440.0000000000000000   1.1559705427982745E+01   2.6192066675218433E+00
     450.0000000000000000   1.1755378773571469E+01   2.5805148519449665E+00
     460.0000000000000000   1.1950374048722061E+01   2.5432638178727260E+00
     470.0000000000000000   1.2144710372420056E+01   2.5073723287149452E+00
     480.0000000000000000   1.2338406818814159E+01   2.4727640163033464E+00
     490.0000000000000000   1.2528685462396362E+01   2.4437300708143694E+00
     500.0000000000000000   1.2721188456905070E+01   2.4113852434783141E+00
     510.0000000000000000   1.2913102830712939E+01   2.3801320288506136E+00
     510.9989999999999668   1.2932785523291393E+01   2.3762364626032291E+00
     511.0009999999999195   1.2932824922106194E+01   2.3762286777291335E+00
     520.0000000000000000   1.3104444344151768E+01   2.3499138758858478E+00
     530.0000000000000000   1.3297894505357293E+01   2.3166783238500308E+00
     540.0000000000000000   1.3488102474973003E+01   2.2884581157535937E+00
     550.0000000000000000   1.3677780757271494E+01   2.2611228808028541E+00
     560.0000000000000000   1.3866942532083476E+01   2.2346301668486284E+00
     570.0000000000000000   1.4055600516828809E+01   2.2089401540712106E+00
     580.0000000000000000   1.4246304254530809E+01   2.1803886601033478E+00
     590.0000000000000000   1.4433960641150986E+01   2.1562600131358924E+00
     600.0000000000000000   1.4621148050054710E+01   2.1328274253090247E+00
     610.0000000000000000   1.4807876601576780E+01   2.1100611662532422E+00
     620.0000000000000000   1.4996595670061421E+01   2.0845592765789509E+00
     630.0000000000000000   1.5182412199308539E+01   2.0630911660106195E+00
     640.0000000000000000   1.5370195438343574E+01   2.0389566525370948E+00
     650.0000000000000000   1.5555136403110460E+01   2.0186803273835077E+00
     660.0000000000000000   1.5742028136239991E+01   1.9957926680119373E+00
     670.0000000000000000   1.5926126700167670E+01   1.9766146147966555E+00
     680.0000000000000000   1.6112163129958034E+01   1.9548732478345341E+00
     690.0000000000000000   1.6295453798846570E+01   1.9367053914933579E+00
     700.0000000000000000   1.6480665868402514E+01   1.9160241145349519E+00
     710.0000000000000000   1.6663182014044562E+01   1.8987862101687034E+00
     720.0000000000000000   1.6847598516546437E+01   1.8790878793591386E+00
     730.0000000000000000   1.7029372295984256E+01   1.8627067426510877E+00
     740.0000000000000000   1.7213019556709380E+01   1.8439227798757230E+00
     750.0000000000000000   1.7396297051029109E+01   1.8255812051026548E+00
     760.0000000000000000   1.7576985418701636E+01   1.8103991133308170E+00
     770.0000000000000000   1.7759535058120694E+01   1.7928742151787025E+00
     780.0000000000000000   1.7941727633661294E+01   1.7757535087614185E+00
     790.0000000000000000   1.8121392961448944E+01   1.7616389621802913E+00
     800.0000000000000000   1.8302895984687964E+01   1.7452500966198943E+00
     810.0000000000000000   1.8484059584305260E+01   1.7292252548225411E+00
     820.0000000000000000   1.8664881039445024E+01   1.7135616053551359E+00
     830.0000000000000000   1.8843258966353797E+01   1.7007090699411425E+00
     840.0000000000000000   1.9023443067132074E+01   1.6856737771372792E+00
     850.0000000000000000   1.9203306654850650E+01   1.6709594242772265E+00
     860.0000000000000000   1.9382850057982267E+01   1.6565607946872398E+00
     870.0000000000000000   1.9562078384193402E+01   1.6424674107338608E+00
     880.0000000000000000   1.9741002053478841E+01   1.6286631176171393E+00
     890.0000000000000000   1.9917604635083421E+01   1.6174053320154105E+00
     900.0000000000000000   2.0095952220648559E+01   1.6041127366123751E+00
     910.0000000000000000   2.0274005325954839E+01   1.5910874667861561E+00
     920.0000000000000000   2.0451767697971452E+01   1.5783219417952750E+00
     930.0000000000000000   2.0629244030672883E+01   1.5658077207097183E+00
     940.0000000000000000   2.0806440000762532E+01   1.5535355130090978E+00
     950.0000000000000000   2.0983361621443574E+01   1.5414959406326056E+00
     960.0000000000000000   2.1160013935841359E+01   1.5296809185953257E+00
     970.0000000000000000   2.1336400613442738E+01   1.5180840122872923E+00
     980.0000000000000000   2.1512524553389962E+01   1.5066997475979165E+00
     990.0000000000000000   2.1688388556694651E+01   1.4955228845327204E+00
    1000.0000000000000000   2.1863995596037800E+01   1.4845481318974973E+00
    1100.0000000000000000   2.3606619412838839E+01   1.3848042469637589E+00
    1200.0000000000000000   2.5328600025129255E+01   1.2985662654244068E+00
    1300.0000000000000000   2.7032173747710843E+01   1.2229369989612655E+00
    1400.0000000000000000   2.8719201188600728E+01   1.1557888885503322E+00
    1500.0000000000000000   3.0389530018823546E+01   1.0969212278726894E+00
    1600.0000000000000000   3.2046131191371501E+01   1.0436636765282421E+00
    1700.0000000000000000   3.3687162144645711E+01   9.9730504070910697E-01
    1800.0000000000000000   3.5318215026275922E+01   9.5354624706483604E-01
    1843.9990000000000236   3.6030847133303787E+01   9.3647299835250497E-01
    1844.0009999999999764   3.6030879609694743E+01   9.3647214101321730E-01
    1900.0000000000000000   3.6935666986106540E+01   9.1505521142153889E-01
    2000.0000000000000000   3.8543084576294547E+01   8.7927416682559223E-01
    2100.0000000000000000   4.0139975620654980E+01   8.4658912168554279E-01
    2200.0000000000000000   4.1728472514259806E+01   8.1565957914102016E-01
    2300.0000000000000000   4.3305867587072946E+01   7.8823235968703409E-01
    2400.0000000000000000   4.4875924799808999E+01   7.6200886549854840E-01
    2475.9989999999997963   4.6063291083634240E+01   7.4348550689224091E-01
    2476.0010000000002037   4.6063322218019685E+01   7.4348505370227502E-01
    2500.0000000000000000   4.6437284734503187E+01   7.3785722465668035E-01
    2526.9989999999997963   4.6857412974308872E+01   7.3165038250972092E-01
    2527.0010000000002037   4.6857444130314434E+01   7.3164989261853186E-01
    2600.0000000000000000   4.7990700151569570E+01   7.1538906602856789E-01
    2631.9989999999997963   4.8486524205642674E+01   7.0832242844968096E-01
    2632.0010000000002037   4.8486555483751779E+01   7.0832182724580761E-01
    2700.0000000000000000   4.9536560299883483E+01   6.9442622588817926E-01
    2800.0000000000000000   5.1074748821632063E+01   6.7503819636222584E-01
    2871.9989999999997963   5.2179039322743137E+01   6.6125956821731113E-01
    2872.0010000000002037   5.2179070010234547E+01   6.6125916071721280E-01
    2900.0000000000000000   5.2607325010869779E+01   6.5619437721999463E-01
    3000.0000000000000000   5.4132206145623798E+01   6.3905071167539618E-01
    3100.0000000000000000   5.5652305103588610E+01   6.2214970533681191E-01
    3200.0000000000000000   5.7165077935253024E+01   6.0675209266291052E-01
    3300.0000000000000000   5.8672972971676515E+01   5.9178577949253552E-01
    3400.0000000000000000   6.0174992753027482E+01   5.7771444868639166E-01
    3500.0000000000000000   6.1670980979361381E+01   5.6462462612045927E-01
    3600.0000000000000000   6.3161917937060785E+01   5.5212078786393859E-01
    3700.0000000000000000   6.4648632964399042E+01   5.3990794264833419E-01
    3800.0000000000000000   6.6130265660876205E+01   5.2828796603982431E-01
    3900.0000000000000000   6.7606192471357332E+01   5.1763835700593641E-01
    4000.0000000000000000   6.9078259869285972E+01   5.0719529373630989E-01
    4100.0000000000000000   7.0546648417423867E+01   4.9690805585375936E-01
    4200.0000000000000000   7.2009882096059357E+01   4.8734304723805522E-01
    4300.0000000000000000   7.3468380821763191E+01   4.7844544659853727E-01
    4400.0000000000000000   7.4925674606748274E+01   4.6883418250960279E-01
    4500.0000000000000000   7.6375559137771432E+01   4.6086181489384198E-01
    4600.0000000000000000   7.7823711049661242E+01   4.5249710569332058E-01
    4700.0000000000000000   7.9265785831925072E+01   4.4516987673960901E-01
    4800.0000000000000000   8.0706719973977371E+01   4.3734610718099293E-01
    4900.0000000000000000   8.2144243035132689E+01   4.2975858136678852E-01
    5000.0000000000000000   8.3577837205609001E+01   4.2258528530924383E-01
    5100.0000000000000000   8.5007654963890445E+01   4.1578949011649330E-01
    5200.0000000000000000   8.6433776756227786E+01   4.0935869208252662E-01
    5300.0000000000000000   8.7856391923914416E+01   4.0324198532813516E-01
    5400.0000000000000000   8.9275063129292590E+01   3.9757477611949393E-01
    5500.0000000000000000   9.0694196991981229E+01   3.9103357772508840E-01
    5600.0000000000000000   9.2108609375730111E+01   3.8520140229959615E-01
    5700.0000000000000000   9.3517712159876339E+01   3.8020071739480171E-01
    5800.0000000000000000   9.4928196064278268E+01   3.7416929225546330E-01
    5900.0000000000000000   9.6330890247051101E+01   3.6974909956504148E-01
    6000.0000000000000000   9.7736264670934929E+01   3.6398217104042152E-01
    6100.0000000000000000   9.9137705164357271E+01   3.5867538780150049E-01
    6200.0000000000000000   1.0053077255965988E+02   3.5504467804457063E-01
    6300.0000000000000000   1.0192789815587328E+02   3.4978917064407833E-01
    6400.0000000000000000   1.0332071007230917E+02   3.4518789019489599E-01
    6500.0000000000000000   1.0471071786152451E+02   3.4065217117635321E-01
    6600.0000000000000000   1.0609944713493616E+02   3.3609753869061965E-01
    6700.0000000000000000   1.0748415565044918E+02   3.3196172716434375E-01
    6800.0000000000000000   1.0886708937297099E+02   3.2784448385432946E-01
    6900.0000000000000000   1.1024674854702540E+02   3.2408955665282679E-01
    7000.0000000000000000   1.1162402497186488E+02   3.2040936696210925E-01
    7100.0000000000000000   1.1299959884980497E+02   3.1674287918113592E-01
    7200.0000000000000000   1.1437155013894646E+02   3.1348280818984459E-01
    7300.0000000000000000   1.1574131178738733E+02   3.1026588967833524E-01
    7400.0000000000000000   1.1711571785227747E+02   3.0565302262859684E-01
    7500.0000000000000000   1.1848051779404052E+02   3.0273560070186772E-01
    7600.0000000000000000   1.1984461075158607E+02   2.9979330000257465E-01
    7700.0000000000000000   1.2121084379023428E+02   2.9575914093345657E-01
    7800.0000000000000000   1.2256993018166069E+02   2.9304060067519572E-01
    7900.0000000000000000   1.2392728681474659E+02   2.9048139904135473E-01
    8000.0000000000000000   1.2528677744234068E+02   2.8690758999808458E-01
    8100.0000000000000000   1.2663906238213175E+02   2.8453374764818684E-01
    8200.0000000000000000   1.2799580499244023E+02   2.8108264194327326E-01
    8300.0000000000000000   1.2934573755830050E+02   2.7864183028245920E-01
    8400.0000000000000000   1.3069718367117159E+02   2.7541173518852508E-01
    8500.0000000000000000   1.3204671577225869E+02   2.7231612749461492E-01
    8600.0000000000000000   1.3338880792110447E+02   2.7065587887434123E-01
    8700.0000000000000000   1.3473655164446490E+02   2.6754162524186836E-01
    8800.0000000000000000   1.3608163551291676E+02   2.6442374919771255E-01
    8900.0000000000000000   1.3741558141647178E+02   2.6332301603616276E-01
    9000.0000000000000000   1.3875887148807186E+02   2.6003677268945541E-01
    9100.0000000000000000   1.4009647658260059E+02   2.5773398020886323E-01
    9200.0000000000000000   1.4143562733059574E+02   2.5489187320243145E-01
    9300.0000000000000000   1.4276866261932653E+02   2.5300851365525401E-01
    9400.0000000000000000   1.4409779557860699E+02   2.5149889442793860E-01
    9500.0000000000000000   1.4543164468713906E+02   2.4875716458590372E-01
    9600.0000000000000000   1.4676256840189046E+02   2.4639030711292445E-01
    9700.0000000000000000   1.4809086348714433E+02   2.4420644710592404E-01
    9800.0000000000000000   1.4941655359832041E+02   2.4227950855690267E-01
    9900.0000000000000000   1.5074152491016446E+02   2.4025741039645335E-01
   10000.0000000000000000   1.5206550024249262E+02   2.3820116291002486E-01
   11000.0000000000000000   1.6523125560097654E+02   2.1926907294483697E-01
   12000.0000000000000000   1.7826085496390726E+02   2.0419659428091913E-01
   13000.0000000000000000   1.9117556083926064E+02   1.9102387813466773E-01
   14000.0000000000000000   2.0398919074974458E+02   1.7901158442424212E-01
   15000.0000000000000000   2.1669990796538215E+02   1.6898043494084278E-01
   16000.0000000000000000   2.2932816654983520E+02   1.6015534396684927E-01
   17000.0000000000000000   2.4186702900185642E+02   1.5209136488334829E-01
   18000.0000000000000000   2.5432943523519484E+02   1.4565871880034237E-01
   19000.0000000000000000   2.6673211729091605E+02   1.3804176328838894E-01
   20000.0000000000000000   2.7906208938628737E+02   1.3227113655542344E-01
   20005.9989999999997963   2.7913735081617824E+02   1.3207302698264461E-01
   20006.0010000000002037   2.7913737584634458E+02   1.3207297272529114E-01
   21000.0000000000000000   2.9131877134815926E+02   1.2789413463537522E-01
   22000.0000000000000000   3.0353401363557401E+02   1.2174295526286875E-01
   23000.0000000000000000   3.1567206205852773E+02   1.1697075768871412E-01
   24000.0000000000000000   3.2777558835750830E+02   1.1302532529156882E-01
   25000.0000000000000000   3.3981652579592577E+02   1.0994951578937542E-01
   26000.0000000000000000   3.5181649874837524E+02   1.0635562490789198E-01
   27000.0000000000000000   3.6377237370471494E+02   1.0210539792281972E-01
   28000.0000000000000000   3.7565749074012223E+02   9.9441641674230682E-02
   29000.0000000000000000   3.8753250592326606E+02   9.6980208802030565E-02
   30000.0000000000000000   3.9935634057195580E+02   9.3115682394811966E-02
   31000.0000000000000000   4.1116204260267142E+02   9.0624739128233753E-02
   32000.0000000000000000   4.2289167144421697E+02   8.8225602253185251E-02
   33000.0000000000000000   4.3457205128601646E+02   8.7093725155867871E-02
   34000.0000000000000000   4.4624574662364211E+02   8.4908810417748601E-02
   35000.0000000000000000   4.5790963853149316E+02   8.1494333024751703E-02
   36000.0000000000000000   4.6951640734197252E+02   8.0565030874117677E-02
   37000.0000000000000000   4.8112208501025918E+02   7.9005987746933001E-02
   38000.0000000000000000   4.9269123406153301E+02   7.5777666438563304E-02
   39000.0000000000000000   5.0416953070935165E+02   7.4164709356944289E-02
   40000.0000000000000000   5.1571922280509057E+02   7.2341102959568637E-02
   41000.0000000000000000   5.2714479482398360E+02   7.0628809427147721E-02
   42000.0000000000000000   5.3860999992316067E+02   7.0069713791830607E-02
   43000.0000000000000000   5.4997646742081611E+02   6.7966488169345751E-02
   44000.0000000000000000   5.6141635190550551E+02   6.6363030051360211E-02
   45000.0000000000000000   5.7278629110935560E+02   6.5505594695211902E-02
   46000.0000000000000000   5.8407531914993945E+02   6.4155336765928606E-02
   47000.0000000000000000   5.9536297755760665E+02   6.3757139798189880E-02
   48000.0000000000000000   6.0669890133295519E+02   6.2029034694598986E-02
   49000.0000000000000000   6.1797430082021867E+02   6.1531526677336405E-02
   50000.0000000000000000   6.2925447888677411E+02   5.9606468295365797E-02
