       0.1000000000000000   2.9871442538896133E+01   9.7525179868111669E-04
       0.2000000000000000   2.6284306892504681E+01   1.9068592433598196E-03
       0.3000000000000000   2.5086258089310320E+01   2.8325761907325936E-03
       0.4000000000000000   2.4623428891163037E+01   3.7169058815914474E-03
       0.5000000000000000   2.4384479469073664E+01   4.5914670215974262E-03
       0.6000000000000000   2.4253012268693322E+01   5.4580039827913504E-03
       0.7000000000000000   2.4183482610380135E+01   6.3181178506030696E-03
       0.7999999999999999   2.4150919670646349E+01   7.1729376319368274E-03
       0.8999999999999999   2.4143765294631805E+01   8.0211672924208333E-03
       0.9999999999999999   2.4151096932322115E+01   8.8662313424996281E-03
       2.0000000000000000   2.4459190320141655E+01   1.7174599461304174E-02
       3.0000000000000000   2.4712333710928529E+01   2.5466846337572159E-02
       4.0000000000000000   2.4815074958646225E+01   3.3954593821284552E-02
       5.0000000000000000   2.4786531797540484E+01   4.2769610809020080E-02
       6.0000000000000000   2.4654170322275792E+01   5.2003984241359213E-02
       7.0000000000000000   2.4442402181464644E+01   6.1722111399977873E-02
       8.0000000000000000   2.4169673598169673E+01   7.1976212793891381E-02
       9.0000000000000000   2.3850405985879600E+01   8.2810286105349892E-02
      10.0000000000000000   2.3495550273716070E+01   9.4264629071582479E-02
      11.0000000000000000   2.3113798736161311E+01   1.0637635392238211E-01
      12.0000000000000000   2.2711907928945287E+01   1.1918110301998656E-01
      13.0000000000000000   2.2295278216435488E+01   1.3271433752966796E-01
      14.0000000000000000   2.1867978010500096E+01   1.4701360815507200E-01
      15.0000000000000000   2.1433248031699378E+01   1.6211822475664348E-01
      16.0000000000000000   2.0993685138047724E+01   1.7806940283595943E-01
      17.0000000000000000   2.0551240775876344E+01   1.9491249087645038E-01
      18.0000000000000000   2.0107485604939061E+01   2.1269634390265307E-01
      19.0000000000000000   1.9663596503945442E+01   2.3147449802752806E-01
      20.0000000000000000   1.9220474183214293E+01   2.5130605806737788E-01
      21.0000000000000000   1.8778783124141896E+01   2.7225624591135467E-01
      22.0000000000000000   1.8339029968427695E+01   2.9439669657803880E-01
      23.0000000000000000   1.7901571566261417E+01   3.1780667459403228E-01
      24.0000000000000000   1.7466641525995424E+01   3.4257423207987991E-01
      25.0000000000000000   1.7034396468498077E+01   3.6879661087623583E-01
      26.0000000000000000   1.6604928407467142E+01   3.9658143731537654E-01
      27.0000000000000000   1.6178283121471040E+01   4.2604777190963172E-01
      28.0000000000000000   1.5754478207306107E+01   4.5732718237631659E-01
      29.0000000000000000   1.5333511761619535E+01   4.9056500489702926E-01
      30.0000000000000000   1.4915381785820950E+01   5.2592141194581210E-01
      31.0000000000000000   1.4500092173976084E+01   5.6357262835598432E-01
      32.0000000000000000   1.4087671891432251E+01   6.0371175253564102E-01
      33.0000000000000000   1.3678179915718022E+01   6.4654968248785782E-01
      34.0000000000000000   1.3271723766523838E+01   6.9231525442919950E-01
      35.0000000000000000   1.2868471428223227E+01   7.4125485319989937E-01
      36.0000000000000000   1.2468667317067874E+01   7.9363093427687703E-01
      37.0000000000000000   1.2072648602833938E+01   8.4971905661464109E-01
      38.0000000000000000   1.1680862601899236E+01   9.0980286764879081E-01
      39.0000000000000000   1.1293883451868515E+01   9.7416641272985527E-01
      40.0000000000000000   1.0912428084845184E+01   1.0430830923406231E+00
      41.0000000000000000   1.0537366918754444E+01   1.1168007947044676E+00
      41.9990000000000023   1.0170091615829627E+01   1.1954416441568929E+00
      42.0000000000000000   1.0169728065026096E+01   1.1955229181664764E+00
      42.0009999999999977   1.0169364522812375E+01   1.1956041973244549E+00
      43.0000000000000000   9.8106898114388734E+00   1.2793857710962224E+00
      44.0000000000000000   9.4615575921260202E+00   1.3684336646535569E+00
      44.9990000000000023   9.1240536691757423E+00   1.4624976996931134E+00
      45.0000000000000000   9.1237219487478196E+00   1.4625943567335111E+00
      45.0009999999999977   9.1233902410357484E+00   1.4626910186898352E+00
      46.0000000000000000   8.7985978961399667E+00   1.5616583575652954E+00
      47.0000000000000000   8.4875480083466588E+00   1.6652664673173656E+00
      48.0000000000000000   8.1917977357357774E+00   1.7729093073185478E+00
      49.0000000000000000   7.9123544118032019E+00   1.8839409793662987E+00
      50.0000000000000000   7.6499424419240585E+00   1.9976063119032439E+00
      51.0000000000000000   7.4049646245068610E+00   2.1130783396095727E+00
      52.0000000000000000   7.1774942269546598E+00   2.2295006608008769E+00
      53.0000000000000000   6.9672958846253952E+00   2.3460288247964343E+00
      54.0000000000000000   6.7738686406594155E+00   2.4618658655384338E+00
      55.0000000000000000   6.5965017575444156E+00   2.5762890002895369E+00
      56.0000000000000000   6.4343343298870801E+00   2.6886665615324126E+00
      57.0000000000000000   6.2864116327759039E+00   2.7984657375464690E+00
      58.0000000000000000   6.1517332807630130E+00   2.9052532519784302E+00
      59.0000000000000000   6.0292921563279798E+00   3.0086903894008348E+00
      60.0000000000000000   5.9181034758821358E+00   3.1085246000393316E+00
      61.0000000000000000   5.8172244526628596E+00   3.2045796899879226E+00
      62.0000000000000000   5.7257672507743118E+00   3.2967450072177304E+00
      63.0000000000000000   5.6429059073540815E+00   3.3849650674292242E+00
      64.0000000000000000   5.5678790693227134E+00   3.4692298696306625E+00
      65.0000000000000000   5.4999897798599511E+00   3.5495662068696219E+00
      66.0000000000000000   5.4386032760453862E+00   3.6260300728295904E+00
      67.0000000000000000   5.3831435638281553E+00   3.6987001586001411E+00
      67.9989999999999952   5.3331368323784014E+00   3.7676052115965235E+00
      68.0000000000000000   5.3330893174159009E+00   3.7676723720025782E+00
      68.0010000000000048   5.3330418073839638E+00   3.7677395288186024E+00
      69.0000000000000000   5.2879694836209046E+00   3.8330552799012376E+00
      70.0000000000000000   5.2473588525742088E+00   3.8949663609885312E+00
      71.0000000000000000   5.2108737604652760E+00   3.9535289574812782E+00
      72.0000000000000000   5.1781680291279484E+00   4.0088698191911316E+00
      73.0000000000000000   5.1489291929188239E+00   4.0611171452419788E+00
      74.0000000000000000   5.1228750394053657E+00   4.1103990392872864E+00
      75.0000000000000000   5.0997504553005246E+00   4.1568423165721757E+00
      76.0000000000000000   5.0793246377112817E+00   4.2005715372149650E+00
      77.0000000000000000   5.0613884774610245E+00   4.2417083747979687E+00
      78.0000000000000000   5.0457523295538680E+00   4.2803710617775472E+00
      79.0000000000000000   5.0322439688076148E+00   4.3166740379710911E+00
      80.0000000000000000   5.0207067795266918E+00   4.3507277074855901E+00
      81.0000000000000000   5.0109981442080960E+00   4.3826382907032393E+00
      82.0000000000000000   5.0029880116843151E+00   4.4125077514701578E+00
      83.0000000000000000   4.9965576225904336E+00   4.4404337832127823E+00
      84.0000000000000000   4.9915983752782918E+00   4.4665098409841777E+00
      85.0000000000000000   4.9880108187512819E+00   4.4908252085119118E+00
      86.0000000000000000   4.9857037544648151E+00   4.5134650917953270E+00
      87.0000000000000000   4.9845934352093204E+00   4.5345107338461670E+00
      88.0000000000000000   4.9846028582553163E+00   4.5540395351889442E+00
      89.0000000000000000   4.9856611184925752E+00   4.5721252002606683E+00
      90.0000000000000000   4.9877028454022287E+00   4.5888378732630386E+00
      91.0000000000000000   4.9906676928129547E+00   4.6042442853775256E+00
      92.0000000000000000   4.9944998823702074E+00   4.6184079012492596E+00
      93.0000000000000000   4.9991477942661451E+00   4.6313890646639839E+00
      94.0000000000000000   5.0045635996730091E+00   4.6432451421056316E+00
      95.0000000000000000   5.0107029301751753E+00   4.6540306631981938E+00
      96.0000000000000000   5.0175245801307229E+00   4.6637974572942067E+00
      97.0000000000000000   5.0249902383053060E+00   4.6725947856793306E+00
      98.0000000000000000   5.0330642453520342E+00   4.6804694690478303E+00
      99.0000000000000000   5.0417133757952888E+00   4.6874660099021517E+00
     100.0000000000000000   5.0509066381708356E+00   4.6936267100376217E+00
     103.9989999999999952   5.0925584907358052E+00   4.7106833850014693E+00
     104.0010000000000048   5.0925811121174789E+00   4.7106891210407111E+00
     110.0000000000000000   5.1672313891278918E+00   4.7172048928022727E+00
     120.0000000000000000   5.3152280839446977E+00   4.6910918668772679E+00
     130.0000000000000000   5.4831838791977825E+00   4.6345882178569475E+00
     140.0000000000000000   5.6642299056556551E+00   4.5597356850477873E+00
     150.0000000000000000   5.8462987059507476E+00   4.4946199786665320E+00
     153.9989999999999952   5.9293315475844599E+00   4.4484212401757315E+00
     154.0010000000000048   5.9293810544711265E+00   4.4483809948673949E+00
     160.0000000000000000   6.0463069799838154E+00   4.3978582439289271E+00
     167.9989999999999952   6.2054783398692468E+00   4.3268730055648055E+00
     168.0010000000000048   6.2055271132456857E+00   4.3268361444021073E+00
     169.9989999999999952   6.2471234278917072E+00   4.3056892944248597E+00
     170.0000000000000000   6.2471477688211792E+00   4.3056711107225674E+00
     170.0010000000000048   6.2471721082989315E+00   4.3056529293680326E+00
     180.0000000000000000   6.4485084400178447E+00   4.2179831490687612E+00
     190.0000000000000000   6.6563423934378578E+00   4.1213549280047275E+00
     200.0000000000000000   6.8635974148361258E+00   4.0305419948856152E+00
     210.0000000000000000   7.0702369612030118E+00   3.9450529973331721E+00
     220.0000000000000000   7.2762432619300137E+00   3.8644406713259087E+00
     230.0000000000000000   7.4816109143003438E+00   3.7883005533822107E+00
     231.9989999999999952   7.5276402032562597E+00   3.7632223836973635E+00
     232.0010000000000048   7.5276862283443879E+00   3.7631974721103210E+00
     233.9989999999999952   7.5685617723116474E+00   3.7487715806225812E+00
     234.0010000000000048   7.5686077224565693E+00   3.7487469388747892E+00
     236.9989999999999952   7.6274234633186779E+00   3.7324372585339596E+00
     237.0010000000000048   7.6274692912644575E+00   3.7324129740698324E+00
     240.0000000000000000   7.6912011985655448E+00   3.7063370207039892E+00
     250.0000000000000000   7.8997625169827090E+00   3.6291283172102893E+00
     260.0000000000000000   8.1073355439372712E+00   3.5562562562954110E+00
     270.0000000000000000   8.3139603885367919E+00   3.4873503075404186E+00
     280.0000000000000000   8.5239562715215627E+00   3.4138126715878578E+00
     290.0000000000000000   8.7286534058467691E+00   3.3522315601271111E+00
     300.0000000000000000   8.9365651299984652E+00   3.2860846842461298E+00
     310.0000000000000000   9.1394965007792965E+00   3.2306814637311181E+00
     320.0000000000000000   9.3454906230157562E+00   3.1708111093917610E+00
     330.0000000000000000   9.5505414880794302E+00   3.1138541479612836E+00
     340.0000000000000000   9.7546860849477000E+00   3.0595937254525722E+00
     350.0000000000000000   9.9579594306394643E+00   3.0078343052845868E+00
     360.0000000000000000   1.0160394652988844E+01   2.9583991117119024E+00
     370.0000000000000000   1.0365489004009923E+01   2.9051464903401265E+00
     380.0000000000000000   1.0566263242974156E+01   2.8600763687393096E+00
     390.0000000000000000   1.0766289649459843E+01   2.8168823953404036E+00
     398.9990000000000236   1.0947971697386688E+01   2.7756769214066748E+00
     399.0009999999999764   1.0948013468375942E+01   2.7756654971517829E+00
     400.0000000000000000   1.0968874126215416E+01   2.7699717504511070E+00
     410.0000000000000000   1.1167409214547780E+01   2.7303348638928462E+00
     415.9990000000000236   1.1288743199773661E+01   2.7031138217340627E+00
     416.0009999999999764   1.1288784675009106E+01   2.7031031122436850E+00
     420.0000000000000000   1.1368444462866170E+01   2.6870573572152772E+00
     430.0000000000000000   1.1568725316419629E+01   2.6454971441513635E+00
     440.0000000000000000   1.1765170237277651E+01   2.6104724127687930E+00
     450.0000000000000000   1.1964043410218965E+01   2.5719242878343413E+00
     460.0000000000000000   1.2162227409873942E+01   2.5348117807708230E+00
     470.0000000000000000   1.2359741659230083E+01   2.4990539389567843E+00
     480.0000000000000000   1.2556605554048287E+01   2.4645746573500706E+00
     490.0000000000000000   1.2749941834413480E+01   2.4356653703097693E+00
     500.0000000000000000   1.2945593504622567E+01   2.4034410559986390E+00
     510.0000000000000000   1.3140646924034053E+01   2.3723044201682884E+00
     510.9989999999999668   1.3160661962741377E+01   2.3684202916827459E+00
     511.0009999999999195   1.3160702026807984E+01   2.3684125296697989E+00
     520.0000000000000000   1.3335118120540056E+01   2.3421991085891478E+00
     530.0000000000000000   1.3531783470566051E+01   2.3090728441799495E+00
     540.0000000000000000   1.3725101914177806E+01   2.2809585415354108E+00
     550.0000000000000000   1.3917882045978477E+01   2.2537259903642641E+00
     560.0000000000000000   1.4110137269654198E+01   2.2273328888283395E+00
     570.0000000000000000   1.4301880520303776E+01   2.2017395580330725E+00
     580.0000000000000000   1.4495751175280908E+01   2.1732819478800556E+00
     590.0000000000000000   1.4686475939565794E+01   2.1492445108349014E+00
     600.0000000000000000   1.4876724137338275E+01   2.1259005759202654E+00
     610.0000000000000000   1.5066506049799688E+01   2.1032205228047482E+00
     620.0000000000000000   1.5258357108758076E+01   2.0778024957919454E+00
     630.0000000000000000   1.5447211720709715E+01   2.0564160024106179E+00
     640.0000000000000000   1.5638110365725815E+01   2.0323609529820850E+00
     650.0000000000000000   1.5826074733941587E+01   2.0121620259738133E+00
     660.0000000000000000   1.6016066198509272E+01   1.9893497813501508E+00
     670.0000000000000000   1.6203174018230250E+01   1.9702452375688786E+00
     680.0000000000000000   1.6392295173815583E+01   1.9485755486868728E+00
     690.0000000000000000   1.6578581573079433E+01   1.9304776091802900E+00
     700.0000000000000000   1.6766863887606281E+01   1.9098645543180028E+00
     710.0000000000000000   1.6952362859577626E+01   1.8926932404461387E+00
     720.0000000000000000   1.7139835612498459E+01   1.8730599285088954E+00
     730.0000000000000000   1.7324579928100846E+01   1.8567422960708799E+00
     740.0000000000000000   1.7511269877940347E+01   1.8380203772056265E+00
     750.0000000000000000   1.7697583608733964E+01   1.8197394376166678E+00
     760.0000000000000000   1.7881224151109286E+01   1.8046166214851838E+00
     770.0000000000000000   1.8066797238644295E+01   1.7871496863057048E+00
     780.0000000000000000   1.8252006933673030E+01   1.7700856748983209E+00
     790.0000000000000000   1.8434607279824682E+01   1.7560265980239980E+00
     800.0000000000000000   1.8619115358252078E+01   1.7396920175985766E+00
     810.0000000000000000   1.8803278008496534E+01   1.7237203152762808E+00
     820.0000000000000000   1.8987092323924415E+01   1.7081086968181662E+00
     830.0000000000000000   1.9168383687680276E+01   1.6953071195189611E+00
     840.0000000000000000   1.9351549668306564E+01   1.6803217459722988E+00
     850.0000000000000000   1.9534389439977520E+01   1.6656563060972509E+00
     860.0000000000000000   1.9716903261511103E+01   1.6513056144313583E+00
     870.0000000000000000   1.9899096339397978E+01   1.6372592232508583E+00
     880.0000000000000000   2.0080979379054106E+01   1.6235010064318334E+00
     890.0000000000000000   2.0260465852238664E+01   1.6122884081586650E+00
     900.0000000000000000   2.0441763001698472E+01   1.5990401375108636E+00
     910.0000000000000000   2.0622760423648501E+01   1.5860583552082141E+00
     920.0000000000000000   2.0803461926128318E+01   1.5733355048494677E+00
     930.0000000000000000   2.0983872298749390E+01   1.5608631688929371E+00
     940.0000000000000000   2.1163997349535467E+01   1.5486320793012831E+00
     950.0000000000000000   2.1343843236181829E+01   1.5366328796353457E+00
     960.0000000000000000   2.1523415114138004E+01   1.5248575057117795E+00
     970.0000000000000000   2.1702716719069876E+01   1.5132995429410738E+00
     980.0000000000000000   2.1881750991061118E+01   1.5019535364887198E+00
     990.0000000000000000   2.2060520770081187E+01   1.4908142649266050E+00
    1000.0000000000000000   2.2239029075073482E+01   1.4798764549499204E+00
    1100.0000000000000000   2.4010429671340614E+01   1.3804698189576867E+00
    1200.0000000000000000   2.5760856771623697E+01   1.2945198582217967E+00
    1300.0000000000000000   2.7492583712033358E+01   1.2191397120411294E+00
    1400.0000000000000000   2.9207502208433933E+01   1.1522094118080981E+00
    1500.0000000000000000   3.0905427421844369E+01   1.0935339617091036E+00
    1600.0000000000000000   3.2589409044191186E+01   1.0404474044528367E+00
    1700.0000000000000000   3.4257521810572271E+01   9.9424196944513288E-01
    1800.0000000000000000   3.5915531868477501E+01   9.5062129784899885E-01
    1843.9990000000000236   3.6639918203261516E+01   9.3360462261152011E-01
    1844.0009999999999764   3.6639951217652111E+01   9.3360376778964838E-01
    1900.0000000000000000   3.7559677800097830E+01   9.1225548713467575E-01
    2000.0000000000000000   3.9193634727832389E+01   8.7658854480788972E-01
    2100.0000000000000000   4.0816882101132634E+01   8.4400793807860741E-01
    2200.0000000000000000   4.2431614516753186E+01   8.1317438100001049E-01
    2300.0000000000000000   4.4035023037131850E+01   7.8583570802863134E-01
    2400.0000000000000000   4.5630991195123833E+01   7.5969417715348264E-01
    2475.9989999999997963   4.6837943919984383E+01   7.4122915883589269E-01
    2476.0010000000002037   4.6837975567020976E+01   7.4122870713925171E-01
    2500.0000000000000000   4.7218105865495211E+01   7.3561864405048372E-01
    2526.9989999999997963   4.7645162245738739E+01   7.2943142929997151E-01
    2527.0010000000002037   4.7645193916472778E+01   7.2943094084888349E-01
    2600.0000000000000000   4.8797138524306192E+01   7.1322136030506100E-01
    2631.9989999999997963   4.9301144152766348E+01   7.0617638653722392E-01
    2632.0010000000002037   4.9301175952400420E+01   7.0617578667270386E-01
    2700.0000000000000000   5.0368485382285378E+01   6.9232469842750333E-01
    2800.0000000000000000   5.1932020443999846E+01   6.7299861493192481E-01
    2871.9989999999997963   5.3054523264831651E+01   6.5926219579674483E-01
    2872.0010000000002037   5.3054554459449676E+01   6.5926178944286107E-01
    2900.0000000000000000   5.3489867464776552E+01   6.5421291386895175E-01
    3000.0000000000000000   5.5039868399999484E+01   6.3712389212777598E-01
    3100.0000000000000000   5.6585030177604480E+01   6.2027436612947862E-01
    3200.0000000000000000   5.8122718694534612E+01   6.0492534463885039E-01
    3300.0000000000000000   5.9655461179315679E+01   5.9000497654558504E-01
    3400.0000000000000000   6.1182222883374145E+01   5.7597716087115503E-01
    3500.0000000000000000   6.2702838905271769E+01   5.6292861641165926E-01
    3600.0000000000000000   6.4218319498715417E+01   5.5046399198325791E-01
    3700.0000000000000000   6.5729519032637569E+01   5.3828845148270810E-01
    3800.0000000000000000   6.7235545329121351E+01   5.2670401025949620E-01
    3900.0000000000000000   6.8735751246391473E+01   5.1608829355822761E-01
    4000.0000000000000000   7.0232043054111017E+01   5.0567759394564649E-01
    4100.0000000000000000   7.1724605075967844E+01   4.9542129490277359E-01
    4200.0000000000000000   7.3211909411806289E+01   4.8588589484071565E-01
    4300.0000000000000000   7.4694388083334871E+01   4.7701665870590393E-01
    4400.0000000000000000   7.6175687939118518E+01   4.6743259391322378E-01
    4500.0000000000000000   7.7649394057097012E+01   4.5948633261203625E-01
    4600.0000000000000000   7.9121372300037208E+01   4.5114670304242732E-01
    4700.0000000000000000   8.0587130381930791E+01   4.4384358800632456E-01
    4800.0000000000000000   8.2051769177826074E+01   4.3604302282371721E-01
    4900.0000000000000000   8.3512940383940588E+01   4.2847784368382547E-01
    5000.0000000000000000   8.4970107350273807E+01   4.2132608452009118E-01
    5100.0000000000000000   8.6423426310411671E+01   4.1455106080957443E-01
    5200.0000000000000000   8.7872979104758102E+01   4.0814030998877088E-01
    5300.0000000000000000   8.9318960180702206E+01   4.0204296438498965E-01
    5400.0000000000000000   9.0760916322081982E+01   3.9639446579437276E-01
    5500.0000000000000000   9.2203400884444960E+01   3.8987136057107985E-01
    5600.0000000000000000   9.3641054619417417E+01   3.8405669171951656E-01
    5700.0000000000000000   9.5073268648311014E+01   3.7907295559253162E-01
    5800.0000000000000000   9.6506957110513937E+01   3.7305794835594269E-01
    5900.0000000000000000   9.7932640583937228E+01   3.6865366788644482E-01
    6000.0000000000000000   9.9361139195050072E+01   3.6290216950388288E-01
    6100.0000000000000000   1.0078561605850473E+02   3.5761035646538003E-01
    6200.0000000000000000   1.0220148237395316E+02   3.5399417775168174E-01
    6300.0000000000000000   1.0362158525498241E+02   3.4875278177152258E-01
    6400.0000000000000000   1.0503727140945993E+02   3.4416521149725937E-01
    6500.0000000000000000   1.0645010020053817E+02   3.3964281871397362E-01
    6600.0000000000000000   1.0786164758461678E+02   3.3510114483548548E-01
    6700.0000000000000000   1.0926907873595911E+02   3.3097793967693656E-01
    6800.0000000000000000   1.1067471413920462E+02   3.2687296502538604E-01
    6900.0000000000000000   1.1207700313604740E+02   3.2312998250458980E-01
    7000.0000000000000000   1.1347686672963792E+02   3.1946142650415793E-01
    7100.0000000000000000   1.1487500724820740E+02   3.1580627371635950E-01
    7200.0000000000000000   1.1626943976962161E+02   3.1255725066653228E-01
    7300.0000000000000000   1.1766164460615590E+02   3.0935110408473765E-01
    7400.0000000000000000   1.1905868386223828E+02   3.0474874342664166E-01
    7500.0000000000000000   1.2044582965774437E+02   3.0184157229701225E-01
    7600.0000000000000000   1.2183227832490495E+02   2.9890927624704949E-01
    7700.0000000000000000   1.2322097158988083E+02   2.9488488466039497E-01
    7800.0000000000000000   1.2460231162714184E+02   2.9217588326135757E-01
    7900.0000000000000000   1.2598189599616931E+02   2.8962599999635480E-01
    8000.0000000000000000   1.2736371712116797E+02   2.8606129657821228E-01
    8100.0000000000000000   1.2873812261418209E+02   2.8369635449305630E-01
    8200.0000000000000000   1.3011716524284520E+02   2.8025395073370124E-01
    8300.0000000000000000   1.3148920022890744E+02   2.7782164941808679E-01
    8400.0000000000000000   1.3286282891005075E+02   2.7459987948382619E-01
    8500.0000000000000000   1.3423450874992116E+02   2.7151241789203984E-01
    8600.0000000000000000   1.3559852879025897E+02   2.6986014217344523E-01
    8700.0000000000000000   1.3696841751836774E+02   2.6675369384335851E-01
    8800.0000000000000000   1.3833558543518785E+02   2.6364346086143592E-01
    8900.0000000000000000   1.3969127091732690E+02   2.6255021365212744E-01
    9000.0000000000000000   1.4105663978206857E+02   2.5927130406104815E-01
    9100.0000000000000000   1.4241616059422259E+02   2.5697569784748625E-01
    9200.0000000000000000   1.4377730507459842E+02   2.5414063413284393E-01
    9300.0000000000000000   1.4513215597892579E+02   2.5226417923094663E-01
    9400.0000000000000000   1.4648300002071349E+02   2.5076133015592911E-01
    9500.0000000000000000   1.4783874302558593E+02   2.4802623996037515E-01
    9600.0000000000000000   1.4919148804552532E+02   2.4566589545717607E-01
    9700.0000000000000000   1.5054154144600147E+02   2.4348842542213681E-01
    9800.0000000000000000   1.5188892737512538E+02   2.4156775738325831E-01
    9900.0000000000000000   1.5323559464926146E+02   2.3955181367117703E-01
   10000.0000000000000000   1.5458125654085165E+02   2.3750160784195185E-01
   11000.0000000000000000   1.6796265882999259E+02   2.1862436925898002E-01
   12000.0000000000000000   1.8120546527998246E+02   2.0359829803374355E-01
   13000.0000000000000000   1.9433143835290366E+02   1.9046539072164004E-01
   14000.0000000000000000   2.0735468237745354E+02   1.7848764669281511E-01
   15000.0000000000000000   2.2027315387835694E+02   1.6848678442190035E-01
   16000.0000000000000000   2.3310786308201790E+02   1.5968847572590053E-01
   17000.0000000000000000   2.4585153493451730E+02   1.5164836041890165E-01
   18000.0000000000000000   2.5851744645409855E+02   1.4523712092638993E-01
   19000.0000000000000000   2.7112280357867087E+02   1.3763948287574307E-01
   20000.0000000000000000   2.8365411723797251E+02   1.3188638183451140E-01
   20005.9989999999997963   2.8373063257376231E+02   1.3168837250523160E-01
   20006.0010000000002037   2.8373065801994272E+02   1.3168831828128907E-01
   21000.0000000000000000   2.9611072419894492E+02   1.2752535678956248E-01
   22000.0000000000000000   3.0852547409015870E+02   1.2138880598993616E-01
   23000.0000000000000000   3.2086137542421648E+02   1.1663005569284257E-01
   24000.0000000000000000   3.3316246807894521E+02   1.1269702953346968E-01
   25000.0000000000000000   3.4539971264118617E+02   1.0963270391628210E-01
   26000.0000000000000000   3.5759541147160013E+02   1.0604947570015978E-01
   27000.0000000000000000   3.6974629182659407E+02   1.0180917688846096E-01
   28000.0000000000000000   3.8182477874658883E+02   9.9154689134844418E-02
   29000.0000000000000000   3.9389350662525118E+02   9.6701929968398256E-02
   30000.0000000000000000   4.0591000918509116E+02   9.2845539044798323E-02
   31000.0000000000000000   4.1790840237472401E+02   9.0362242585084282E-02
   32000.0000000000000000   4.2982880492307407E+02   8.7970307426840658E-02
   33000.0000000000000000   4.4169890684733269E+02   8.6845225459112302E-02
   34000.0000000000000000   4.5356265954561331E+02   8.4666733406867048E-02
   35000.0000000000000000   4.6541682116173399E+02   8.1258336643750748E-02
   36000.0000000000000000   4.7721248957292556E+02   8.0334800204546683E-02
   37000.0000000000000000   4.8900753184426009E+02   7.8781232183453662E-02
   38000.0000000000000000   5.0076532317133837E+02   7.5558117224793428E-02
   39000.0000000000000000   5.1242973007361036E+02   7.3950117427587211E-02
   40000.0000000000000000   5.2416834662553993E+02   7.2131237044074481E-02
   41000.0000000000000000   5.3577918492468166E+02   7.0423454377621500E-02
   42000.0000000000000000   5.4743139455505059E+02   6.9868669103977557E-02
   43000.0000000000000000   5.5898202303663061E+02   6.7769566670210182E-02
   44000.0000000000000000   5.7060889806030912E+02   6.6170056731697180E-02
   45000.0000000000000000   5.8216391287788917E+02   6.5316405667698904E-02
   46000.0000000000000000   5.9363572989374620E+02   6.3969778333224411E-02
   47000.0000000000000000   6.0510650663420552E+02   6.3575067617172604E-02
   48000.0000000000000000   6.1662750613569153E+02   6.1850313025067855E-02
   49000.0000000000000000   6.2808633974447685E+02   6.1356027705095705E-02
   50000.0000000000000000   6.3955045657388291E+02   5.9434071520992102E-02
