       0.1000000000000000   3.5794564347610873E+01   8.1409426636324528E-04
       0.2000000000000000   3.1464484505986590E+01   1.5940518488656633E-03
       0.3000000000000000   3.0000041662029073E+01   2.3714160505959917E-03
       0.4000000000000000   2.9417642280713643E+01   3.1162886187502043E-03
       0.5000000000000000   2.9103746897174663E+01   3.8550987250260968E-03
       0.6000000000000000   2.8918774022448705E+01   4.5892613200528252E-03
       0.7000000000000000   2.8808047132962546E+01   5.3200863877669053E-03
       0.7999999999999999   2.8741621253173232E+01   6.0484900619462694E-03
       0.8999999999999999   2.8705665648992472E+01   6.7733419187070518E-03
       0.9999999999999999   2.8687051504163364E+01   7.4975076995061627E-03
       2.0000000000000000   2.8784134446411954E+01   1.4723068932144675E-02
       3.0000000000000000   2.8823775001186476E+01   2.2114073599179350E-02
       4.0000000000000000   2.8697152923353041E+01   2.9841411252254924E-02
       5.0000000000000000   2.8430632961536340E+01   3.8012699762812387E-02
       6.0000000000000000   2.8058972951818653E+01   4.6703874863973455E-02
       7.0000000000000000   2.7612208977619407E+01   5.5967700074359236E-02
       8.0000000000000000   2.7112546890507605E+01   6.5846735883418189E-02
       9.0000000000000000   2.6576847098973989E+01   7.6376501463019136E-02
      10.0000000000000000   2.6017477406837891E+01   8.7589459604269948E-02
      11.0000000000000000   2.5443854889898539E+01   9.9515493173820094E-02
      12.0000000000000000   2.4862943391780902E+01   1.1218344130734574E-01
      13.0000000000000000   2.4279993310776089E+01   1.2562247775032812E-01
      14.0000000000000000   2.3698652381562876E+01   1.3986424855311319E-01
      15.0000000000000000   2.3121585714144985E+01   1.5494268587170518E-01
      16.0000000000000000   2.2550724873140194E+01   1.7089415209631795E-01
      17.0000000000000000   2.1987296359990427E+01   1.8775961715205577E-01
      18.0000000000000000   2.1432134842234579E+01   2.0558407662914999E-01
      19.0000000000000000   2.0885689297183877E+01   2.2441767294828133E-01
      20.0000000000000000   2.0348154879906843E+01   2.4431656369884183E-01
      21.0000000000000000   1.9819526056776901E+01   2.6534343202165922E-01
      22.0000000000000000   1.9299682798435597E+01   2.8756775539445117E-01
      23.0000000000000000   1.8788399068009998E+01   3.1106697019972274E-01
      24.0000000000000000   1.8285370371704300E+01   3.3592759580415255E-01
      25.0000000000000000   1.7790260810697770E+01   3.6224560142999240E-01
      26.0000000000000000   1.7302713111137511E+01   3.9012756451094810E-01
      27.0000000000000000   1.6822364860084353E+01   4.1969168964993436E-01
      28.0000000000000000   1.6348863955188548E+01   4.5106885378144568E-01
      29.0000000000000000   1.5881874334632567E+01   4.8440383947348825E-01
      30.0000000000000000   1.5421092616798523E+01   5.1985638400728806E-01
      31.0000000000000000   1.4966251385031933E+01   5.5760237315664973E-01
      32.0000000000000000   1.4517135740176375E+01   5.9783464865618074E-01
      33.0000000000000000   1.4073585764007403E+01   6.4076391732516469E-01
      34.0000000000000000   1.3635512761930974E+01   6.8661887957469958E-01
      35.0000000000000000   1.3202909176782008E+01   7.3564582866799899E-01
      36.0000000000000000   1.2775862599550747E+01   7.8810716467052611E-01
      37.0000000000000000   1.2354570326587748E+01   8.4427841998630349E-01
      38.0000000000000000   1.1939355069908123E+01   9.0444323849245289E-01
      39.0000000000000000   1.1530680066963340E+01   9.6888567987923935E-01
      40.0000000000000000   1.1129163444979227E+01   1.0378791732503219E+00
      41.0000000000000000   1.0735587269599524E+01   1.1116716457209890E+00
      41.9990000000000023   1.0351279915076089E+01   1.1903851965155479E+00
      42.0000000000000000   1.0350900023752574E+01   1.1904665423179193E+00
      42.0009999999999977   1.0350520142412291E+01   1.1905478932667406E+00
      43.0000000000000000   9.9762071973660138E+00   1.2744002237081826E+00
      44.0000000000000000   9.6127462704875253E+00   1.3635170567487391E+00
      44.9990000000000023   9.2621867345306548E+00   1.4576481335742102E+00
      45.0000000000000000   9.2618425542757699E+00   1.4577448568271429E+00
      45.0009999999999977   9.2614983879329404E+00   1.4578415849942286E+00
      46.0000000000000000   8.9248465352328648E+00   1.5568741923164946E+00
      47.0000000000000000   8.6030551790291767E+00   1.6605459210596620E+00
      48.0000000000000000   8.2976259534183363E+00   1.7682507209590830E+00
      49.0000000000000000   8.0094952153589389E+00   1.8793427487536558E+00
      50.0000000000000000   7.7393135578580088E+00   1.9930668860252809E+00
      51.0000000000000000   7.4874080028220868E+00   2.1085962186405616E+00
      52.0000000000000000   7.2537754705947197E+00   2.2250743943592721E+00
      53.0000000000000000   7.0381053264848319E+00   2.3416570103148993E+00
      54.0000000000000000   6.8398240291514574E+00   2.4575471467943921E+00
      55.0000000000000000   6.6581523029621437E+00   2.5720220660559470E+00
      56.0000000000000000   6.4921657368921588E+00   2.6844501443579296E+00
      57.0000000000000000   6.3408517199352463E+00   2.7942986125262737E+00
      58.0000000000000000   6.2031578106820815E+00   2.9011342355503529E+00
      59.0000000000000000   6.0780305937206602E+00   3.0046183381127749E+00
      60.0000000000000000   5.9644444631472524E+00   3.1044984093703247E+00
      61.0000000000000000   5.8614208678415514E+00   3.2005982930112045E+00
      62.0000000000000000   5.7680407881780535E+00   3.2928073733256911E+00
      63.0000000000000000   5.6834511564408965E+00   3.3810702010454072E+00
      64.0000000000000000   5.6068671069924223E+00   3.4653768088882231E+00
      65.0000000000000000   5.5375713043470123E+00   3.5457540223215371E+00
      66.0000000000000000   5.4749113249515062E+00   3.6222578661727303E+00
      67.0000000000000000   5.4182958610900869E+00   3.6949670614257957E+00
      67.9989999999999952   5.3672388120552279E+00   3.7639103463191872E+00
      68.0000000000000000   5.3671902939570710E+00   3.7639775445848063E+00
      68.0010000000000048   5.3671417808822417E+00   3.7640447392595822E+00
      69.0000000000000000   5.3211120143161592E+00   3.8293979100140123E+00
      70.0000000000000000   5.2796257485277085E+00   3.8913456627836198E+00
      71.0000000000000000   5.2423390508816849E+00   3.9499441703861304E+00
      72.0000000000000000   5.2088980631425033E+00   4.0053202068668510E+00
      73.0000000000000000   5.1789835877816079E+00   4.0576019945823596E+00
      74.0000000000000000   5.1523074975924903E+00   4.1069176594622938E+00
      75.0000000000000000   5.1286094697799083E+00   4.1533940381088472E+00
      76.0000000000000000   5.1076541021771611E+00   4.1971557111456104E+00
      77.0000000000000000   5.0892282147762309E+00   4.2383243718114425E+00
      78.0000000000000000   5.0731385509621649E+00   4.2770182714353036E+00
      79.0000000000000000   5.0592096735887697E+00   4.3133518679544007E+00
      80.0000000000000000   5.0472821036608959E+00   4.3474355828786475E+00
      81.0000000000000000   5.0372106653054383E+00   4.3793756533104276E+00
      82.0000000000000000   5.0288630160985885E+00   4.4092740591643151E+00
      83.0000000000000000   5.0221183401710245E+00   4.4372285093204091E+00
      84.0000000000000000   5.0168661861371922E+00   4.4633324736905378E+00
      85.0000000000000000   5.0130054356084397E+00   4.4876752503001329E+00
      86.0000000000000000   5.0104433839833664E+00   4.5103420589100462E+00
      87.0000000000000000   5.0090949208885975E+00   4.5314141557824517E+00
      88.0000000000000000   5.0088818076052073E+00   4.5509689542035430E+00
      89.0000000000000000   5.0097320159072307E+00   4.5690801709083626E+00
      90.0000000000000000   5.0115791531301150E+00   4.5858179619502097E+00
      91.0000000000000000   5.0143619410581390E+00   4.6012490699383015E+00
      92.0000000000000000   5.0180237500137137E+00   4.6154369705399363E+00
      93.0000000000000000   5.0225121812949007E+00   4.6284420181753605E+00
      94.0000000000000000   5.0277786922883294E+00   4.6403215895923688E+00
      95.0000000000000000   5.0337782594305542E+00   4.6511302243242607E+00
      96.0000000000000000   5.0404690748328544E+00   4.6609197612936359E+00
      97.0000000000000000   5.0478122728235757E+00   4.6697394710314803E+00
      98.0000000000000000   5.0557716829195591E+00   4.6776361831646653E+00
      99.0000000000000000   5.0643136076919433E+00   4.6846544088356410E+00
     100.0000000000000000   5.0734066194498206E+00   4.6908364581888948E+00
     103.9989999999999952   5.1147194440987480E+00   4.7079753117729126E+00
     104.0010000000000048   5.1147419184108154E+00   4.7079810876821453E+00
     110.0000000000000000   5.1890353337736874E+00   4.7146113302882773E+00
     120.0000000000000000   5.3367250044497352E+00   4.6886688897296320E+00
     130.0000000000000000   5.5046138709965033E+00   4.6323147763465835E+00
     140.0000000000000000   5.6857497946576849E+00   4.5575945369570263E+00
     150.0000000000000000   5.8679867381648645E+00   4.4925834043753996E+00
     153.9989999999999952   5.9511735099397205E+00   4.4464226971312755E+00
     154.0010000000000048   5.9512231536895479E+00   4.4463824704456414E+00
     160.0000000000000000   6.0683313367799938E+00   4.3959138834132006E+00
     167.9989999999999952   6.2277829017679061E+00   4.3249959676911116E+00
     168.0010000000000048   6.2278318115770626E+00   4.3249591227104700E+00
     169.9989999999999952   6.2695134584385857E+00   4.3038282841979987E+00
     170.0000000000000000   6.2695378675514624E+00   4.3038101084329830E+00
     170.0010000000000048   6.2695622752023246E+00   4.3037919350156510E+00
     180.0000000000000000   6.4712877670673947E+00   4.2161979110458629E+00
     190.0000000000000000   6.6795731591587861E+00   4.1196388890860076E+00
     200.0000000000000000   6.8872893520019938E+00   4.0288894377427971E+00
     210.0000000000000000   7.0943980192026288E+00   3.9434589100030739E+00
     220.0000000000000000   7.3008800027578351E+00   3.8629006337541121E+00
     230.0000000000000000   7.5067288041233313E+00   3.7868106461233109E+00
     231.9989999999999952   7.5528887904271782E+00   3.7617420660751781E+00
     232.0010000000000048   7.5529349462267934E+00   3.7617171640138141E+00
     233.9989999999999952   7.5939069515643274E+00   3.7473007210377856E+00
     234.0010000000000048   7.5939530322092113E+00   3.7472760886807563E+00
     236.9989999999999952   7.6528973033659868E+00   3.7309803367451506E+00
     237.0010000000000048   7.6529432614359765E+00   3.7309560614749420E+00
     240.0000000000000000   7.7168372586570939E+00   3.7048937507490711E+00
     250.0000000000000000   7.9259175141077378E+00   3.6277285572019200E+00
     260.0000000000000000   8.1340099580083862E+00   3.5548971943111507E+00
     270.0000000000000000   8.3411544763733811E+00   3.4860294053009313E+00
     280.0000000000000000   8.5516980146261137E+00   3.4125276294365090E+00
     290.0000000000000000   8.7569137546339899E+00   3.3509802874970585E+00
     300.0000000000000000   8.9653700892362096E+00   3.2848652746075868E+00
     310.0000000000000000   9.1688187497142621E+00   3.2294921732212742E+00
     320.0000000000000000   9.3753544057805787E+00   3.1696503384921968E+00
     330.0000000000000000   9.5809449707222409E+00   3.1127204257119012E+00
     340.0000000000000000   9.7856274729481125E+00   3.0584856957891917E+00
     350.0000000000000000   9.9894369721523759E+00   3.0067507151639754E+00
     360.0000000000000000   1.0192406640817392E+01   2.9573388007487549E+00
     370.0000000000000000   1.0398055585839412E+01   2.9041083817290190E+00
     380.0000000000000000   1.0599360445079881E+01   2.8590594612738864E+00
     390.0000000000000000   1.0799915916032395E+01   2.8158857563730848E+00
     398.9990000000000236   1.0982087103912285E+01   2.7746977763989498E+00
     399.0009999999999764   1.0982128992560225E+01   2.7746863559568515E+00
     400.0000000000000000   1.1003048409286739E+01   2.7689945096624604E+00
     410.0000000000000000   1.1202109070144529E+01   2.7293762077607697E+00
     415.9990000000000236   1.1323773554350897E+01   2.7021659458983223E+00
     416.0009999999999764   1.1323815146290702E+01   2.7021552399574569E+00
     420.0000000000000000   1.1403688170248616E+01   2.6861165240908149E+00
     430.0000000000000000   1.1604510758216916E+01   2.6445734198626378E+00
     440.0000000000000000   1.1801476163675789E+01   2.6095651266859106E+00
     450.0000000000000000   1.2000887258950208E+01   2.5710328093381598E+00
     460.0000000000000000   1.2199607231997698E+01   2.5339355160763524E+00
     470.0000000000000000   1.2397655556829882E+01   2.4981923282491256E+00
     480.0000000000000000   1.2595051683661856E+01   2.4637271721963621E+00
     490.0000000000000000   1.2788900679144895E+01   2.4348315113156560E+00
     500.0000000000000000   1.2985081286748397E+01   2.4026203506818224E+00
     510.0000000000000000   1.3180661943294888E+01   2.3714964210252982E+00
     510.9989999999999668   1.3200732985428312E+01   2.3676135382079342E+00
     511.0009999999999195   1.3200773161594755E+01   2.3676057786845863E+00
     520.0000000000000000   1.3375658722397752E+01   2.3414033913344898E+00
     530.0000000000000000   1.3572864832718141E+01   2.3082890061393906E+00
     540.0000000000000000   1.3766705449502949E+01   2.2801862001773476E+00
     550.0000000000000000   1.3960006227000301E+01   2.2529647819551086E+00
     560.0000000000000000   1.4152780607371351E+01   2.2265824671994348E+00
     570.0000000000000000   1.4345041563196789E+01   2.2009995934481625E+00
     580.0000000000000000   1.4539444366731777E+01   2.1725521259935534E+00
     590.0000000000000000   1.4730683829770504E+01   2.1485245317322863E+00
     600.0000000000000000   1.4921445377709553E+01   2.1251901532329169E+00
     610.0000000000000000   1.5111739319483933E+01   2.1025193828923352E+00
     620.0000000000000000   1.5304116283090314E+01   2.0771103769862407E+00
     630.0000000000000000   1.5493480199111572E+01   2.0557326543152250E+00
     640.0000000000000000   1.5684901778093078E+01   2.0316861358231795E+00
     650.0000000000000000   1.5873372830121461E+01   2.0114955099974505E+00
     660.0000000000000000   1.6063884419035386E+01   1.9886913462621685E+00
     670.0000000000000000   1.6251496395642508E+01   1.9695946720138027E+00
     680.0000000000000000   1.6441134984528571E+01   1.9479326497625977E+00
     690.0000000000000000   1.6627923123234272E+01   1.9298421819855962E+00
     700.0000000000000000   1.6816720273269407E+01   1.9092364115302582E+00
     710.0000000000000000   1.7002718676665673E+01   1.8920722019268048E+00
     720.0000000000000000   1.7190703753836654E+01   1.8724458209346220E+00
     730.0000000000000000   1.7375945301009931E+01   1.8561349525882345E+00
     740.0000000000000000   1.7563145141096246E+01   1.8374196371076383E+00
     750.0000000000000000   1.7749967600631692E+01   1.8191451460395534E+00
     760.0000000000000000   1.7934102085976413E+01   1.8040286291237264E+00
     770.0000000000000000   1.8120181605898317E+01   1.7865678491459474E+00
     780.0000000000000000   1.8305896594714813E+01   1.7695098539663014E+00
     790.0000000000000000   1.8488987808495509E+01   1.7554566591493683E+00
     800.0000000000000000   1.8673999013356880E+01   1.7391278311920744E+00
     810.0000000000000000   1.8858663709441714E+01   1.7231617561200603E+00
     820.0000000000000000   1.9042978958000305E+01   1.7075556438681188E+00
     830.0000000000000000   1.9224757317245231E+01   1.6947594557181991E+00
     840.0000000000000000   1.9408422256296824E+01   1.6797793580750435E+00
     850.0000000000000000   1.9591759961457843E+01   1.6651190845024457E+00
     860.0000000000000000   1.9774770679788329E+01   1.6507734530253486E+00
     870.0000000000000000   1.9957459635514383E+01   1.6367320192585626E+00
     880.0000000000000000   2.0139837584402606E+01   1.6229786602758443E+00
     890.0000000000000000   2.0319805745196046E+01   1.6117708233257870E+00
     900.0000000000000000   2.0501596038585024E+01   1.5985272204256038E+00
     910.0000000000000000   2.0683085660366057E+01   1.5855500151128135E+00
     920.0000000000000000   2.0864278429654945E+01   1.5728316536900473E+00
     930.0000000000000000   2.1045179153168810E+01   1.5603637212113968E+00
     940.0000000000000000   2.1225793662252595E+01   1.5481369521326080E+00
     950.0000000000000000   2.1406128140201272E+01   1.5361419924099851E+00
     960.0000000000000000   2.1586187762429724E+01   1.5243707801628146E+00
     970.0000000000000000   2.1765976276504865E+01   1.5128169030158793E+00
     980.0000000000000000   2.1945496630003159E+01   1.5014749082648617E+00
     990.0000000000000000   2.2124751670038112E+01   1.4903395765317393E+00
    1000.0000000000000000   2.2303744423967107E+01   1.4794056364854564E+00
    1100.0000000000000000   2.4079947040417935E+01   1.3800342415850035E+00
    1200.0000000000000000   2.5835116283144313E+01   1.2941142515739981E+00
    1300.0000000000000000   2.7571532142073060E+01   1.2187599327955547E+00
    1400.0000000000000000   2.9291091930071310E+01   1.1518521401089346E+00
    1500.0000000000000000   3.0993605393098886E+01   1.0931964940268375E+00
    1600.0000000000000000   3.2682136013456990E+01   1.0401275081579915E+00
    1700.0000000000000000   3.4354744445520005E+01   9.9393777817684459E-01
    1800.0000000000000000   3.6017226955040300E+01   9.5033123461463853E-01
    1843.9990000000000236   3.6743562249246452E+01   9.3332033742309661E-01
    1844.0009999999999764   3.6743595352857483E+01   9.3331948285822453E-01
    1900.0000000000000000   3.7665798416803739E+01   9.1197820672518737E-01
    2000.0000000000000000   3.9304152743218616E+01   8.7632288995879637E-01
    2100.0000000000000000   4.0931764620041100E+01   8.4375290560062299E-01
    2200.0000000000000000   4.2550839403303371E+01   8.1292909526432156E-01
    2300.0000000000000000   4.4158550907755568E+01   7.8559939996118078E-01
    2400.0000000000000000   4.5758803220750117E+01   7.5946616741306738E-01
    2475.9989999999997963   4.6968992974010156E+01   7.4100704867606260E-01
    2476.0010000000002037   4.6969024705747294E+01   7.4100659713035577E-01
    2500.0000000000000000   4.7350174105654062E+01   7.3539832942425787E-01
    2526.9989999999997963   4.7778375080669335E+01   7.2921309752731145E-01
    2527.0010000000002037   4.7778406836446678E+01   7.2921260922168440E-01
    2600.0000000000000000   4.8933438312646771E+01   7.1300820260669751E-01
    2631.9989999999997963   4.9438795074208770E+01   7.0596541467505469E-01
    2632.0010000000002037   4.9438826960021224E+01   7.0596481494564678E-01
    2700.0000000000000000   5.0508993308999052E+01   6.9211821536251517E-01
    2800.0000000000000000   5.2076711520489901E+01   6.7279837252418229E-01
    2871.9989999999997963   5.3202219223315055E+01   6.5906620168055574E-01
    2872.0010000000002037   5.3202250501603977E+01   6.5906579544199306E-01
    2900.0000000000000000   5.3638727744997091E+01   6.5401852013724693E-01
    3000.0000000000000000   5.5192871158049279E+01   6.3693499177156232E-01
    3100.0000000000000000   5.6742164748199670E+01   6.2009063603555847E-01
    3200.0000000000000000   5.8283959117382523E+01   6.0474649006065195E-01
    3300.0000000000000000   5.9820794956112891E+01   5.8983072783713830E-01
    3400.0000000000000000   6.1351631215566947E+01   5.7580727068138815E-01
    3500.0000000000000000   6.2876301575276251E+01   5.6276285726291309E-01
    3600.0000000000000000   6.4395821414412964E+01   5.5030215417225936E-01
    3700.0000000000000000   6.5911049378825510E+01   5.3813034125355663E-01
    3800.0000000000000000   6.7421087929906960E+01   5.2654944820722560E-01
    3900.0000000000000000   6.8925285961692111E+01   5.1593711322871449E-01
    4000.0000000000000000   7.0425559905872277E+01   5.0552964060343986E-01
    4100.0000000000000000   7.1922094744409151E+01   4.9527642444312620E-01
    4200.0000000000000000   7.3413353818875365E+01   4.8574397282592902E-01
    4300.0000000000000000   7.4899771228472815E+01   4.7687755950924315E-01
    4400.0000000000000000   7.6385013602509304E+01   4.6729619995623101E-01
    4500.0000000000000000   7.7862630426826286E+01   4.5935253368322165E-01
    4600.0000000000000000   7.9338519577100470E+01   4.5101539568708371E-01
    4700.0000000000000000   8.0808163815940830E+01   4.4371467497869138E-01
    4800.0000000000000000   8.2276691805072460E+01   4.3591641259397007E-01
    4900.0000000000000000   8.3741742102563947E+01   4.2835344999339919E-01
    5000.0000000000000000   8.5202774896111336E+01   4.2120382597973499E-01
    5100.0000000000000000   8.6659947071717326E+01   4.1443086053527778E-01
    5200.0000000000000000   8.8113340722704137E+01   4.0802209527133987E-01
    5300.0000000000000000   8.9563151174253719E+01   4.0192666638958757E-01
    5400.0000000000000000   9.1008922550150217E+01   3.9628001928680961E-01
    5500.0000000000000000   9.2455232944266911E+01   3.8975870366802629E-01
    5600.0000000000000000   9.3896693611471477E+01   3.8394576566016597E-01
    5700.0000000000000000   9.5332692198820496E+01   3.7896370452952577E-01
    5800.0000000000000000   9.6770180477396636E+01   3.7295031916363403E-01
    5900.0000000000000000   9.8199627087426435E+01   3.6854760998478997E-01
    6000.0000000000000000   9.9631911101658062E+01   3.6279763469645510E-01
    6100.0000000000000000   1.0106015816127302E+02   3.5750729879015780E-01
    6200.0000000000000000   1.0247975431948416E+02   3.5389255334341618E-01
    6300.0000000000000000   1.0390361663017487E+02   3.4865254873461748E-01
    6400.0000000000000000   1.0532304448432988E+02   3.4406632978821050E-01
    6500.0000000000000000   1.0673960563185388E+02   3.3954525003251129E-01
    6600.0000000000000000   1.0815488449753441E+02   3.3500485252365786E-01
    6700.0000000000000000   1.0956603070920946E+02   3.3088288862544168E-01
    6800.0000000000000000   1.1097537728003357E+02   3.2677912158653716E-01
    6900.0000000000000000   1.1238136501159865E+02   3.2303731441135280E-01
    7000.0000000000000000   1.1378491982048207E+02   3.1936990279475846E-01
    7100.0000000000000000   1.1518674775611646E+02   3.1571586466400253E-01
    7200.0000000000000000   1.1658485301589084E+02   3.1246792771382442E-01
    7300.0000000000000000   1.1798072386957315E+02   3.0926283978243430E-01
    7400.0000000000000000   1.1938146067652846E+02   3.0466151137638287E-01
    7500.0000000000000000   1.2077225549742380E+02   3.0175534709773527E-01
    7600.0000000000000000   1.2216235452142183E+02   2.9882403344479908E-01
    7700.0000000000000000   1.2355471534399409E+02   2.9480060070127301E-01
    7800.0000000000000000   1.2493968799534521E+02   2.9209253544738056E-01
    7900.0000000000000000   1.2632290033037675E+02   2.8954356644400348E-01
    8000.0000000000000000   1.2770836633481591E+02   2.8597975617947663E-01
    8100.0000000000000000   1.2908638123549102E+02   2.8361568687880084E-01
    8200.0000000000000000   1.3046906303654060E+02   2.8017413623918153E-01
    8300.0000000000000000   1.3184470380979838E+02   2.7774266905046996E-01
    8400.0000000000000000   1.3322195141142879E+02   2.7452171489157412E-01
    8500.0000000000000000   1.3459724405495584E+02   2.7143505133603024E-01
    8600.0000000000000000   1.3596483982285525E+02   2.6978355649971025E-01
    8700.0000000000000000   1.3733834034067226E+02   2.6667787245733515E-01
    8800.0000000000000000   1.3870910957128004E+02   2.6356838770362639E-01
    8900.0000000000000000   1.4006833847231135E+02   2.6247587317507920E-01
    9000.0000000000000000   1.4143730723917918E+02   2.5919768120756742E-01
    9100.0000000000000000   1.4280040041531907E+02   2.5690277803000544E-01
    9200.0000000000000000   1.4416513004721267E+02   2.5406840321387097E-01
    9300.0000000000000000   1.4552353606713439E+02   2.5219262350452887E-01
    9400.0000000000000000   1.4687791750364192E+02   2.5069043633006705E-01
    9500.0000000000000000   1.4823722821603471E+02   2.4795599514033126E-01
    9600.0000000000000000   1.4959352856536526E+02   2.4559628712961998E-01
    9700.0000000000000000   1.5094712652838578E+02   2.4341944144008126E-01
    9800.0000000000000000   1.5229804634179592E+02   2.4149938595173542E-01
    9900.0000000000000000   1.5364824729146395E+02   2.3948404333361331E-01
   10000.0000000000000000   1.5499744105701706E+02   2.3743442746719928E-01
   11000.0000000000000000   1.6841394649285147E+02   2.1856253976284984E-01
   12000.0000000000000000   1.8169142876682997E+02   2.0354098797492950E-01
   13000.0000000000000000   1.9485173621501815E+02   1.9041195159824514E-01
   14000.0000000000000000   2.0790902292422348E+02   1.7843756252074502E-01
   15000.0000000000000000   2.2086121275969813E+02   1.6843963764387099E-01
   16000.0000000000000000   2.3372940985283577E+02   1.5964392347156986E-01
   17000.0000000000000000   2.4650628435252082E+02   1.5160611754919340E-01
   18000.0000000000000000   2.5920517035262458E+02   1.4519694765417573E-01
   19000.0000000000000000   2.7184335326697294E+02   1.3760117555196952E-01
   20000.0000000000000000   2.8440726143263714E+02   1.3184976597264861E-01
   20005.9989999999997963   2.8448397989861428E+02   1.3165176631425662E-01
   20006.0010000000002037   2.8448400541218035E+02   1.3165171209353729E-01
   21000.0000000000000000   2.9689621868774594E+02   1.2749028170400678E-01
   22000.0000000000000000   3.0934324067863565E+02   1.2135514061861853E-01
   23000.0000000000000000   3.2171113184019424E+02   1.1659768530242878E-01
   24000.0000000000000000   3.3404415881757575E+02   1.1266585309171410E-01
   25000.0000000000000000   3.4631312190960131E+02   1.0960263197519721E-01
   26000.0000000000000000   3.5854043593617013E+02   1.0602042867489654E-01
   27000.0000000000000000   3.7072280553864829E+02   1.0178108364603250E-01
   28000.0000000000000000   3.8283250519030082E+02   9.9127485827855868E-02
   29000.0000000000000000   3.9493249599204506E+02   9.6675559064280103E-02
   30000.0000000000000000   4.0698008307984986E+02   9.2819948512356878E-02
   31000.0000000000000000   4.1900955873743322E+02   9.0337385208631285E-02
   32000.0000000000000000   4.3096072219698192E+02   8.7946140224538435E-02
   33000.0000000000000000   4.4286140650441655E+02   8.6821709187026697E-02
   34000.0000000000000000   4.5475579165239100E+02   8.4643832133954142E-02
   35000.0000000000000000   4.6664061563322321E+02   8.1236017385899306E-02
   36000.0000000000000000   4.7846671608814199E+02   8.0313032608060372E-02
   37000.0000000000000000   4.9029226220200218E+02   7.8759988250141882E-02
   38000.0000000000000000   5.0208043399769190E+02   7.5537371072251114E-02
   39000.0000000000000000   5.1377480072479534E+02   7.3929845079375042E-02
   40000.0000000000000000   5.2554383544527536E+02   7.2111416245417073E-02
   41000.0000000000000000   5.3718448662932519E+02   7.0404064432974880E-02
   42000.0000000000000000   5.4886679077513168E+02   6.9849690733412531E-02
   43000.0000000000000000   5.6044704287734726E+02   6.7750981882046993E-02
   44000.0000000000000000   5.7210400242811340E+02   6.6151848709224748E-02
   45000.0000000000000000   5.8368878367225591E+02   6.5298558668144227E-02
   46000.0000000000000000   5.9518998829276870E+02   6.3952277597409901E-02
   47000.0000000000000000   6.0669020333379842E+02   6.3557899288528188E-02
   48000.0000000000000000   6.1824095891910804E+02   6.1833464076854916E-02
   49000.0000000000000000   6.2972927600569733E+02   6.1339485874859635E-02
   50000.0000000000000000   6.4122295585519373E+02   5.9417825251395870E-02
