       0.1000000000000000   6.4626659241616636E+01   4.5150382162479003E-04
       0.2000000000000000   5.6529333740780196E+01   8.9033055636256013E-04
       0.3000000000000000   5.3632471457223588E+01   1.3341129690817213E-03
       0.4000000000000000   5.2338776284081391E+01   1.7655948031164903E-03
       0.5000000000000000   5.1533381442452743E+01   2.1995826262917254E-03
       0.6000000000000000   5.0963350804841120E+01   2.6367976810090137E-03
       0.7000000000000000   5.0529088963211926E+01   3.0779405211089151E-03
       0.7999999999999999   5.0176338761854822E+01   3.5234912570665405E-03
       0.8999999999999999   4.9880285050821129E+01   3.9727304903880503E-03
       0.9999999999999999   4.9616899610716438E+01   4.4273073197645405E-03
       2.0000000000000000   4.7593132591729116E+01   9.2720676233214259E-03
       3.0000000000000000   4.5683824001514864E+01   1.4762156679165628E-02
       4.0000000000000000   4.3725568886627407E+01   2.0985699309689538E-02
       5.0000000000000000   4.1772817412531133E+01   2.7992446758938333E-02
       6.0000000000000000   3.9877469231332746E+01   3.5809942314251074E-02
       7.0000000000000000   3.8073120380730174E+01   4.4447663076671640E-02
       8.0000000000000000   3.6375088256672690E+01   5.3907576489105935E-02
       9.0000000000000000   3.4787837624670843E+01   6.4187941441757448E-02
      10.0000000000000000   3.3308783966251291E+01   7.5287718620781735E-02
      11.0000000000000000   3.1931993962609663E+01   8.7207745473911316E-02
      12.0000000000000000   3.0649717894197885E+01   9.9952085341335012E-02
      13.0000000000000000   2.9453721633514103E+01   1.1352944892992671E-01
      14.0000000000000000   2.8335560179219161E+01   1.2795465297681646E-01
      15.0000000000000000   2.7287325231988046E+01   1.4324821743202504E-01
      16.0000000000000000   2.6301821950334347E+01   1.5943595710091074E-01
      17.0000000000000000   2.5372416640754231E+01   1.7655061896622473E-01
      18.0000000000000000   2.4493241071431072E+01   1.9463094624501115E-01
      19.0000000000000000   2.3659038022467143E+01   2.1372236686231769E-01
      20.0000000000000000   2.2865141111164775E+01   2.3387756431895304E-01
      21.0000000000000000   2.2107411600411428E+01   2.5515670740389235E-01
      22.0000000000000000   2.1382215964911474E+01   2.7762751926485729E-01
      23.0000000000000000   2.0686331745771383E+01   3.0136624915774063E-01
      24.0000000000000000   2.0016894617598513E+01   3.2645866530832335E-01
      25.0000000000000000   1.9371379599584149E+01   3.5300031311508484E-01
      26.0000000000000000   1.8747551685414127E+01   3.8109758687329359E-01
      27.0000000000000000   1.8143434182259135E+01   4.1086868443058588E-01
      28.0000000000000000   1.7557283736022615E+01   4.4244460231047811E-01
      29.0000000000000000   1.6987561944783558E+01   4.7597032730465610E-01
      30.0000000000000000   1.6432923797040633E+01   5.1160586164307620E-01
      31.0000000000000000   1.5892197588928669E+01   5.4952739081773516E-01
      32.0000000000000000   1.5364381506906341E+01   5.8992807911726619E-01
      33.0000000000000000   1.4848629615139416E+01   6.3301896327554874E-01
      34.0000000000000000   1.4344253953205460E+01   6.7902907552713876E-01
      35.0000000000000000   1.3850722941881797E+01   7.2820503510528678E-01
      36.0000000000000000   1.3367665292724853E+01   7.8080955914094430E-01
      37.0000000000000000   1.2894876062182712E+01   8.3711848512168530E-01
      38.0000000000000000   1.2432324938510936E+01   8.9741574851561590E-01
      39.0000000000000000   1.1980164966790049E+01   9.6198568593474998E-01
      40.0000000000000000   1.1538741024499238E+01   1.0311019889528721E+00
      41.0000000000000000   1.1108593441387091E+01   1.1050128320348076E+00
      41.9990000000000023   1.0690867181872541E+01   1.1838404350793181E+00
      42.0000000000000000   1.0690455332264145E+01   1.1839218930192950E+00
      42.0009999999999977   1.0690043495564073E+01   1.1840033561017362E+00
      43.0000000000000000   1.0285238076077059E+01   1.2679657517639245E+00
      44.0000000000000000   9.8940013438388270E+00   1.3571889805447599E+00
      44.9990000000000023   9.5182721175479070E+00   1.4514227630995664E+00
      45.0000000000000000   9.5179039799348359E+00   1.4515195874277451E+00
      45.0009999999999977   9.5175358586560854E+00   1.4516164166666694E+00
      46.0000000000000000   9.1581368187472716E+00   1.5507483214620759E+00
      47.0000000000000000   8.8158400915496884E+00   1.6545162097258952E+00
      48.0000000000000000   8.4920146088294626E+00   1.7623140888412161E+00
      49.0000000000000000   8.1874386530761658E+00   1.8734962643082458E+00
      50.0000000000000000   7.9026033276688201E+00   1.9873077572898010E+00
      51.0000000000000000   7.6376760775257271E+00   2.1029217845359685E+00
      52.0000000000000000   7.3924964335703960E+00   2.2194821168072232E+00
      53.0000000000000000   7.1666012765103320E+00   2.3361444668633200E+00
      54.0000000000000000   6.9592721019219006E+00   2.4521120237750478E+00
      55.0000000000000000   6.7695943436377020E+00   2.5666621522187079E+00
      56.0000000000000000   6.5965194391497679E+00   2.6791633249756606E+00
      57.0000000000000000   6.4389225204226443E+00   2.7890828638917253E+00
      58.0000000000000000   6.2956508790529595E+00   2.8959876198204890E+00
      59.0000000000000000   6.1655624376215954E+00   2.9995389985050900E+00
      60.0000000000000000   6.0475538015205084E+00   3.0994845657668324E+00
      61.0000000000000000   5.9405785626983159E+00   3.1956482377010436E+00
      62.0000000000000000   5.8436587585111281E+00   3.2879194671144645E+00
      63.0000000000000000   5.7558902579532418E+00   3.3762428696375593E+00
      64.0000000000000000   5.6764440308165778E+00   3.4606085394334696E+00
      65.0000000000000000   5.6045645644888689E+00   3.5410433602277931E+00
      66.0000000000000000   5.5395664287779827E+00   3.6176034121099430E+00
      67.0000000000000000   5.4808297571527573E+00   3.6903674685161367E+00
      67.9989999999999952   5.4278455471822973E+00   3.7593642645792151E+00
      68.0000000000000000   5.4277951886956162E+00   3.7594315157770177E+00
      68.0010000000000048   5.4277448354027555E+00   3.7594987633827261E+00
      69.0000000000000000   5.3799586433044526E+00   3.8249041956000038E+00
      70.0000000000000000   5.3368661797195553E+00   3.8869030581041657E+00
      71.0000000000000000   5.2981090868477096E+00   3.9455515136307513E+00
      72.0000000000000000   5.2633193015513067E+00   4.0009763770342062E+00
      73.0000000000000000   5.2321651911428848E+00   4.0533059095545161E+00
      74.0000000000000000   5.2043477156772564E+00   4.1026682741920277E+00
      75.0000000000000000   5.1795969515378575E+00   4.1491903429008623E+00
      76.0000000000000000   5.1576690291403899E+00   4.1929967300815676E+00
      77.0000000000000000   5.1383432812683525E+00   4.2342091611968407E+00
      78.0000000000000000   5.1214198147527483E+00   4.2729459183784630E+00
      79.0000000000000000   5.1067172953542403E+00   4.3093214890131257E+00
      80.0000000000000000   5.0940709913809838E+00   4.3434463227811433E+00
      81.0000000000000000   5.0833310372655687E+00   4.3754266837456264E+00
      82.0000000000000000   5.0743608935163689E+00   4.4053645776339510E+00
      83.0000000000000000   5.0670359798011768E+00   4.4333577380651858E+00
      84.0000000000000000   5.0612424609971338E+00   4.4594996586528426E+00
      85.0000000000000000   5.0568761704093390E+00   4.4838796601539022E+00
      86.0000000000000000   5.0538416517112017E+00   4.5065829841369087E+00
      87.0000000000000000   5.0520513052456204E+00   4.5276909077959635E+00
      88.0000000000000000   5.0514246364984503E+00   4.5472808645144394E+00
      89.0000000000000000   5.0518875684427993E+00   4.5654265903381477E+00
      90.0000000000000000   5.0533718447607310E+00   4.5821982598747271E+00
      91.0000000000000000   5.0558144886411629E+00   4.5976626335739015E+00
      92.0000000000000000   5.0591573196157169E+00   4.6118832042626661E+00
      93.0000000000000000   5.0633465207396613E+00   4.6249203428727457E+00
      94.0000000000000000   5.0683322502447101E+00   4.6368314420458514E+00
      95.0000000000000000   5.0740682926117637E+00   4.6476710566206103E+00
      96.0000000000000000   5.0805117446605061E+00   4.6574910402636824E+00
      97.0000000000000000   5.0876227327478567E+00   4.6663406777146381E+00
      98.0000000000000000   5.0953641574743234E+00   4.6742668122944115E+00
      99.0000000000000000   5.1037014639819613E+00   4.6813139683619251E+00
     100.0000000000000000   5.1126024323439667E+00   4.6875244688013336E+00
     103.9989999999999952   5.1532590903991276E+00   4.7047725468589920E+00
     104.0010000000000048   5.1532812771658225E+00   4.7047783756481172E+00
     110.0000000000000000   5.2268643192707733E+00   4.7115599981073206E+00
     120.0000000000000000   5.3738888999692733E+00   4.6858415132591862E+00
     130.0000000000000000   5.5415449775246923E+00   4.6296821323781510E+00
     140.0000000000000000   5.7227300321701637E+00   4.5551329466741564E+00
     150.0000000000000000   5.9051750589492231E+00   4.4902508879625405E+00
     153.9989999999999952   5.9885968989019327E+00   4.4441366076755502E+00
     154.0010000000000048   5.9886467634841454E+00   4.4440964036984099E+00
     160.0000000000000000   6.1060250704678722E+00   4.3936937594236847E+00
     167.9989999999999952   6.2659029498168755E+00   4.3228575160655334E+00
     168.0010000000000048   6.2659520804835420E+00   4.3228206906775011E+00
     169.9989999999999952   6.3077668963733302E+00   4.3017092291495693E+00
     170.0000000000000000   6.3077914158997839E+00   4.3016910629857010E+00
     170.0010000000000048   6.3078159339465545E+00   4.3016728991694260E+00
     180.0000000000000000   6.5101445403803471E+00   4.2141703094103073E+00
     190.0000000000000000   6.7191422050276168E+00   4.1176944539752709E+00
     200.0000000000000000   6.9275892345445778E+00   4.0270210018222006E+00
     210.0000000000000000   7.1354439327657291E+00   3.9416602228553197E+00
     220.0000000000000000   7.3426845139188845E+00   3.8611662094443373E+00
     230.0000000000000000   7.5493023993567947E+00   3.7851356414697142E+00
     231.9989999999999952   7.5956750050878101E+00   3.7600784079654717E+00
     232.0010000000000048   7.5957213735331326E+00   3.7600535171717664E+00
     233.9989999999999952   7.6368477518928177E+00   3.7456482474399486E+00
     234.0010000000000048   7.6368940448494813E+00   3.7456236261847593E+00
     236.9989999999999952   7.6960424459222141E+00   3.7293443337078607E+00
     237.0010000000000048   7.6960886157079944E+00   3.7293200692977799E+00
     240.0000000000000000   7.7602439157635459E+00   3.7032738671189014E+00
     250.0000000000000000   7.9701592978156715E+00   3.6261599605487453E+00
     260.0000000000000000   8.1790883476772756E+00   3.5533764495058060E+00
     270.0000000000000000   8.3870704895976385E+00   3.4845534217789358E+00
     280.0000000000000000   8.5984995746447410E+00   3.4110936158843228E+00
     290.0000000000000000   8.8045520526293259E+00   3.3495857138205163E+00
     300.0000000000000000   9.0138895193079769E+00   3.2835078398132502E+00
     310.0000000000000000   9.2181734179805339E+00   3.2281697781334588E+00
     320.0000000000000000   9.4255855847052548E+00   3.1683610624525977E+00
     330.0000000000000000   9.6320497909388862E+00   3.1114625065792056E+00
     340.0000000000000000   9.8376031089157152E+00   3.0572575126898740E+00
     350.0000000000000000   1.0042280650279814E+01   3.0055507735494587E+00
     360.0000000000000000   1.0246115645059090E+01   2.9561657193961688E+00
     370.0000000000000000   1.0452663985023001E+01   2.9029608813878194E+00
     380.0000000000000000   1.0654827979521629E+01   2.8579363547131553E+00
     390.0000000000000000   1.0856240084104762E+01   2.8147859396255468E+00
     398.9990000000000236   1.1039204158782812E+01   2.7736180369790735E+00
     399.0009999999999764   1.1039246238698331E+01   2.7736066209103432E+00
     400.0000000000000000   1.1060261173968559E+01   2.7679169542955560E+00
     410.0000000000000000   1.1260172776048806E+01   2.7283199540328260E+00
     415.9990000000000236   1.1382373325891459E+01   2.7011220367251871E+00
     416.0009999999999764   1.1382415107503171E+01   2.7011113348474551E+00
     420.0000000000000000   1.1462633598334138E+01   2.6850806748723262E+00
     430.0000000000000000   1.1664334395579759E+01   2.6435571352218288E+00
     440.0000000000000000   1.1862142391743735E+01   2.6085676190526499E+00
     450.0000000000000000   1.2062425381491442E+01   2.5700533391733047E+00
     460.0000000000000000   1.2262014006346888E+01   2.5329733879838781E+00
     470.0000000000000000   1.2460927822838064E+01   2.4972468874775773E+00
     480.0000000000000000   1.2659186369730731E+01   2.4627978014833976E+00
     490.0000000000000000   1.2853865120623828E+01   2.4339176280358665E+00
     500.0000000000000000   1.3050902666388518E+01   2.4017214042632715E+00
     510.0000000000000000   1.3247337422149752E+01   2.3706118906047688E+00
     510.9989999999999668   1.3267499364041234E+01   2.3667304204072646E+00
     511.0009999999999195   1.3267539722156769E+01   2.3667226637070660E+00
     520.0000000000000000   1.3443185536312610E+01   2.3405327836252883E+00
     530.0000000000000000   1.3641268356142346E+01   2.3074318534888447E+00
     540.0000000000000000   1.3835954597845408E+01   2.2793420587939868E+00
     550.0000000000000000   1.4030098444933820E+01   2.2521332302879231E+00
     560.0000000000000000   1.4223713402740419E+01   2.2257631044537174E+00
     570.0000000000000000   1.4416812505456940E+01   2.2001920382242850E+00
     580.0000000000000000   1.4612077553129613E+01   2.1717560150365522E+00
     590.0000000000000000   1.4804150118762353E+01   2.1477395187815618E+00
     600.0000000000000000   1.4995742508590697E+01   2.1244159079624967E+00
     610.0000000000000000   1.5186865077184581E+01   2.1017555899332621E+00
     620.0000000000000000   1.5380093783894717E+01   2.0763567350234666E+00
     630.0000000000000000   1.5570281748637859E+01   2.0549888752522909E+00
     640.0000000000000000   1.5762550068877722E+01   2.0309519440086299E+00
     650.0000000000000000   1.5951840766031397E+01   2.0107706415075177E+00
     660.0000000000000000   1.6143194363493301E+01   1.9879755482349066E+00
     670.0000000000000000   1.6331621736926284E+01   1.9688877020302333E+00
     680.0000000000000000   1.6522097800016329E+01   1.9472342752709340E+00
     690.0000000000000000   1.6709697269601406E+01   1.9291521797649795E+00
     700.0000000000000000   1.6899327515761847E+01   1.9085545671907647E+00
     710.0000000000000000   1.7086133366436759E+01   1.8913983094428071E+00
     720.0000000000000000   1.7274947306794189E+01   1.8717796822088464E+00
     730.0000000000000000   1.7460992597929103E+01   1.8554763770441229E+00
     740.0000000000000000   1.7649017198005676E+01   1.8367684413078074E+00
     750.0000000000000000   1.7836662456096057E+01   1.8185011533283622E+00
     760.0000000000000000   1.8021595147606014E+01   1.8033916692921481E+00
     770.0000000000000000   1.8208493593796216E+01   1.7859377581170757E+00
     780.0000000000000000   1.8395025586778061E+01   1.7688864734999659E+00
     790.0000000000000000   1.8578909825309687E+01   1.7548398365644984E+00
     800.0000000000000000   1.8764734378507292E+01   1.7385174191055204E+00
     810.0000000000000000   1.8950210598430520E+01   1.7225576122007122E+00
     820.0000000000000000   1.9135335493523648E+01   1.7069576306052534E+00
     830.0000000000000000   1.9317900350057414E+01   1.6941674402030766E+00
     840.0000000000000000   1.9502371602541501E+01   1.6791932117948454E+00
     850.0000000000000000   1.9686513890730424E+01   1.6645386831457198E+00
     860.0000000000000000   1.9870327442663438E+01   1.6501986762981973E+00
     870.0000000000000000   2.0053817512452408E+01   1.6361627507108634E+00
     880.0000000000000000   2.0236994939782576E+01   1.6224147871368526E+00
     890.0000000000000000   2.0417740643006372E+01   1.6112122363485084E+00
     900.0000000000000000   2.0600327433341629E+01   1.5979738137393893E+00
     910.0000000000000000   2.0782611958242580E+01   1.5850016860836427E+00
     920.0000000000000000   2.0964598055613564E+01   1.5722883027880346E+00
     930.0000000000000000   2.1146290560935608E+01   1.5598252518850664E+00
     940.0000000000000000   2.1327695344592552E+01   1.5476032706895289E+00
     950.0000000000000000   2.1508818632668454E+01   1.5356130079033774E+00
     960.0000000000000000   2.1689665634020351E+01   1.5238464042837714E+00
     970.0000000000000000   2.1870240116297499E+01   1.5122970499908748E+00
     980.0000000000000000   2.2050545039858243E+01   1.5009594947582328E+00
     990.0000000000000000   2.2230583264017273E+01   1.4898285215528491E+00
    1000.0000000000000000   2.2410357830429856E+01   1.4788988613002794E+00
    1100.0000000000000000   2.4194306841175401E+01   1.3795663748839175E+00
    1200.0000000000000000   2.5957120910656375E+01   1.2936793803824433E+00
    1300.0000000000000000   2.7701091256591447E+01   1.2183534240589611E+00
    1400.0000000000000000   2.9428124642110859E+01   1.1514702925008271E+00
    1500.0000000000000000   3.1138022125778399E+01   1.0928363013039404E+00
    1600.0000000000000000   3.2833870076372328E+01   1.0397864936019103E+00
    1700.0000000000000000   3.4513706209374092E+01   9.9361387585197636E-01
    1800.0000000000000000   3.6183376398872007E+01   9.5002270234455244E-01
    1843.9990000000000236   3.6912842661226300E+01   9.3301808451477186E-01
    1844.0009999999999764   3.6912875908181377E+01   9.3301723022911054E-01
    1900.0000000000000000   3.7839056768867323E+01   9.1168356109573012E-01
    2000.0000000000000000   3.9484472179646630E+01   8.7604085695321265E-01
    2100.0000000000000000   4.1119089628830942E+01   8.4348238254398566E-01
    2200.0000000000000000   4.2745132189019763E+01   8.1266912109166034E-01
    2300.0000000000000000   4.4359745562709136E+01   7.8534913170714438E-01
    2400.0000000000000000   4.5966867545860588E+01   7.5922486141711576E-01
    2475.9989999999997963   4.7182246407366186E+01   7.4077210879771138E-01
    2476.0010000000002037   4.7182278274857460E+01   7.4077165741481621E-01
    2500.0000000000000000   4.7565061089733959E+01   7.3516532615544117E-01
    2526.9989999999997963   4.7995096473610388E+01   7.2898223240626070E-01
    2527.0010000000002037   4.7995128365688352E+01   7.2898174425746776E-01
    2600.0000000000000000   4.9155106375383866E+01   7.1278291429903673E-01
    2631.9989999999997963   4.9662627981535955E+01   7.0574248125586025E-01
    2632.0010000000002037   4.9662660005474848E+01   7.0574188167199448E-01
    2700.0000000000000000   5.0737402995315477E+01   6.9190011585599409E-01
    2800.0000000000000000   5.2311820869663848E+01   6.7258698885348045E-01
    2871.9989999999997963   5.3442140224840941E+01   6.5885938665708388E-01
    2872.0010000000002037   5.3442171637107762E+01   6.5885898054250336E-01
    2900.0000000000000000   5.3880512866756412E+01   6.5381342551786281E-01
    3000.0000000000000000   5.5441287381777357E+01   6.3673579971251348E-01
    3100.0000000000000000   5.6997193631529107E+01   6.1989699536733911E-01
    3200.0000000000000000   5.8545557348232620E+01   6.0455808071211825E-01
    3300.0000000000000000   6.0088941195538581E+01   5.8964725722932620E-01
    3400.0000000000000000   6.1626293908488599E+01   5.7562847063271438E-01
    3500.0000000000000000   6.3157446902819842E+01   5.6258848132076245E-01
    3600.0000000000000000   6.4683423937284047E+01   5.5013197530205249E-01
    3700.0000000000000000   6.6205090645867429E+01   5.3796414982907304E-01
    3800.0000000000000000   6.7721540805963372E+01   5.2638705025605270E-01
    3900.0000000000000000   6.9232116905613196E+01   5.1577832889474995E-01
    4000.0000000000000000   7.0738751920895751E+01   5.0537430279486195E-01
    4100.0000000000000000   7.2241631926566029E+01   4.9512437763950162E-01
    4200.0000000000000000   7.3739206068419406E+01   4.8559507202239977E-01
    4300.0000000000000000   7.5231911849909466E+01   4.7673166927922916E-01
    4400.0000000000000000   7.6723448025161630E+01   4.6715319361697177E-01
    4500.0000000000000000   7.8207306347267874E+01   4.5921229255084134E-01
    4600.0000000000000000   7.9689436656548580E+01   4.5087780840985092E-01
    4700.0000000000000000   8.1165281266136020E+01   4.4357963693878183E-01
    4800.0000000000000000   8.2640013917731096E+01   4.3578382536942006E-01
    4900.0000000000000000   8.4111251880261733E+01   4.2822322087309367E-01
    5000.0000000000000000   8.5578450235282517E+01   4.2107586752525111E-01
    5100.0000000000000000   8.7041766946488252E+01   4.1430509018423284E-01
    5200.0000000000000000   8.8501284536303800E+01   4.0789843497759043E-01
    5300.0000000000000000   8.9957199770049826E+01   4.0180504229623071E-01
    5400.0000000000000000   9.1409052481739124E+01   3.9616036142844469E-01
    5500.0000000000000000   9.2861460831728849E+01   3.8964094569917707E-01
    5600.0000000000000000   9.4308988329768809E+01   3.8382984460714220E-01
    5700.0000000000000000   9.5751017023235477E+01   3.7884956056332453E-01
    5800.0000000000000000   9.7194559595105417E+01   3.7283789539176826E-01
    5900.0000000000000000   9.8630000658845105E+01   3.6843685226017370E-01
    6000.0000000000000000   1.0006831466400581E+02   3.6268849144168719E-01
    6100.0000000000000000   1.0150256663833815E+02   3.5739972083573407E-01
    6200.0000000000000000   1.0292810199280738E+02   3.5378649377855836E-01
    6300.0000000000000000   1.0435795088620051E+02   3.4854796276955280E-01
    6400.0000000000000000   1.0578333620871308E+02   3.4396317462685655E-01
    6500.0000000000000000   1.0720583928240437E+02   3.3944348475463532E-01
    6600.0000000000000000   1.0862705822756001E+02   3.3490443797567049E-01
    6700.0000000000000000   1.1004411755894847E+02   3.3078378731907582E-01
    6800.0000000000000000   1.1145937054467211E+02   3.2668129760473402E-01
    6900.0000000000000000   1.1287124419890948E+02   3.2294073332074613E-01
    7000.0000000000000000   1.1428067238578501E+02   3.1927453156420865E-01
    7100.0000000000000000   1.1568836717246468E+02   3.1562167158868065E-01
    7200.0000000000000000   1.1709231519529118E+02   3.1237488234439931E-01
    7300.0000000000000000   1.1849401758325236E+02   3.0917091285895293E-01
    7400.0000000000000000   1.1990063645245752E+02   3.0457067476647504E-01
    7500.0000000000000000   1.2129723463674365E+02   3.0166557373880531E-01
    7600.0000000000000000   1.2269313881441494E+02   2.9873529728989956E-01
    7700.0000000000000000   1.2409133218912297E+02   2.9471287666838031E-01
    7800.0000000000000000   1.2548208065741774E+02   2.9200579937181820E-01
    7900.0000000000000000   1.2687106096883701E+02   2.8945779503378066E-01
    8000.0000000000000000   1.2826232189268450E+02   2.8589492697333002E-01
    8100.0000000000000000   1.2964607416348949E+02   2.8353177820674336E-01
    8200.0000000000000000   1.3103454100800357E+02   2.8009112718538048E-01
    8300.0000000000000000   1.3241591266080169E+02   2.7766053941829100E-01
    8400.0000000000000000   1.3379891199759203E+02   2.7444044517064048E-01
    8500.0000000000000000   1.3517994619525899E+02   2.7135462267115723E-01
    8600.0000000000000000   1.3655322343931351E+02   2.6970395066159103E-01
    8700.0000000000000000   1.3793246325507118E+02   2.6659907181485637E-01
    8800.0000000000000000   1.3930895459120657E+02   2.6349037519770829E-01
    8900.0000000000000000   1.4067381200303089E+02   2.6239863229393973E-01
    9000.0000000000000000   1.4204850000511394E+02   2.5912119596331629E-01
    9100.0000000000000000   1.4341726775235193E+02   2.5682703293648529E-01
    9200.0000000000000000   1.4478769226739280E+02   2.5399338326566451E-01
    9300.0000000000000000   1.4615174450121597E+02   2.5211831415706015E-01
    9400.0000000000000000   1.4751174333312227E+02   2.5061682348072750E-01
    9500.0000000000000000   1.4887671998766629E+02   2.4788306511056860E-01
    9600.0000000000000000   1.5023866606971765E+02   2.4552402664793130E-01
    9700.0000000000000000   1.5159789215809298E+02   2.4334783762585499E-01
    9800.0000000000000000   1.5295442263893796E+02   2.4142842629989281E-01
    9900.0000000000000000   1.5431023365898577E+02   2.3941371570000144E-01
   10000.0000000000000000   1.5566503433591393E+02   2.3736472005469150E-01
   11000.0000000000000000   1.6913724832545569E+02   2.1849845335586379E-01
   12000.0000000000000000   1.8246972902304657E+02   2.0348164289106577E-01
   13000.0000000000000000   1.9568446563273631E+02   1.9035666270288082E-01
   14000.0000000000000000   2.0879569440581290E+02   1.7838578539047570E-01
   15000.0000000000000000   2.2180128870070621E+02   1.6839093222422102E-01
   16000.0000000000000000   2.3472250496029784E+02   1.5959792880543300E-01
   17000.0000000000000000   2.4755192686049546E+02   1.5156253375050485E-01
   18000.0000000000000000   2.6030298124607663E+02   1.4515552276245333E-01
   19000.0000000000000000   2.7299308186161801E+02   1.3756169575882832E-01
   20000.0000000000000000   2.8560852568540474E+02   1.3181204823000903E-01
   20005.9989999999997963   2.8568556543668831E+02   1.3161405864285367E-01
   20006.0010000000002037   2.8568559105683011E+02   1.3161400442549107E-01
   21000.0000000000000000   2.9814861678070758E+02   1.2745416804785956E-01
   22000.0000000000000000   3.1064663716375736E+02   1.2132049375033412E-01
   23000.0000000000000000   3.2306506550992009E+02   1.1656438510647391E-01
   24000.0000000000000000   3.3544853169419855E+02   1.1263379386060922E-01
   25000.0000000000000000   3.4776758031002680E+02   1.0957172017555253E-01
   26000.0000000000000000   3.6004480641059075E+02   1.0599058113229097E-01
   27000.0000000000000000   3.7227687893099971E+02   1.0175222605761688E-01
   28000.0000000000000000   3.8443583237959820E+02   9.9099551533929492E-02
   29000.0000000000000000   3.9658514987031964E+02   9.6648488026384038E-02
   30000.0000000000000000   4.0868177193855763E+02   9.2793686457446151E-02
   31000.0000000000000000   4.2076027257625276E+02   9.0311882907855481E-02
   32000.0000000000000000   4.3275994162211140E+02   8.7921352881917700E-02
   33000.0000000000000000   4.4470884070507378E+02   8.6797595918460757E-02
   34000.0000000000000000   4.5665151459331742E+02   8.4620355520954288E-02
   35000.0000000000000000   4.6858466925467195E+02   8.1213143091501031E-02
   36000.0000000000000000   4.8045872772190052E+02   8.0290729044768444E-02
   37000.0000000000000000   4.9233234090091645E+02   7.8738226291644994E-02
   38000.0000000000000000   5.0416837795736109E+02   7.5516123802138582E-02
   39000.0000000000000000   5.1590993488643517E+02   7.3909087571280577E-02
   40000.0000000000000000   5.2772688498547689E+02   7.2091125369973044E-02
   41000.0000000000000000   5.3941448292780740E+02   7.0384218687734285E-02
   42000.0000000000000000   5.5114417772203319E+02   6.9830270092525432E-02
   43000.0000000000000000   5.6277106643586626E+02   6.7731967662991388E-02
   44000.0000000000000000   5.7447539193125556E+02   6.6133223454314272E-02
   45000.0000000000000000   5.8610702862433368E+02   6.5280306038882588E-02
   46000.0000000000000000   5.9765448189716358E+02   6.3934382280050814E-02
   47000.0000000000000000   6.0920102239414325E+02   6.3540346909439535E-02
   48000.0000000000000000   6.2079860509111040E+02   6.1816241126486635E-02
   49000.0000000000000000   6.3233331188879288E+02   6.1322579639283205E-02
   50000.0000000000000000   6.4387350425261786E+02   5.9401223750525547E-02
