       0.1000000000000000   2.6573477964410486E+01   1.0961209719308914E-03
       0.2000000000000000   2.3395454060603132E+01   2.1414717625751561E-03
       0.3000000000000000   2.2341603018698358E+01   3.1784687712991637E-03
       0.4000000000000000   2.1941388393181800E+01   4.1674196882604680E-03
       0.5000000000000000   2.1740258402832460E+01   5.1438393303566386E-03
       0.6000000000000000   2.1634709196379198E+01   6.1097226446329188E-03
       0.7000000000000000   2.1584266336086948E+01   7.0668924253579728E-03
       0.7999999999999999   2.1566725462909478E+01   8.0166405443993800E-03
       0.8999999999999999   2.1571796425944541E+01   8.9575496572851694E-03
       0.9999999999999999   2.1589779762895393E+01   9.8934664316263545E-03
       2.0000000000000000   2.1978721494063056E+01   1.9018075966814624E-02
       3.0000000000000000   2.2317206387550733E+01   2.7995974479725034E-02
       4.0000000000000000   2.2517975171730221E+01   3.7070551696636367E-02
       5.0000000000000000   2.2596481643236121E+01   4.6392208315426009E-02
       6.0000000000000000   2.2576216692740033E+01   5.6065107891254143E-02
       7.0000000000000000   2.2478351841220409E+01   6.6161878954348455E-02
       8.0000000000000000   2.2319007216368146E+01   7.6741154700253777E-02
       9.0000000000000000   2.2110927578431230E+01   8.7852226640884823E-02
      10.0000000000000000   2.1863908948444873E+01   9.9540075760282912E-02
      11.0000000000000000   2.1585849936072581E+01   1.1184600147407771E-01
      12.0000000000000000   2.1283000051172507E+01   1.2480954291920210E-01
      13.0000000000000000   2.0960463002872071E+01   1.3846976088187687E-01
      14.0000000000000000   2.0622186396137280E+01   1.5286764920141632E-01
      15.0000000000000000   2.0271405688796012E+01   1.6804571733761081E-01
      16.0000000000000000   1.9910795314245188E+01   1.8404814424472229E-01
      17.0000000000000000   1.9542453060719684E+01   2.0092304771772254E-01
      18.0000000000000000   1.9168135669321128E+01   2.1872180978206021E-01
      19.0000000000000000   1.8789234400567430E+01   2.3750027812615515E-01
      20.0000000000000000   1.8406881846726279E+01   2.5731965097725468E-01
      21.0000000000000000   1.8021981707066381E+01   2.7824703384340155E-01
      22.0000000000000000   1.7635279389262024E+01   3.0035573600638593E-01
      23.0000000000000000   1.7247367047882772E+01   3.2372650982436257E-01
      24.0000000000000000   1.6858706696018238E+01   3.4844871846577680E-01
      25.0000000000000000   1.6469673055747197E+01   3.7462074983600069E-01
      26.0000000000000000   1.6080564891669340E+01   4.0235122761158065E-01
      27.0000000000000000   1.5691622385166458E+01   4.3176007451596365E-01
      28.0000000000000000   1.5303044721834736E+01   4.6297959860315063E-01
      29.0000000000000000   1.4914998807833115E+01   4.9615577011058237E-01
      30.0000000000000000   1.4527638787519576E+01   5.3144929874354596E-01
      31.0000000000000000   1.4141112370645994E+01   5.6903686376093954E-01
      32.0000000000000000   1.3755580454979256E+01   6.0911194313926609E-01
      33.0000000000000000   1.3371222649335841E+01   6.5188575150526118E-01
      34.0000000000000000   1.2988256374130030E+01   6.9758738552506017E-01
      35.0000000000000000   1.2606949339760089E+01   7.4646344267935305E-01
      36.0000000000000000   1.2227636148905251E+01   7.9877654960832689E-01
      37.0000000000000000   1.1850735238006630E+01   8.5480240097556559E-01
      38.0000000000000000   1.1476766932936476E+01   9.1482474960078053E-01
      39.0000000000000000   1.1106370797359599E+01   9.7912772058762942E-01
      40.0000000000000000   1.0740322392069036E+01   1.0479847721454896E+00
      41.0000000000000000   1.0379544856597391E+01   1.1216438323404687E+00
      41.9990000000000023   1.0025465009489693E+01   1.2002271074979165E+00
      42.0000000000000000   1.0025114144566825E+01   1.2003083243859818E+00
      42.0009999999999977   1.0024763287202635E+01   1.2003895464234671E+00
      43.0000000000000000   9.6782527231978968E+00   1.2841145693820151E+00
      44.0000000000000000   9.3403078952272462E+00   1.3731068819313894E+00
      44.9990000000000023   9.0130332062593226E+00   1.4671164136826917E+00
      45.0000000000000000   9.0127112648937544E+00   1.4672130166747219E+00
      45.0009999999999977   9.0123893353372235E+00   1.4673096245836952E+00
      46.0000000000000000   8.6969195800336632E+00   1.5662234759423341E+00
      47.0000000000000000   8.3943391418188096E+00   1.6697790494031344E+00
      48.0000000000000000   8.1062420856987512E+00   1.7773703467604687E+00
      49.0000000000000000   7.8336858299721621E+00   1.8883514581956689E+00
      50.0000000000000000   7.5774480899701659E+00   2.0019672010870053E+00
      51.0000000000000000   7.3379874475219413E+00   2.1173905998255442E+00
      52.0000000000000000   7.1154342452016559E+00   2.2337652428902541E+00
      53.0000000000000000   6.9096100868813188E+00   2.3502466698136146E+00
      54.0000000000000000   6.7200694988492229E+00   2.4660379043031644E+00
      55.0000000000000000   6.5461545560084682E+00   2.5804161525115212E+00
      56.0000000000000000   6.3870536101439246E+00   2.6927497345651106E+00
      57.0000000000000000   6.2418570796610178E+00   2.8025058250504116E+00
      58.0000000000000000   6.1096053613059862E+00   2.9092511325268062E+00
      59.0000000000000000   5.9893277490920145E+00   3.0126469251926133E+00
      60.0000000000000000   5.8800716709642673E+00   3.1124406357075514E+00
      61.0000000000000000   5.7809226416059003E+00   3.2084560517363920E+00
      62.0000000000000000   5.6910175635008464E+00   3.3005825021078583E+00
      63.0000000000000000   5.6095520236251302E+00   3.3887644828921668E+00
      64.0000000000000000   5.5357833991942167E+00   3.4729919732079799E+00
      65.0000000000000000   5.4690309954409297E+00   3.5532917461168707E+00
      66.0000000000000000   5.4086741645496224E+00   3.6297197753766217E+00
      67.0000000000000000   5.3541491690517029E+00   3.7023547323376769E+00
      67.9989999999999952   5.3049920395483188E+00   3.7712253790630483E+00
      68.0000000000000000   5.3049453360807322E+00   3.7712925053662159E+00
      68.0010000000000048   5.3048986374687805E+00   3.7713596280800230E+00
      69.0000000000000000   5.2606008841771441E+00   3.8366416422408576E+00
      70.0000000000000000   5.2206986865345977E+00   3.8985196029817724E+00
      71.0000000000000000   5.1848621397415933E+00   3.9570497116078087E+00
      72.0000000000000000   5.1527512457698510E+00   4.0123587002239534E+00
      73.0000000000000000   5.1240589606403013E+00   4.0645747507598315E+00
      74.0000000000000000   5.0985078392022851E+00   4.1138259501964267E+00
      75.0000000000000000   5.0758469700435667E+00   4.1602390976356354E+00
      76.0000000000000000   5.0558492624283895E+00   4.2039387375590769E+00
      77.0000000000000000   5.0383088949028991E+00   4.2450465284424315E+00
      78.0000000000000000   5.0230391410370805E+00   4.2836806881352913E+00
      79.0000000000000000   5.0098703726900116E+00   4.3199556423413705E+00
      80.0000000000000000   4.9986482905013618E+00   4.3539817815335802E+00
      81.0000000000000000   4.9892323476450287E+00   4.3858653129251719E+00
      82.0000000000000000   4.9814943482894574E+00   4.4157081876444311E+00
      83.0000000000000000   4.9753171990496057E+00   4.4436080868310599E+00
      84.0000000000000000   4.9705937973852814E+00   4.4696584536740191E+00
      85.0000000000000000   4.9672260441587976E+00   4.4939485604392484E+00
      86.0000000000000000   4.9651239623410035E+00   4.5165636020530675E+00
      87.0000000000000000   4.9642049107322999E+00   4.5375848108277319E+00
      88.0000000000000000   4.9643928897795053E+00   4.5570895769478827E+00
      89.0000000000000000   4.9656179062239580E+00   4.5751515948547565E+00
      90.0000000000000000   4.9678154196872590E+00   4.5918409990873474E+00
      91.0000000000000000   4.9709258411851893E+00   4.6072245114826238E+00
      92.0000000000000000   4.9748940841700389E+00   4.6213655876473858E+00
      93.0000000000000000   4.9796691619562576E+00   4.6343245626231804E+00
      94.0000000000000000   4.9852038260671838E+00   4.6461587944323366E+00
      95.0000000000000000   4.9914542408964948E+00   4.6569228045087625E+00
      96.0000000000000000   4.9983796907075799E+00   4.6666684142758399E+00
      97.0000000000000000   5.0059423153852096E+00   4.6754448773408690E+00
      98.0000000000000000   5.0141068715642385E+00   4.6832990069621827E+00
      99.0000000000000000   5.0228405179414048E+00   4.6902752984340337E+00
     100.0000000000000000   5.0321126182227625E+00   4.6964160465705902E+00
     103.9989999999999952   5.0740292152490261E+00   4.7133957737558401E+00
     104.0010000000000048   5.0740519506682826E+00   4.7134014724063400E+00
     110.0000000000000000   5.1489754166629149E+00   4.7198096727406043E+00
     120.0000000000000000   5.2971921483881861E+00   4.6935355186705943E+00
     130.0000000000000000   5.4651715042269258E+00   4.6368898241230241E+00
     140.0000000000000000   5.6461126516149349E+00   4.5619110090106787E+00
     150.0000000000000000   5.8280159926378303E+00   4.4966936188155566E+00
     153.9989999999999952   5.9109104563007477E+00   4.4504577081391341E+00
     154.0010000000000048   5.9109598436989650E+00   4.4504174446149767E+00
     160.0000000000000000   6.0277194546086914E+00   4.3998416562765721E+00
     167.9989999999999952   6.1866384128990282E+00   4.3287903373926149E+00
     168.0010000000000048   6.1866870673714338E+00   4.3287534603254301E+00
     169.9989999999999952   6.2282075187031767E+00   4.3075908685915287E+00
     170.0000000000000000   6.2282318002203940E+00   4.3075726770832121E+00
     170.0010000000000048   6.2282560802945826E+00   4.3075544879227268E+00
     180.0000000000000000   6.4292451553082923E+00   4.2198100939153056E+00
     190.0000000000000000   6.6366800649812703E+00   4.1231135255315072E+00
     200.0000000000000000   6.8435283898347841E+00   4.0322377313892961E+00
     210.0000000000000000   7.0497549987653665E+00   3.9466907000454543E+00
     220.0000000000000000   7.2553432176874413E+00   3.8660246117169246E+00
     230.0000000000000000   7.4602885085885733E+00   3.7898345308032315E+00
     231.9989999999999952   7.5062041912702897E+00   3.7647467926087339E+00
     232.0010000000000048   7.5062501027407578E+00   3.7647218715152606E+00
     233.9989999999999952   7.5470410260203247E+00   3.7502865489088815E+00
     234.0010000000000048   7.5470868627342211E+00   3.7502618977859186E+00
     236.9989999999999952   7.6057893753928747E+00   3.7339383084837161E+00
     237.0010000000000048   7.6058350902384033E+00   3.7339140148360670E+00
     240.0000000000000000   7.6694253788793008E+00   3.7078244307168626E+00
     250.0000000000000000   7.8775328570269654E+00   3.6305722078665057E+00
     260.0000000000000000   8.0846518318687259E+00   3.5576593748437366E+00
     270.0000000000000000   8.2908225773826025E+00   3.4887151394623479E+00
     280.0000000000000000   8.5003407634491275E+00   3.4151414734350798E+00
     290.0000000000000000   8.7045849765731607E+00   3.3535263873127712E+00
     300.0000000000000000   8.9120218064122056E+00   3.2873474146984663E+00
     310.0000000000000000   9.1145015875335531E+00   3.2319138181325822E+00
     320.0000000000000000   9.3200236004460741E+00   3.1720146685819692E+00
     330.0000000000000000   9.5246039826571280E+00   3.1150303679713733E+00
     340.0000000000000000   9.7282796829689264E+00   3.0607439505500089E+00
     350.0000000000000000   9.9310856762359947E+00   3.0089597793384302E+00
     360.0000000000000000   1.0133055047108495E+01   2.9595009881333438E+00
     370.0000000000000000   1.0337666426033508E+01   2.9062258408089807E+00
     380.0000000000000000   1.0537978146780091E+01   2.8611341908912302E+00
     390.0000000000000000   1.0737543395207782E+01   2.8179196195611542E+00
     398.9990000000000236   1.0918799358969528E+01   2.7766963541918761E+00
     399.0009999999999764   1.0918841027634556E+01   2.7766849260580284E+00
     400.0000000000000000   1.0939650584424301E+01   2.7709892459003571E+00
     410.0000000000000000   1.1137727544637382E+01   2.7313334438606507E+00
     415.9990000000000236   1.1258773737204521E+01   2.7041014231623182E+00
     416.0009999999999764   1.1258815110931991E+01   2.7040907100563842E+00
     420.0000000000000000   1.1338289093895693E+01   2.6880377838989258E+00
     430.0000000000000000   1.1538098067532919E+01   2.6464601329265860E+00
     440.0000000000000000   1.1734089258537226E+01   2.6114186360188665E+00
     450.0000000000000000   1.1932493829705185E+01   2.5728543783911491E+00
     460.0000000000000000   1.2130210899363767E+01   2.5357263350146009E+00
     470.0000000000000000   1.2327259846047122E+01   2.4999535196146025E+00
     480.0000000000000000   1.2523660018215317E+01   2.4654597960278402E+00
     490.0000000000000000   1.2716549260664108E+01   2.4365365697878092E+00
     500.0000000000000000   1.2911740034357070E+01   2.4042987923170753E+00
     510.0000000000000000   1.3106334012814441E+01   2.3731491445250903E+00
     510.9989999999999668   1.3126300303884172E+01   2.3692637400304788E+00
     511.0009999999999195   1.3126340270374158E+01   2.3692559754672269E+00
     520.0000000000000000   1.3300347184340499E+01   2.3430312490708309E+00
     530.0000000000000000   1.3496541525920122E+01   2.3098928073424290E+00
     540.0000000000000000   1.3689404858181595E+01   2.2817667138504820E+00
     550.0000000000000000   1.3881731184875541E+01   2.2545227395452248E+00
     560.0000000000000000   1.4073533876441200E+01   2.2281185650468252E+00
     570.0000000000000000   1.4264825835608768E+01   2.2025144950376760E+00
     580.0000000000000000   1.4458232829058749E+01   2.1740464640262043E+00
     590.0000000000000000   1.4648508868482407E+01   2.1499989100343373E+00
     600.0000000000000000   1.4838309493321036E+01   2.1266451485176279E+00
     610.0000000000000000   1.5027644960839069E+01   2.1039555463878945E+00
     620.0000000000000000   1.5219037681421559E+01   2.0785282359420076E+00
     630.0000000000000000   1.5407448173406662E+01   2.0571327133971185E+00
     640.0000000000000000   1.5597891010985533E+01   2.0330688784078954E+00
     650.0000000000000000   1.5785413494114541E+01   2.0128613993742994E+00
     660.0000000000000000   1.5974951544377584E+01   1.9900408267503589E+00
     670.0000000000000000   1.6161619633846389E+01   1.9709281700022696E+00
     680.0000000000000000   1.6350289666877618E+01   1.9492505746787923E+00
     690.0000000000000000   1.6536138396875156E+01   1.9311449271989936E+00
     700.0000000000000000   1.6723971800942721E+01   1.9105243551958750E+00
     710.0000000000000000   1.6909035070854816E+01   1.8933457077734241E+00
     720.0000000000000000   1.7096061051533091E+01   1.8737052390021081E+00
     730.0000000000000000   1.7280371539599599E+01   1.8573806199178164E+00
     740.0000000000000000   1.7466616789506233E+01   1.8386518783887593E+00
     750.0000000000000000   1.7652486808268062E+01   1.8203642742165558E+00
     760.0000000000000000   1.7835696324884321E+01   1.8052349459653450E+00
     770.0000000000000000   1.8020827655186643E+01   1.7877616457803198E+00
     780.0000000000000000   1.8205596561600423E+01   1.7706914113840158E+00
     790.0000000000000000   1.8387768501297895E+01   1.7566262486768049E+00
     800.0000000000000000   1.8571837635795045E+01   1.7402857149371511E+00
     810.0000000000000000   1.8755562261295371E+01   1.7243081873922976E+00
     820.0000000000000000   1.8938939498902915E+01   1.7086908675747965E+00
     830.0000000000000000   1.9119805753122787E+01   1.6958837087382290E+00
     840.0000000000000000   1.9302536336009865E+01   1.6808928696120546E+00
     850.0000000000000000   1.9484941581826000E+01   1.6662220764184656E+00
     860.0000000000000000   1.9667021759636889E+01   1.6518661401563606E+00
     870.0000000000000000   1.9848782060831443E+01   1.6378146097131012E+00
     880.0000000000000000   2.0030233147676320E+01   1.6240513557177385E+00
     890.0000000000000000   2.0209299028656950E+01   1.6128338192420435E+00
     900.0000000000000000   2.0390165726706311E+01   1.5995807063803680E+00
     910.0000000000000000   2.0570733500404391E+01   1.5865941749882799E+00
     920.0000000000000000   2.0751006148395970E+01   1.5738666659151095E+00
     930.0000000000000000   2.0930988445708749E+01   1.5613897589787975E+00
     940.0000000000000000   2.1110686180431060E+01   1.5491541836052718E+00
     950.0000000000000000   2.1290105488355845E+01   1.5371505809171793E+00
     960.0000000000000000   2.1469251507871792E+01   1.5253708843867424E+00
     970.0000000000000000   2.1648127964519087E+01   1.5138086771692603E+00
     980.0000000000000000   2.1826737792047172E+01   1.5024585022600274E+00
     990.0000000000000000   2.2005083824390475E+01   1.4913151361417167E+00
    1000.0000000000000000   2.2183169073362922E+01   1.4803733034975062E+00
    1100.0000000000000000   2.3950375229499564E+01   1.3809300006662770E+00
    1200.0000000000000000   2.5696658688944552E+01   1.2949488061846812E+00
    1300.0000000000000000   2.7424287126031782E+01   1.2195417058115647E+00
    1400.0000000000000000   2.9135147495716705E+01   1.1525878862655352E+00
    1500.0000000000000000   3.0829059699660359E+01   1.0938917183132033E+00
    1600.0000000000000000   3.2509061581969974E+01   1.0407867598707992E+00
    1700.0000000000000000   3.4173240101897314E+01   9.9456486268735544E-01
    1800.0000000000000000   3.5827335419908948E+01   9.5092936914310888E-01
    1843.9990000000000236   3.6550015462034587E+01   9.3390662850669248E-01
    1844.0009999999999764   3.6550048398317813E+01   9.3390577341499392E-01
    1900.0000000000000000   3.7467606661752519E+01   9.1255013707855548E-01
    2000.0000000000000000   3.9097712736615527E+01   8.7687097946552617E-01
    2100.0000000000000000   4.0717137250938585E+01   8.4427920386511901E-01
    2200.0000000000000000   4.2328065516237160E+01   8.1343539202370119E-01
    2300.0000000000000000   4.3927703564753415E+01   7.8608726777580040E-01
    2400.0000000000000000   4.5519917150339367E+01   7.5993699587182117E-01
    2475.9989999999997963   4.6724032539823838E+01   7.4146576031008571E-01
    2476.0010000000002037   4.6724064112610691E+01   7.4146530845435044E-01
    2500.0000000000000000   4.7103301067265420E+01   7.3585335282099695E-01
    2526.9989999999997963   4.7529354051896782E+01   7.2966404764216164E-01
    2527.0010000000002037   4.7529385648080130E+01   7.2966355903771085E-01
    2600.0000000000000000   4.8678623977688872E+01   7.1344852253553648E-01
    2631.9989999999997963   4.9181444977927626E+01   7.0640124319953612E-01
    2632.0010000000002037   4.9181476702018479E+01   7.0640064319249185E-01
    2700.0000000000000000   5.0246281024493925E+01   6.9254481931731204E-01
    2800.0000000000000000   5.1806147602514457E+01   6.7321214932536599E-01
    2871.9989999999997963   5.2926014967657480E+01   6.5947124480141051E-01
    2872.0010000000002037   5.2926046088890878E+01   6.5947083832575115E-01
    2900.0000000000000000   5.3360337903916388E+01   6.5442027281721560E-01
    3000.0000000000000000   5.4906704991057573E+01   6.3732544840753436E-01
    3100.0000000000000000   5.6448241866940975E+01   6.2047045891206265E-01
    3200.0000000000000000   5.7982327721582585E+01   6.0511628346302571E-01
    3300.0000000000000000   5.9511478108243189E+01   5.9019104471559547E-01
    3400.0000000000000000   6.1034663762270739E+01   5.7615861837751314E-01
    3500.0000000000000000   6.2551721028392130E+01   5.6310570245333691E-01
    3600.0000000000000000   6.4063655719100268E+01   5.5063692715516011E-01
    3700.0000000000000000   6.5571318496118650E+01   5.3845743968062243E-01
    3800.0000000000000000   6.7073821850215879E+01   5.2686924034543448E-01
    3900.0000000000000000   6.8570522096757827E+01   5.1624994082162212E-01
    4000.0000000000000000   7.0063316679442977E+01   5.0583582138986904E-01
    4100.0000000000000000   7.1552389356420292E+01   4.9557625438157776E-01
    4200.0000000000000000   7.3036219852975037E+01   4.8603772806524020E-01
    4300.0000000000000000   7.4515238392947822E+01   4.7716549813962905E-01
    4400.0000000000000000   7.5993074621247231E+01   4.6757856356958749E-01
    4500.0000000000000000   7.7463344591644159E+01   4.5962954876721618E-01
    4600.0000000000000000   7.8931886317091141E+01   4.5128727487394016E-01
    4700.0000000000000000   8.0394229233745705E+01   4.4398161816657039E-01
    4800.0000000000000000   8.1855450036147829E+01   4.3617860795630325E-01
    4900.0000000000000000   8.3313211861133894E+01   4.2861107488941991E-01
    5000.0000000000000000   8.4766980817762985E+01   4.2145704777764431E-01
    5100.0000000000000000   8.6216912577552762E+01   4.1467983735796832E-01
    5200.0000000000000000   8.7663088766354733E+01   4.0826697667330081E-01
    5300.0000000000000000   8.9105703072414641E+01   4.0216759397251284E-01
    5400.0000000000000000   9.0544304602039233E+01   3.9651712726048566E-01
    5500.0000000000000000   9.1983425162670898E+01   3.8999211936226086E-01
    5600.0000000000000000   9.3417731207116475E+01   3.8417560999282829E-01
    5700.0000000000000000   9.4846616890992934E+01   3.7919009243515550E-01
    5800.0000000000000000   9.6276963563942829E+01   3.7317335998656087E-01
    5900.0000000000000000   9.7699337071116545E+01   3.6876740784025169E-01
    6000.0000000000000000   9.9124506166521883E+01   3.6301428880280201E-01
    6100.0000000000000000   1.0054566662925254E+02   3.5772090377489746E-01
    6200.0000000000000000   1.0195825158793313E+02   3.5410319952553715E-01
    6300.0000000000000000   1.0337504718415100E+02   3.4886032238538223E-01
    6400.0000000000000000   1.0478744138072037E+02   3.4427131337236383E-01
    6500.0000000000000000   1.0619698623222875E+02   3.3974752243165401E-01
    6600.0000000000000000   1.0760525031274850E+02   3.3520448924335122E-01
    6700.0000000000000000   1.0900941235782082E+02   3.3107996198745376E-01
    6800.0000000000000000   1.1041178192832983E+02   3.2697370090749506E-01
    6900.0000000000000000   1.1181081581792712E+02   3.2322946616894632E-01
    7000.0000000000000000   1.1320743074685520E+02   3.1955969078252761E-01
    7100.0000000000000000   1.1460232579924958E+02   3.1590335013563831E-01
    7200.0000000000000000   1.1599352554854354E+02   3.1265316951783234E-01
    7300.0000000000000000   1.1738250336706123E+02   3.0944589448792359E-01
    7400.0000000000000000   1.1877628797737476E+02   3.0484243339067946E-01
    7500.0000000000000000   1.2016022136510531E+02   3.0193418877644940E-01
    7600.0000000000000000   1.2154345635738484E+02   2.9900084519492581E-01
    7700.0000000000000000   1.2292892082943374E+02   2.9497543107785024E-01
    7800.0000000000000000   1.2430706247109691E+02   2.9226543124418231E-01
    7900.0000000000000000   1.2568345240179754E+02   2.8971457277870977E-01
    8000.0000000000000000   1.2706206422356132E+02   2.8614891657371933E-01
    8100.0000000000000000   1.2843329128315133E+02   2.8378304333345156E-01
    8200.0000000000000000   1.2980912939436942E+02   2.8033972930522166E-01
    8300.0000000000000000   1.3117798891700289E+02   2.7790653789574882E-01
    8400.0000000000000000   1.3254843057281209E+02   2.7468389736374133E-01
    8500.0000000000000000   1.3391692863525134E+02   2.7159558402190365E-01
    8600.0000000000000000   1.3527779918610426E+02   2.6994247478131894E-01
    8700.0000000000000000   1.3664450684002512E+02   2.6683521056486159E-01
    8800.0000000000000000   1.3800850274197998E+02   2.6372417876545051E-01
    8900.0000000000000000   1.3936106669146784E+02   2.6263014926511458E-01
    9000.0000000000000000   1.4072326459984890E+02   2.5935047339006362E-01
    9100.0000000000000000   1.4207963842538561E+02   2.5705411640197962E-01
    9200.0000000000000000   1.4343762466312231E+02   2.5421831694531782E-01
    9300.0000000000000000   1.4478934348224195E+02   2.5234114087654630E-01
    9400.0000000000000000   1.4613707084095111E+02   2.5083758477102952E-01
    9500.0000000000000000   1.4748967059673203E+02   2.4810180126022707E-01
    9600.0000000000000000   1.4883928310272469E+02   2.4574077675266628E-01
    9700.0000000000000000   1.5018621331861763E+02   2.4356263963571739E-01
    9800.0000000000000000   1.5153048531712400E+02   2.4164131706409353E-01
    9900.0000000000000000   1.5287403876660412E+02   2.3962473100955312E-01
   10000.0000000000000000   1.5421658833220999E+02   2.3757389468299345E-01
   11000.0000000000000000   1.6756705182936801E+02   2.1869093527508615E-01
   12000.0000000000000000   1.8077928644825363E+02   2.0366002880080322E-01
   13000.0000000000000000   1.9387498037202053E+02   1.9052297749635846E-01
   14000.0000000000000000   2.0686819504823370E+02   1.7854163985562296E-01
   15000.0000000000000000   2.1975691615469003E+02   1.6853762964150767E-01
   16000.0000000000000000   2.3256207218085962E+02   1.5973653916239727E-01
   17000.0000000000000000   2.4527643647786144E+02   1.5169394673698347E-01
   18000.0000000000000000   2.5791323643543205E+02   1.4528048645509939E-01
   19000.0000000000000000   2.7048960864259732E+02   1.3768084540888642E-01
   20000.0000000000000000   2.8299213668698468E+02   1.3192592805423436E-01
   20005.9989999999997963   2.8306847266822456E+02   1.3172790833850126E-01
   20006.0010000000002037   2.8306849805490384E+02   1.3172785411109697E-01
   21000.0000000000000000   2.9542016894138897E+02   1.2756324797514237E-01
   22000.0000000000000000   3.0780640966941036E+02   1.2142518246773687E-01
   23000.0000000000000000   3.2011404656731446E+02   1.1666504034760927E-01
   24000.0000000000000000   3.3238692077500133E+02   1.1273073060976492E-01
   25000.0000000000000000   3.4459613366111279E+02   1.0966521727618278E-01
   26000.0000000000000000   3.5676388905605808E+02   1.0608088665956995E-01
   27000.0000000000000000   3.6888693418823868E+02   1.0183956172335645E-01
   28000.0000000000000000   3.8093782641231832E+02   9.9184116326425431E-02
   29000.0000000000000000   3.9297891341083300E+02   9.6730461239833448E-02
   30000.0000000000000000   4.0496792969559016E+02   9.2873230230213391E-02
   31000.0000000000000000   4.1693883645465377E+02   9.0389144362464771E-02
   32000.0000000000000000   4.2883203312560363E+02   8.7996465939738408E-02
   33000.0000000000000000   4.4067508422156942E+02   8.6870682846877295E-02
   34000.0000000000000000   4.5251174038932589E+02   8.4691528259152785E-02
   35000.0000000000000000   4.6433877750763969E+02   8.1282504391958180E-02
   36000.0000000000000000   4.7610752218676890E+02   8.0358373460460500E-02
   37000.0000000000000000   4.8787557605726874E+02   7.8804241033427286E-02
   38000.0000000000000000   4.9960648588820754E+02   7.5580589486330285E-02
   39000.0000000000000000   5.1124437959002830E+02   7.3972078873964106E-02
   40000.0000000000000000   5.2295607859958841E+02   7.2152711601685016E-02
   41000.0000000000000000   5.3454053012108318E+02   7.0444464299935533E-02
   42000.0000000000000000   5.4616610402785886E+02   6.9889235125376786E-02
   43000.0000000000000000   5.5769050957003810E+02   6.7789708142441119E-02
   44000.0000000000000000   5.6929075507811467E+02   6.6189791745254051E-02
   45000.0000000000000000   5.8081941889677353E+02   6.5335751160099334E-02
   46000.0000000000000000   5.9226521693268523E+02   6.3988750185845406E-02
   47000.0000000000000000   6.0370992897452186E+02   6.3593680742073222E-02
   48000.0000000000000000   6.1520458310013498E+02   6.1868581443020473E-02
   49000.0000000000000000   6.2663731004324370E+02   6.1373964615876388E-02
   50000.0000000000000000   6.3807524914415103E+02   5.9451689366837729E-02
