       0.1000000000000000   1.1695818940928876E+02   2.5009819077729628E-04
       0.2000000000000000   1.0137734318161749E+02   4.9960230338644946E-04
       0.3000000000000000   9.5309521674748055E+01   7.5856763353142744E-04
       0.4000000000000000   9.2190127199586058E+01   1.0168683015823942E-03
       0.5000000000000000   8.9977804465036741E+01   1.2829799624995521E-03
       0.6000000000000000   8.8211599217882934E+01   1.5573477964746011E-03
       0.7000000000000000   8.6708361235574813E+01   1.8404366319468386E-03
       0.7999999999999999   8.5369216578998120E+01   2.1325788802823977E-03
       0.8999999999999999   8.4149546530220064E+01   2.4333649565735607E-03
       0.9999999999999999   8.3004888814501342E+01   2.7438522149434551E-03
       2.0000000000000000   7.3569129382937817E+01   6.3901393969161739E-03
       3.0000000000000000   6.5924765173211611E+01   1.1082102663468782E-02
       4.0000000000000000   5.9549032432109840E+01   1.6839334325493241E-02
       5.0000000000000000   5.4239451370866313E+01   2.3631157302187813E-02
       6.0000000000000000   4.9805172471320653E+01   3.1408417844589233E-02
       7.0000000000000000   4.6075879087858887E+01   4.0117817884880891E-02
       8.0000000000000000   4.2907313835645063E+01   4.9714744187432436E-02
       9.0000000000000000   4.0184806874273008E+01   6.0165563965339237E-02
      10.0000000000000000   3.7818698207175160E+01   7.1448704170637603E-02
      11.0000000000000000   3.5740069113507104E+01   8.3552630508297851E-02
      12.0000000000000000   3.3895568295592149E+01   9.6474387895708627E-02
      13.0000000000000000   3.2243795701533351E+01   1.1021916209299983E-01
      14.0000000000000000   3.0751938543884847E+01   1.2480028587697421E-01
      15.0000000000000000   2.9394057044444189E+01   1.4023804340723442E-01
      16.0000000000000000   2.8149474171534163E+01   1.5655867450841085E-01
      17.0000000000000000   2.7001339165882207E+01   1.7379567685664118E-01
      18.0000000000000000   2.5935972606878234E+01   1.9198868216541945E-01
      19.0000000000000000   2.4942080529197899E+01   2.1118402118109658E-01
      20.0000000000000000   2.4010273897392587E+01   2.3143524599883464E-01
      21.0000000000000000   2.3132688284035190E+01   2.5280332323407206E-01
      22.0000000000000000   2.2302724479958783E+01   2.7535669930819445E-01
      23.0000000000000000   2.1514775315585936E+01   2.9917226696653992E-01
      24.0000000000000000   2.0764043515165930E+01   3.2433636453797554E-01
      25.0000000000000000   2.0046425815838056E+01   3.5094504040011920E-01
      26.0000000000000000   1.9358388570084589E+01   3.7910513234575444E-01
      27.0000000000000000   1.8696879565581654E+01   4.0893522946220329E-01
      28.0000000000000000   1.8059259058701013E+01   4.4056667367556135E-01
      29.0000000000000000   1.7443237060875397E+01   4.7414475698186825E-01
      30.0000000000000000   1.6846834927750287E+01   5.0982975266645103E-01
      31.0000000000000000   1.6268344304598454E+01   5.4779808693049892E-01
      32.0000000000000000   1.5706306612476780E+01   5.8824313914378623E-01
      33.0000000000000000   1.5159485708612598E+01   6.3137613791506064E-01
      34.0000000000000000   1.4626858866865366E+01   6.7742628797252458E-01
      35.0000000000000000   1.4107606513286830E+01   7.2664036335481808E-01
      36.0000000000000000   1.3601108812548162E+01   7.7928122093304264E-01
      37.0000000000000000   1.3106945754688990E+01   8.3562482449253894E-01
      38.0000000000000000   1.2624900422887661E+01   8.9595522401484651E-01
      39.0000000000000000   1.2154963566677674E+01   9.6055686009931018E-01
      40.0000000000000000   1.1697338413875526E+01   1.0297035190329387E+00
      41.0000000000000000   1.1252441083527488E+01   1.1036434617266258E+00
      41.9990000000000023   1.0821319666408693E+01   1.1824989597344673E+00
      42.0000000000000000   1.0820895045703534E+01   1.1825804450334032E+00
      42.0009999999999977   1.0820470439149968E+01   1.1826619354736991E+00
      43.0000000000000000   1.0403513909698592E+01   1.2666511213477210E+00
      44.0000000000000000   1.0001268975365356E+01   1.3559001294350095E+00
      44.9990000000000023   9.6156153124736523E+00   1.4501586898999466E+00
      45.0000000000000000   9.6152377518922396E+00   1.4502555385614841E+00
      45.0009999999999977   9.6148602086428543E+00   1.4503523921328485E+00
      46.0000000000000000   9.2465346866003397E+00   1.5495081541960891E+00
      47.0000000000000000   8.8962268069639716E+00   1.6532990554662730E+00
      48.0000000000000000   8.5652436082050798E+00   1.7611191271720632E+00
      49.0000000000000000   8.2542932026812981E+00   1.8723227194153871E+00
      50.0000000000000000   7.9637975245138213E+00   1.9861548947329439E+00
      51.0000000000000000   7.6938562146494833E+00   2.1017889082900516E+00
      52.0000000000000000   7.4442430893166636E+00   2.2183685665948718E+00
      53.0000000000000000   7.2144322917487802E+00   2.3350496157054295E+00
      54.0000000000000000   7.0036464003176899E+00   2.4510352757502081E+00
      55.0000000000000000   6.8109164212554170E+00   2.5656029404067722E+00
      56.0000000000000000   6.6351442700220753E+00   2.6781211095770661E+00
      57.0000000000000000   6.4751606223184526E+00   2.7880571304999671E+00
      58.0000000000000000   6.3297733038115789E+00   2.8949778778155877E+00
      59.0000000000000000   6.1978055212645051E+00   2.9985447795862550E+00
      60.0000000000000000   6.0781235590409333E+00   3.0985054226003497E+00
      61.0000000000000000   5.9696546636921770E+00   3.1946837426598487E+00
      62.0000000000000000   5.8713980671787818E+00   3.2869692111130697E+00
      63.0000000000000000   5.7824299420121887E+00   3.3753064610731238E+00
      64.0000000000000000   5.7019042692634327E+00   3.4596856031698033E+00
      65.0000000000000000   5.6290508865955315E+00   3.5401335366738964E+00
      66.0000000000000000   5.5631717260874121E+00   3.6167063563576134E+00
      67.0000000000000000   5.5036360083524274E+00   3.6894828495360228E+00
      67.9989999999999952   5.4499259868020458E+00   3.7584917525119184E+00
      68.0000000000000000   5.4498749352283626E+00   3.7585590156740021E+00
      68.0010000000000048   5.4498238889127748E+00   3.7586262752436892E+00
      69.0000000000000000   5.4013762506552849E+00   3.8240435089096763E+00
      70.0000000000000000   5.3576789158586973E+00   3.8860538911491318E+00
      71.0000000000000000   5.3183680442257755E+00   3.9447135839046075E+00
      72.0000000000000000   5.2830701864375236E+00   4.0001494126341441E+00
      73.0000000000000000   5.2514490003688241E+00   4.0524896486477555E+00
      74.0000000000000000   5.2232013178574750E+00   4.1018624645157669E+00
      75.0000000000000000   5.1980535871602225E+00   4.1483947412902129E+00
      76.0000000000000000   5.1757587420454279E+00   4.1922111020382671E+00
      77.0000000000000000   5.1560932912777675E+00   4.2334332804661621E+00
      78.0000000000000000   5.1388548406914403E+00   4.2721795665632660E+00
      79.0000000000000000   5.1238598355291600E+00   4.3085644552076614E+00
      80.0000000000000000   5.1109415677456322E+00   4.3426984032261693E+00
      81.0000000000000000   5.0999484085566804E+00   4.3746876815033158E+00
      82.0000000000000000   5.0907422415060646E+00   4.4046343022797352E+00
      83.0000000000000000   5.0831970727863736E+00   4.4326360054033183E+00
      84.0000000000000000   5.0771977975603395E+00   4.4587862904380158E+00
      85.0000000000000000   5.0726391059485429E+00   4.4831744838346426E+00
      86.0000000000000000   5.0694245102549145E+00   4.5058858326111135E+00
      87.0000000000000000   5.0674654782884057E+00   4.5270016191801252E+00
      88.0000000000000000   5.0666806709458774E+00   4.5465992819235002E+00
      89.0000000000000000   5.0669952444401121E+00   4.5647525616804661E+00
      90.0000000000000000   5.0683402453493924E+00   4.5815316376530655E+00
      91.0000000000000000   5.0706520617724156E+00   4.5970032746995990E+00
      92.0000000000000000   5.0738719336637663E+00   4.6112309698785010E+00
      93.0000000000000000   5.0779455142588237E+00   4.6242750981847163E+00
      94.0000000000000000   5.0828224766507315E+00   4.6361930561633136E+00
      95.0000000000000000   5.0884561603840632E+00   4.6470394024042712E+00
      96.0000000000000000   5.0948032535762007E+00   4.6568659941810209E+00
      97.0000000000000000   5.1018235065988291E+00   4.6657221197022807E+00
      98.0000000000000000   5.1094794736736739E+00   4.6736546256259208E+00
      99.0000000000000000   5.1177362803300426E+00   4.6807080395264888E+00
     100.0000000000000000   5.1265614114308615E+00   4.6869246873811594E+00
     103.9989999999999952   5.1669562325426632E+00   4.7041963032562943E+00
     104.0010000000000048   5.1669783034040089E+00   4.7042021434170138E+00
     110.0000000000000000   5.2402699837983775E+00   4.7110162236929352E+00
     120.0000000000000000   5.3870007378845841E+00   4.6853454029044102E+00
     130.0000000000000000   5.5545224484783065E+00   4.6292271150592645E+00
     140.0000000000000000   5.7356768723000835E+00   4.5547137480613298E+00
     150.0000000000000000   5.9181635183601662E+00   4.4898556737964102E+00
     153.9989999999999952   6.0016565992496478E+00   4.4437498049459911E+00
     154.0010000000000048   6.0017065357142325E+00   4.4437096050784826E+00
     160.0000000000000000   6.1191632893595997E+00   4.3933188756989026E+00
     167.9989999999999952   6.2791697546680449E+00   4.3224973365614572E+00
     168.0010000000000048   6.2792189575236570E+00   4.3224605146938311E+00
     169.9989999999999952   6.3210753458206117E+00   4.3013525331733753E+00
     170.0000000000000000   6.3210999014523930E+00   4.3013343687330048E+00
     170.0010000000000048   6.3211244555983273E+00   4.3013162066402097E+00
     180.0000000000000000   6.5236396475127325E+00   4.2138299932452243E+00
     190.0000000000000000   6.7328628946769555E+00   4.1173689689229436E+00
     200.0000000000000000   6.9415427075840812E+00   4.0267090156104706E+00
     210.0000000000000000   7.1496360935787973E+00   3.9413605794492006E+00
     220.0000000000000000   7.3571202537600238E+00   3.8608778988889050E+00
     230.0000000000000000   7.5639858059598550E+00   3.7848577759665187E+00
     231.9989999999999952   7.6104283485955175E+00   3.7598025333038332E+00
     232.0010000000000048   7.6104747869878890E+00   3.7597776444865363E+00
     233.9989999999999952   7.6516509539533653E+00   3.7453743340227810E+00
     234.0010000000000048   7.6516973167517266E+00   3.7453497147137615E+00
     236.9989999999999952   7.7109109381967489E+00   3.7290733063488277E+00
     237.0010000000000048   7.7109571776349775E+00   3.7290490438408836E+00
     240.0000000000000000   7.7751975053444360E+00   3.7030056618434202E+00
     250.0000000000000000   7.9853840801171732E+00   3.6259007181193703E+00
     260.0000000000000000   8.1945850919109198E+00   3.5531255472961614E+00
     270.0000000000000000   8.4028397731371491E+00   3.4843103014682453E+00
     280.0000000000000000   8.6145581001828297E+00   3.4108577747856428E+00
     290.0000000000000000   8.8208831726049794E+00   3.3493566976341653E+00
     300.0000000000000000   9.0305086515130792E+00   3.2832852365318068E+00
     310.0000000000000000   9.2350649121295909E+00   3.2279532128843367E+00
     320.0000000000000000   9.4427637301011664E+00   3.1681501931095477E+00
     330.0000000000000000   9.6495136922086804E+00   3.1112570200083947E+00
     340.0000000000000000   9.8553518767389843E+00   3.0570571215229525E+00
     350.0000000000000000   1.0060313405225994E+01   3.0053552133968560E+00
     360.0000000000000000   1.0264431520405253E+01   2.9559747464300892E+00
     370.0000000000000000   1.0471274688242856E+01   2.9027742702372623E+00
     380.0000000000000000   1.0673719784551242E+01   2.8577538966236675E+00
     390.0000000000000000   1.0875412181538142E+01   2.8146074408444708E+00
     398.9990000000000236   1.1058636037229432E+01   2.7734429467965556E+00
     399.0009999999999764   1.1058678180021216E+01   2.7734315314698428E+00
     400.0000000000000000   1.1079724515270527E+01   2.7677422346502554E+00
     410.0000000000000000   1.1279914536241453E+01   2.7281488456747418E+00
     415.9990000000000236   1.1402290851828202E+01   2.7009530189345137E+00
     416.0009999999999764   1.1402332695775018E+01   2.7009423177446110E+00
     420.0000000000000000   1.1482664305629974E+01   2.6849130211640380E+00
     430.0000000000000000   1.1684652869170268E+01   2.6433927897479239E+00
     440.0000000000000000   1.1882736512876031E+01   2.6084064447381530E+00
     450.0000000000000000   1.2083305149950354E+01   2.5698952074958643E+00
     460.0000000000000000   1.2283178328408100E+01   2.5328181782679184E+00
     470.0000000000000000   1.2482375631638138E+01   2.4970944862603450E+00
     480.0000000000000000   1.2680916627435801E+01   2.4626481019442572E+00
     490.0000000000000000   1.2875866732108348E+01   2.4337705294813601E+00
     500.0000000000000000   1.3073184877397898E+01   2.4015768116615201E+00
     510.0000000000000000   1.3269899271044421E+01   2.3704697141636002E+00
     510.9989999999999668   1.3290091041714790E+01   2.3665884805972479E+00
     511.0009999999999195   1.3290131459536456E+01   2.3665807243699386E+00
     520.0000000000000000   1.3466026086157056E+01   2.3403929384092406E+00
     530.0000000000000000   1.3664396215302684E+01   2.3072942590708019E+00
     540.0000000000000000   1.3859359216897854E+01   2.2792066389377243E+00
     550.0000000000000000   1.4053778956316027E+01   2.2519999126583348E+00
     560.0000000000000000   1.4247668959854103E+01   2.2256318203518388E+00
     570.0000000000000000   1.4441042282179014E+01   2.2000627223446152E+00
     580.0000000000000000   1.4636589705375405E+01   2.1716286052444378E+00
     590.0000000000000000   1.4828934772177327E+01   2.1476139559086760E+00
     600.0000000000000000   1.5020798893753032E+01   2.1242921356186732E+00
     610.0000000000000000   1.5212192439858407E+01   2.1016335543331266E+00
     620.0000000000000000   1.5405699935126455E+01   2.0762363848264855E+00
     630.0000000000000000   1.5596157315489688E+01   2.0548701614150007E+00
     640.0000000000000000   1.5788702713463593E+01   2.0308348196479535E+00
     650.0000000000000000   1.5978261323110420E+01   2.0106550617741692E+00
     660.0000000000000000   1.6169890378695971E+01   1.9878614701960071E+00
     670.0000000000000000   1.6358584213861317E+01   1.9687750845603353E+00
     680.0000000000000000   1.6549334182779269E+01   1.9471230789507423E+00
     690.0000000000000000   1.6737198724907707E+01   1.9290423667871217E+00
     700.0000000000000000   1.6927101377726515E+01   1.9084461012720251E+00
     710.0000000000000000   1.7114170973363223E+01   1.8912911557422978E+00
     720.0000000000000000   1.7303255870607448E+01   1.8716738072516399E+00
     730.0000000000000000   1.7489563640055028E+01   1.8553717486499066E+00
     740.0000000000000000   1.7677857791470213E+01   1.8366650285241761E+00
     750.0000000000000000   1.7865771927702458E+01   1.8183989263683777E+00
     760.0000000000000000   1.8050965202772616E+01   1.8032905994758530E+00
     770.0000000000000000   1.8238131200175491E+01   1.7858378178166519E+00
     780.0000000000000000   1.8424930084907537E+01   1.7687876360882799E+00
     790.0000000000000000   1.8609073133066865E+01   1.7547420763667694E+00
     800.0000000000000000   1.8795163324809497E+01   1.7384207113538983E+00
     810.0000000000000000   1.8980904557164806E+01   1.7224619329915496E+00
     820.0000000000000000   1.9166293821001645E+01   1.7068629568588833E+00
     830.0000000000000000   1.9349115250948145E+01   1.6940737496259197E+00
     840.0000000000000000   1.9533849728697113E+01   1.6791004828436891E+00
     850.0000000000000000   1.9718254648355845E+01   1.6644468949940148E+00
     860.0000000000000000   1.9902330231754615E+01   1.6501078088042422E+00
     870.0000000000000000   2.0086081743234065E+01   1.6360727843877474E+00
     880.0000000000000000   2.0269520050849582E+01   1.6223257031240401E+00
     890.0000000000000000   2.0450519256820947E+01   1.6111240163849621E+00
     900.0000000000000000   2.0633365903826160E+01   1.5978864401381272E+00
     910.0000000000000000   2.0815909738485878E+01   1.5849151417076428E+00
     920.0000000000000000   2.0998154605182798E+01   1.5722025710273990E+00
     930.0000000000000000   2.1180105349220380E+01   1.5597403166353667E+00
     940.0000000000000000   2.1361767854246228E+01   1.5475191163312620E+00
     950.0000000000000000   2.1543148360857732E+01   1.5355296192824595E+00
     960.0000000000000000   2.1724252089282238E+01   1.5237637666930117E+00
     970.0000000000000000   2.1905082814054150E+01   1.5122151491523681E+00
     980.0000000000000000   2.2085643499966793E+01   1.5008783168066187E+00
     990.0000000000000000   2.2265937010573854E+01   1.4897480530193827E+00
    1000.0000000000000000   2.2445966392470726E+01   1.4788190890976707E+00
    1100.0000000000000000   2.4232438929086342E+01   1.3794929206009412E+00
    1200.0000000000000000   2.5997741481075156E+01   1.2936112656467913E+00
    1300.0000000000000000   2.7744169116329761E+01   1.2182898852292865E+00
    1400.0000000000000000   2.9473631841036276E+01   1.1514107216009124E+00
    1500.0000000000000000   3.1185927908090534E+01   1.0927802060551857E+00
    1600.0000000000000000   3.2884151387084231E+01   1.0397334695713474E+00
    1700.0000000000000000   3.4566332443312476E+01   9.9356358654678756E-01
    1800.0000000000000000   3.6238333496229295E+01   9.4997486467060710E-01
    1843.9990000000000236   3.6968814616021390E+01   9.3297124714089741E-01
    1844.0009999999999764   3.6968847909443866E+01   9.3297039289969730E-01
    1900.0000000000000000   3.7896317863493195E+01   9.1163793452864783E-01
    2000.0000000000000000   3.9544020726790272E+01   8.7599723533606266E-01
    2100.0000000000000000   4.1180906582156581E+01   8.4344058777991271E-01
    2200.0000000000000000   4.2809204409383497E+01   8.1262899822753387E-01
    2300.0000000000000000   4.4426050651694290E+01   7.8531054505439746E-01
    2400.0000000000000000   4.6035394290283172E+01   7.5918769145692599E-01
    2475.9989999999997963   4.7252450724561172E+01   7.4073594406994858E-01
    2476.0010000000002037   4.7252482635930434E+01   7.4073549271275030E-01
    2500.0000000000000000   4.7635793413214884E+01   7.3512946704468174E-01
    2526.9989999999997963   4.8066421667999272E+01   7.2894671061867622E-01
    2527.0010000000002037   4.8066453604130317E+01   7.2894622249462215E-01
    2600.0000000000000000   4.9228030028082912E+01   7.1274827184179479E-01
    2631.9989999999997963   4.9736251069868437E+01   7.0570820989321803E-01
    2632.0010000000002037   4.9736283138451974E+01   7.0570761033228346E-01
    2700.0000000000000000   5.0812504458287677E+01   6.9186660583975135E-01
    2800.0000000000000000   5.2389085825689584E+01   6.7255453567374579E-01
    2871.9989999999997963   5.3520958619200627E+01   6.5882765180466818E-01
    2872.0010000000002037   5.3520990074720935E+01   6.5882724570957474E-01
    2900.0000000000000000   5.3959932979689590E+01   6.5378196103304032E-01
    3000.0000000000000000   5.5522847490500361E+01   6.3670526228409452E-01
    3100.0000000000000000   5.7080887234744253E+01   6.1986732905042352E-01
    3200.0000000000000000   5.8631369776566544E+01   6.0452923456877061E-01
    3300.0000000000000000   6.0176865030091079E+01   5.8961918474297548E-01
    3400.0000000000000000   6.1716318386260951E+01   5.7560112920620110E-01
    3500.0000000000000000   6.3249560534729675E+01   5.6256183184404140E-01
    3600.0000000000000000   6.4777618004759731E+01   5.5010598177822234E-01
    3700.0000000000000000   6.6301358739208524E+01   5.3793877904950405E-01
    3800.0000000000000000   6.7819873676261793E+01   5.2636227151704695E-01
    3900.0000000000000000   6.9332503215819656E+01   5.1575411374949731E-01
    4000.0000000000000000   7.0841185776447659E+01   5.0535062483552506E-01
    4100.0000000000000000   7.2346107800890437E+01   4.9510121230512716E-01
    4200.0000000000000000   7.3845713790328574E+01   4.8557239642905303E-01
    4300.0000000000000000   7.5340442376878443E+01   4.7670946206932685E-01
    4400.0000000000000000   7.6834002851059552E+01   4.6713143482525593E-01
    4500.0000000000000000   7.8319868058889554E+01   4.5919096348482930E-01
    4600.0000000000000000   7.9804004873920050E+01   4.5085689154291675E-01
    4700.0000000000000000   8.1281842371595545E+01   4.4355911581429669E-01
    4800.0000000000000000   8.2758569060524451E+01   4.3576368451459935E-01
    4900.0000000000000000   8.4231795246275894E+01   4.2820344572139279E-01
    5000.0000000000000000   8.5700974347509614E+01   4.2105644434630635E-01
    5100.0000000000000000   8.7166264688666971E+01   4.1428600602048149E-01
    5200.0000000000000000   8.8627748940275069E+01   4.0787967758681720E-01
    5300.0000000000000000   9.0085624345855564E+01   4.0178660009938544E-01
    5400.0000000000000000   9.1539429344525786E+01   3.9614222346215883E-01
    5500.0000000000000000   9.2993795194464013E+01   3.8962310157247887E-01
    5600.0000000000000000   9.4443269808831289E+01   3.8381228446193105E-01
    5700.0000000000000000   9.5887233415351602E+01   3.7883227503821781E-01
    5800.0000000000000000   9.7332718594611407E+01   3.7282087558897964E-01
    5900.0000000000000000   9.8770082528280852E+01   3.6842008971512241E-01
    6000.0000000000000000   1.0021033080778069E+02   3.6267197809507135E-01
    6100.0000000000000000   1.0164650867768812E+02   3.5738344900783020E-01
    6200.0000000000000000   1.0307394829679056E+02   3.5377045614553831E-01
    6300.0000000000000000   1.0450571673027144E+02   3.4853215234162915E-01
    6400.0000000000000000   1.0593301191334625E+02   3.4394758472808973E-01
    6500.0000000000000000   1.0735741960049393E+02   3.3942810900425152E-01
    6600.0000000000000000   1.0878054238123491E+02   3.3488927027075749E-01
    6700.0000000000000000   1.1019949658707168E+02   3.3076882181853523E-01
    6800.0000000000000000   1.1161664209314834E+02   3.2666652871438245E-01
    6900.0000000000000000   1.1303040142408770E+02   3.2292615567946620E-01
    7000.0000000000000000   1.1444171103806946E+02   3.1926014003106323E-01
    7100.0000000000000000   1.1585128496590451E+02   3.1560746123091099E-01
    7200.0000000000000000   1.1725710412743071E+02   3.1236084842623324E-01
    7300.0000000000000000   1.1866067384399241E+02   3.0915705083116019E-01
    7400.0000000000000000   1.2006917634050076E+02   3.0455698025660938E-01
    7500.0000000000000000   1.2146763237959269E+02   3.0165204254207950E-01
    7600.0000000000000000   1.2286539484895135E+02   2.9872192536064524E-01
    7700.0000000000000000   1.2426545528650409E+02   2.9469966011204762E-01
    7800.0000000000000000   1.2565805221186287E+02   2.9199273443747492E-01
    7900.0000000000000000   1.2704887829027828E+02   2.8944487810707320E-01
    8000.0000000000000000   1.2844199360747882E+02   2.8588215456987287E-01
    8100.0000000000000000   1.2982758141627764E+02   2.8351914696590635E-01
    8200.0000000000000000   1.3121789916890481E+02   2.8007863386444398E-01
    8300.0000000000000000   1.3260110398355351E+02   2.7764818088694504E-01
    8400.0000000000000000   1.3398594313259321E+02   2.7442821840580200E-01
    8500.0000000000000000   1.3536881370278525E+02   2.7134252475208465E-01
    8600.0000000000000000   1.3674390766511169E+02   2.6969197876527479E-01
    8700.0000000000000000   1.3812498286692752E+02   2.6658722321166856E-01
    8800.0000000000000000   1.3950330387671207E+02   2.6347864724729209E-01
    8900.0000000000000000   1.4086996043103781E+02   2.6238702244132400E-01
    9000.0000000000000000   1.4224647693166716E+02   2.5910970173524067E-01
    9100.0000000000000000   1.4361705854880944E+02   2.5681565193792172E-01
    9200.0000000000000000   1.4498930341330066E+02   2.5398211317652303E-01
    9300.0000000000000000   1.4635516007464702E+02   2.5210715272906720E-01
    9400.0000000000000000   1.4771695386394410E+02   2.5060576853446581E-01
    9500.0000000000000000   1.4908374112647459E+02   2.4787211453266911E-01
    9600.0000000000000000   1.5044749114335039E+02   2.4551317838840744E-01
    9700.0000000000000000   1.5180851534104301E+02   2.4333708969557083E-01
    9800.0000000000000000   1.5316683815694074E+02   2.4141777676815701E-01
    9900.0000000000000000   1.5452444121186224E+02   2.3940316269227963E-01
   10000.0000000000000000   1.5588103279304056E+02   2.3735426175043023E-01
   11000.0000000000000000   1.6937103332032012E+02   2.1848885246890137E-01
   12000.0000000000000000   1.8272106105278749E+02   2.0347276396889968E-01
   13000.0000000000000000   1.9595315197294750E+02   1.9034840044890791E-01
   14000.0000000000000000   2.0908156983356935E+02   1.7837805627598244E-01
   15000.0000000000000000   2.2210417244210080E+02   1.6838366883754299E-01
   16000.0000000000000000   2.3504226613409296E+02   1.5959107592968344E-01
   17000.0000000000000000   2.4788840722859854E+02   1.5155604557045682E-01
   18000.0000000000000000   2.6065605302412536E+02   1.4514936083080318E-01
   19000.0000000000000000   2.7336265907255881E+02   1.3755582748626383E-01
   20000.0000000000000000   2.8599448037017419E+02   1.3180644574471972E-01
   20005.9989999999997963   2.8607162226179435E+02   1.3160845767604695E-01
   20006.0010000000002037   2.8607164791581528E+02   1.3160840345919048E-01
   21000.0000000000000000   2.9855081498300200E+02   1.2744880732080463E-01
   22000.0000000000000000   3.1106503101830128E+02   1.2131535391507489E-01
   23000.0000000000000000   3.2349950254767248E+02   1.1655944792371704E-01
   24000.0000000000000000   3.3589897659549206E+02   1.1262904329192601E-01
   25000.0000000000000000   3.4823391570845013E+02   1.0956714204053855E-01
   26000.0000000000000000   3.6052697311021814E+02   1.0598616283025296E-01
   27000.0000000000000000   3.7277480643124670E+02   1.0174795633970310E-01
   28000.0000000000000000   3.8494937327600309E+02   9.9095420315085947E-02
   29000.0000000000000000   3.9711432459683010E+02   9.6644486229044105E-02
   30000.0000000000000000   4.0922648396197781E+02   9.2789805880719195E-02
   31000.0000000000000000   4.2132051592378821E+02   9.0308116117366929E-02
   32000.0000000000000000   4.3333554698553871E+02   8.7917693116497678E-02
   33000.0000000000000000   4.4529971229224896E+02   8.6794037010671593E-02
   34000.0000000000000000   4.5725767370630990E+02   8.4616891829058696E-02
   35000.0000000000000000   4.6920612697098881E+02   8.1209769440944046E-02
   36000.0000000000000000   4.8109536229682828E+02   8.0287440677615646E-02
   37000.0000000000000000   4.9298418507016743E+02   7.8735018822709765E-02
   38000.0000000000000000   5.0483536490900724E+02   7.5512993180760810E-02
   39000.0000000000000000   5.1659184634096277E+02   7.3906030047902666E-02
   40000.0000000000000000   5.2842395117840761E+02   7.2088137466806423E-02
   41000.0000000000000000   5.4012639178061954E+02   7.0381297172928278E-02
   42000.0000000000000000   5.5187106946174947E+02   6.9827411957346958E-02
   43000.0000000000000000   5.6351269792152800E+02   6.7729170101602912E-02
   44000.0000000000000000   5.7523199476559864E+02   6.6130483845801613E-02
   45000.0000000000000000   5.8687843773396639E+02   6.5277621931238303E-02
   46000.0000000000000000   5.9844050153539308E+02   6.3931751375861989E-02
   47000.0000000000000000   6.1000167553066183E+02   6.3537767053066907E-02
   48000.0000000000000000   6.2161405053375609E+02   6.1813710292551283E-02
   49000.0000000000000000   6.3316340823147516E+02   6.1320095922303676E-02
   50000.0000000000000000   6.4471828922153782E+02   5.9398785355570055E-02
