       0.1000000000000000   1.0000000000000000E+30   0.0000000000000000E+00
       0.2000000000000000   1.0000000000000000E+30   0.0000000000000000E+00
       0.3000000000000000   1.0000000000000000E+30   0.0000000000000000E+00
       0.4000000000000000   1.0000000000000000E+30   0.0000000000000000E+00
       0.5000000000000000   1.0000000000000000E+30   0.0000000000000000E+00
       0.6000000000000000   1.0000000000000000E+30   0.0000000000000000E+00
       0.7000000000000000   1.0000000000000000E+30   0.0000000000000000E+00
       0.7999999999999999   1.0000000000000000E+30   0.0000000000000000E+00
       0.8999999999999999   1.0000000000000000E+30   0.0000000000000000E+00
       0.9999999999999999   1.0000000000000000E+30   0.0000000000000000E+00
       2.0000000000000000   1.0000000000000000E+30   0.0000000000000000E+00
       3.0000000000000000   1.0000000000000000E+30   0.0000000000000000E+00
       4.0000000000000000   1.0000000000000000E+30   0.0000000000000000E+00
       5.0000000000000000   1.0000000000000000E+30   0.0000000000000000E+00
       6.0000000000000000   1.0000000000000000E+30   0.0000000000000000E+00
       7.0000000000000000   1.0000000000000000E+30   0.0000000000000000E+00
       8.0000000000000000   1.0000000000000000E+30   0.0000000000000000E+00
       9.0000000000000000   1.0000000000000000E+30   0.0000000000000000E+00
      10.0000000000000000   1.0000000000000000E+30   0.0000000000000000E+00
      11.0000000000000000   1.0000000000000000E+30   0.0000000000000000E+00
      12.0000000000000000   1.0000000000000000E+30   0.0000000000000000E+00
      13.0000000000000000   1.0000000000000000E+30   0.0000000000000000E+00
      14.0000000000000000   1.0000000000000000E+30   0.0000000000000000E+00
      15.0000000000000000   1.0000000000000000E+30   0.0000000000000000E+00
      16.0000000000000000   1.0000000000000000E+30   0.0000000000000000E+00
      17.0000000000000000   1.0000000000000000E+30   0.0000000000000000E+00
      18.0000000000000000   1.0000000000000000E+30   0.0000000000000000E+00
      19.0000000000000000   1.0000000000000000E+30   0.0000000000000000E+00
      20.0000000000000000   1.0000000000000000E+30   0.0000000000000000E+00
      21.0000000000000000   1.0000000000000000E+30   0.0000000000000000E+00
      22.0000000000000000   1.0000000000000000E+30   0.0000000000000000E+00
      23.0000000000000000   1.0000000000000000E+30   0.0000000000000000E+00
      24.0000000000000000   1.0000000000000000E+30   0.0000000000000000E+00
      25.0000000000000000   1.0000000000000000E+30   0.0000000000000000E+00
      26.0000000000000000   1.0000000000000000E+30   0.0000000000000000E+00
      27.0000000000000000   1.0000000000000000E+30   0.0000000000000000E+00
      28.0000000000000000   1.0000000000000000E+30   0.0000000000000000E+00
      29.0000000000000000   1.0000000000000000E+30   0.0000000000000000E+00
      30.0000000000000000   1.0000000000000000E+30   0.0000000000000000E+00
      31.0000000000000000   1.0000000000000000E+30   0.0000000000000000E+00
      32.0000000000000000   1.0000000000000000E+30   0.0000000000000000E+00
      33.0000000000000000   1.0000000000000000E+30   0.0000000000000000E+00
      34.0000000000000000   1.0000000000000000E+30   0.0000000000000000E+00
      35.0000000000000000   1.0000000000000000E+30   0.0000000000000000E+00
      36.0000000000000000   1.0000000000000000E+30   0.0000000000000000E+00
      37.0000000000000000   1.0000000000000000E+30   0.0000000000000000E+00
      38.0000000000000000   1.0000000000000000E+30   0.0000000000000000E+00
      39.0000000000000000   1.0000000000000000E+30   0.0000000000000000E+00
      40.0000000000000000   1.0000000000000000E+30   0.0000000000000000E+00
      41.0000000000000000   1.0000000000000000E+30   0.0000000000000000E+00
      41.9990000000000023   1.0000000000000000E+30   0.0000000000000000E+00
      42.0000000000000000   1.0000000000000000E+30   0.0000000000000000E+00
      42.0009999999999977   1.0000000000000000E+30   0.0000000000000000E+00
      43.0000000000000000   1.0000000000000000E+30   0.0000000000000000E+00
      44.0000000000000000   1.0000000000000000E+30   0.0000000000000000E+00
      44.9990000000000023   1.0000000000000000E+30   0.0000000000000000E+00
      45.0000000000000000   1.0000000000000000E+30   0.0000000000000000E+00
      45.0009999999999977   1.0000000000000000E+30   0.0000000000000000E+00
      46.0000000000000000   1.0000000000000000E+30   0.0000000000000000E+00
      47.0000000000000000   1.0000000000000000E+30   0.0000000000000000E+00
      48.0000000000000000   1.0000000000000000E+30   0.0000000000000000E+00
      49.0000000000000000   1.0000000000000000E+30   0.0000000000000000E+00
      50.0000000000000000   1.0000000000000000E+30   0.0000000000000000E+00
      51.0000000000000000   1.0000000000000000E+30   0.0000000000000000E+00
      52.0000000000000000   1.0000000000000000E+30   0.0000000000000000E+00
      53.0000000000000000   1.0000000000000000E+30   0.0000000000000000E+00
      54.0000000000000000   1.0000000000000000E+30   0.0000000000000000E+00
      55.0000000000000000   1.0000000000000000E+30   0.0000000000000000E+00
      56.0000000000000000   1.0000000000000000E+30   0.0000000000000000E+00
      57.0000000000000000   1.0000000000000000E+30   0.0000000000000000E+00
      58.0000000000000000   1.0000000000000000E+30   0.0000000000000000E+00
      59.0000000000000000   1.0000000000000000E+30   0.0000000000000000E+00
      60.0000000000000000   1.0000000000000000E+30   0.0000000000000000E+00
      61.0000000000000000   1.0000000000000000E+30   0.0000000000000000E+00
      62.0000000000000000   1.0000000000000000E+30   0.0000000000000000E+00
      63.0000000000000000   1.0000000000000000E+30   0.0000000000000000E+00
      64.0000000000000000   1.0000000000000000E+30   0.0000000000000000E+00
      65.0000000000000000   1.0000000000000000E+30   0.0000000000000000E+00
      66.0000000000000000   1.0000000000000000E+30   0.0000000000000000E+00
      67.0000000000000000   1.0000000000000000E+30   0.0000000000000000E+00
      67.9989999999999952   1.0000000000000000E+30   0.0000000000000000E+00
      68.0000000000000000   1.0000000000000000E+30   0.0000000000000000E+00
      68.0010000000000048   1.0000000000000000E+30   0.0000000000000000E+00
      69.0000000000000000   1.0000000000000000E+30   0.0000000000000000E+00
      70.0000000000000000   1.0000000000000000E+30   0.0000000000000000E+00
      71.0000000000000000   1.0000000000000000E+30   0.0000000000000000E+00
      72.0000000000000000   1.0000000000000000E+30   0.0000000000000000E+00
      73.0000000000000000   1.0000000000000000E+30   0.0000000000000000E+00
      74.0000000000000000   1.0000000000000000E+30   0.0000000000000000E+00
      75.0000000000000000   1.0000000000000000E+30   0.0000000000000000E+00
      76.0000000000000000   1.0000000000000000E+30   0.0000000000000000E+00
      77.0000000000000000   1.0000000000000000E+30   0.0000000000000000E+00
      78.0000000000000000   1.0000000000000000E+30   0.0000000000000000E+00
      79.0000000000000000   1.0000000000000000E+30   0.0000000000000000E+00
      80.0000000000000000   1.0000000000000000E+30   0.0000000000000000E+00
      81.0000000000000000   1.0000000000000000E+30   0.0000000000000000E+00
      82.0000000000000000   1.0000000000000000E+30   0.0000000000000000E+00
      83.0000000000000000   1.0000000000000000E+30   0.0000000000000000E+00
      84.0000000000000000   1.0000000000000000E+30   0.0000000000000000E+00
      85.0000000000000000   1.0000000000000000E+30   0.0000000000000000E+00
      86.0000000000000000   1.0000000000000000E+30   0.0000000000000000E+00
      87.0000000000000000   1.0000000000000000E+30   0.0000000000000000E+00
      88.0000000000000000   1.0000000000000000E+30   0.0000000000000000E+00
      89.0000000000000000   1.0000000000000000E+30   0.0000000000000000E+00
      90.0000000000000000   1.0000000000000000E+30   0.0000000000000000E+00
      91.0000000000000000   1.0000000000000000E+30   0.0000000000000000E+00
      92.0000000000000000   1.0000000000000000E+30   0.0000000000000000E+00
      93.0000000000000000   1.0000000000000000E+30   0.0000000000000000E+00
      94.0000000000000000   1.0000000000000000E+30   0.0000000000000000E+00
      95.0000000000000000   1.0000000000000000E+30   0.0000000000000000E+00
      96.0000000000000000   1.0000000000000000E+30   0.0000000000000000E+00
      97.0000000000000000   1.0000000000000000E+30   0.0000000000000000E+00
      98.0000000000000000   1.0000000000000000E+30   0.0000000000000000E+00
      99.0000000000000000   1.0000000000000000E+30   0.0000000000000000E+00
     100.0000000000000000   1.0000000000000000E+30   0.0000000000000000E+00
     103.9989999999999952   1.0000000000000000E+30   0.0000000000000000E+00
     104.0010000000000048   1.0000000000000000E+30   0.0000000000000000E+00
     110.0000000000000000   1.0000000000000000E+30   0.0000000000000000E+00
     120.0000000000000000   1.0000000000000000E+30   0.0000000000000000E+00
     130.0000000000000000   1.0000000000000000E+30   0.0000000000000000E+00
     140.0000000000000000   1.0000000000000000E+30   0.0000000000000000E+00
     150.0000000000000000   1.0000000000000000E+30   0.0000000000000000E+00
     153.9989999999999952   1.0000000000000000E+30   0.0000000000000000E+00
     154.0010000000000048   1.0000000000000000E+30   0.0000000000000000E+00
     160.0000000000000000   1.0000000000000000E+30   0.0000000000000000E+00
     167.9989999999999952   1.0000000000000000E+30   0.0000000000000000E+00
     168.0010000000000048   1.0000000000000000E+30   0.0000000000000000E+00
     169.9989999999999952   1.0000000000000000E+30   0.0000000000000000E+00
     170.0000000000000000   1.0000000000000000E+30   0.0000000000000000E+00
     170.0010000000000048   1.0000000000000000E+30   0.0000000000000000E+00
     180.0000000000000000   1.0000000000000000E+30   0.0000000000000000E+00
     190.0000000000000000   1.0000000000000000E+30   0.0000000000000000E+00
     200.0000000000000000   1.0000000000000000E+30   0.0000000000000000E+00
     210.0000000000000000   1.0000000000000000E+30   0.0000000000000000E+00
     220.0000000000000000   1.0000000000000000E+30   0.0000000000000000E+00
     230.0000000000000000   1.0000000000000000E+30   0.0000000000000000E+00
     231.9989999999999952   1.0000000000000000E+30   0.0000000000000000E+00
     232.0010000000000048   1.0000000000000000E+30   0.0000000000000000E+00
     233.9989999999999952   1.0000000000000000E+30   0.0000000000000000E+00
     234.0010000000000048   1.0000000000000000E+30   0.0000000000000000E+00
     236.9989999999999952   1.0000000000000000E+30   0.0000000000000000E+00
     237.0010000000000048   1.0000000000000000E+30   0.0000000000000000E+00
     240.0000000000000000   1.0000000000000000E+30   0.0000000000000000E+00
     250.0000000000000000   1.0000000000000000E+30   0.0000000000000000E+00
     260.0000000000000000   1.0000000000000000E+30   0.0000000000000000E+00
     270.0000000000000000   1.0000000000000000E+30   0.0000000000000000E+00
     280.0000000000000000   1.0000000000000000E+30   0.0000000000000000E+00
     290.0000000000000000   1.0000000000000000E+30   0.0000000000000000E+00
     300.0000000000000000   1.0000000000000000E+30   0.0000000000000000E+00
     310.0000000000000000   1.0000000000000000E+30   0.0000000000000000E+00
     320.0000000000000000   1.0000000000000000E+30   0.0000000000000000E+00
     330.0000000000000000   1.0000000000000000E+30   0.0000000000000000E+00
     340.0000000000000000   1.0000000000000000E+30   0.0000000000000000E+00
     350.0000000000000000   1.0000000000000000E+30   0.0000000000000000E+00
     360.0000000000000000   1.0000000000000000E+30   0.0000000000000000E+00
     370.0000000000000000   1.0000000000000000E+30   0.0000000000000000E+00
     380.0000000000000000   1.0000000000000000E+30   0.0000000000000000E+00
     390.0000000000000000   1.0000000000000000E+30   0.0000000000000000E+00
     398.9990000000000236   1.0000000000000000E+30   0.0000000000000000E+00
     399.0009999999999764   1.0000000000000000E+30   0.0000000000000000E+00
     400.0000000000000000   1.0000000000000000E+30   0.0000000000000000E+00
     410.0000000000000000   1.0000000000000000E+30   0.0000000000000000E+00
     415.9990000000000236   1.0000000000000000E+30   0.0000000000000000E+00
     416.0009999999999764   7.8146819589015210E+11   5.3233132479069618E-10
     420.0000000000000000   1.5401472849596232E+07   2.7070930769124050E-05
     430.0000000000000000   2.3236429471228304E+06   1.8042230055450057E-04
     440.0000000000000000   1.0191037607321341E+06   4.1361348869790670E-04
     450.0000000000000000   5.9576370580879739E+05   7.1130772330284774E-04
     460.0000000000000000   3.9962976368898898E+05   1.0660137627226778E-03
     470.0000000000000000   2.9075860154400201E+05   1.4728282967709134E-03
     480.0000000000000000   2.2327602042526694E+05   1.9279006857297837E-03
     490.0000000000000000   1.7818167477191964E+05   2.4282103707426003E-03
     500.0000000000000000   1.4637836727329838E+05   2.9708359201700914E-03
     510.0000000000000000   1.2299833667569091E+05   3.5534271172902821E-03
     510.9989999999999668   1.2100808717609724E+05   3.6136845779689013E-03
     511.0009999999999195   1.2100423934614637E+05   3.6138031037316891E-03
     520.0000000000000000   1.0524846531884870E+05   4.1735763958264975E-03
     530.0000000000000000   9.1413597764916936E+04   4.8292424495123250E-03
     540.0000000000000000   8.0392877629519280E+04   5.5185726630882963E-03
     550.0000000000000000   7.1455173272396467E+04   6.2395689099093623E-03
     560.0000000000000000   6.4094199325783324E+04   6.9904254494134064E-03
     570.0000000000000000   5.7950503498178616E+04   7.7694353565322029E-03
     580.0000000000000000   5.2761791367995073E+04   8.5751751986109827E-03
     590.0000000000000000   4.8335883140207523E+04   9.4058813203903580E-03
     600.0000000000000000   4.4526184155357165E+04   1.0260099536575758E-02
     610.0000000000000000   4.1220283841290860E+04   1.1136407686475582E-02
     620.0000000000000000   3.8330927050521866E+04   1.2033361955387654E-02
     630.0000000000000000   3.5788853844873855E+04   1.2949706362190769E-02
     640.0000000000000000   3.3539649225515343E+04   1.3883895628827849E-02
     650.0000000000000000   3.1538530125365738E+04   1.4834783474953272E-02
     660.0000000000000000   2.9749371965408020E+04   1.5801135912847864E-02
     670.0000000000000000   2.8142769342250125E+04   1.6781572719326034E-02
     680.0000000000000000   2.6694139766931159E+04   1.7774884752485533E-02
     690.0000000000000000   2.5382889546500399E+04   1.8779946075149139E-02
     700.0000000000000000   2.4191901429697773E+04   1.9795533869260574E-02
     710.0000000000000000   2.3106650017628879E+04   2.0820478853869819E-02
     720.0000000000000000   2.2114725668578372E+04   2.1853711900953240E-02
     730.0000000000000000   2.1205643202892094E+04   2.2894027211070513E-02
     740.0000000000000000   2.0370251533830102E+04   2.3940424293081609E-02
     750.0000000000000000   1.9600763158607733E+04   2.4991774395123106E-02
     760.0000000000000000   1.8890348415807253E+04   2.6047066808403581E-02
     770.0000000000000000   1.8233094914200097E+04   2.7105265079697655E-02
     780.0000000000000000   1.7623826890258879E+04   2.8165355654695717E-02
     790.0000000000000000   1.7057956481131201E+04   2.9226427591956150E-02
     800.0000000000000000   1.6531503735229056E+04   3.0287481527782305E-02
     810.0000000000000000   1.6040904842152491E+04   3.1347628620674695E-02
     820.0000000000000000   1.5582980612042278E+04   3.2406044332558767E-02
     830.0000000000000000   1.5154971871805239E+04   3.3461780786709236E-02
     840.0000000000000000   1.4754314317924174E+04   3.4514166371214121E-02
     850.0000000000000000   1.4378843833884035E+04   3.5562201756131492E-02
     860.0000000000000000   1.4026449909654442E+04   3.6605415839096211E-02
     870.0000000000000000   1.3695381689672902E+04   3.7642917482653492E-02
     880.0000000000000000   1.3383989867202907E+04   3.8674065465972879E-02
     890.0000000000000000   1.3090794099682478E+04   3.9698221037666924E-02
     900.0000000000000000   1.2814454704500977E+04   4.0714768475738079E-02
     910.0000000000000000   1.2553738163068516E+04   4.1723193761638556E-02
     920.0000000000000000   1.2307549962353973E+04   4.2722912283698566E-02
     930.0000000000000000   1.2074875131931987E+04   4.3713435099464445E-02
     940.0000000000000000   1.1854783115923297E+04   4.4694327463567204E-02
     950.0000000000000000   1.1646439037893459E+04   4.5665111556795840E-02
     960.0000000000000000   1.1449057587773690E+04   4.6625437146046333E-02
     970.0000000000000000   1.1261930174203204E+04   4.7574922174100163E-02
     980.0000000000000000   1.1084398622669438E+04   4.8513256859589363E-02
     990.0000000000000000   1.0915861107642593E+04   4.9440133411814982E-02
    1000.0000000000000000   1.0755765342612041E+04   5.0355263211774644E-02
    1100.0000000000000000   9.5225019209598959E+03   5.8821695628331186E-02
    1200.0000000000000000   8.7469528990880099E+03   6.5998594612007452E-02
    1300.0000000000000000   8.2456324910001713E+03   7.1936261337767954E-02
    1400.0000000000000000   7.9187169003685531E+03   7.6763044248613868E-02
    1500.0000000000000000   7.7081784079483923E+03   8.0631398796125520E-02
    1600.0000000000000000   7.5784242772512189E+03   8.3690426463810461E-02
    1700.0000000000000000   7.5066225814124109E+03   8.6074163536634732E-02
    1800.0000000000000000   7.4775561420057029E+03   8.7898158124134373E-02
    1843.9990000000000236   7.4754832307116603E+03   8.8549044000838656E-02
    1844.0009999999999764   7.4754832672597677E+03   8.8549071662587089E-02
    1900.0000000000000000   7.4807543901562585E+03   8.9259632130175917E-02
    2000.0000000000000000   7.5088029356104034E+03   9.0239488927195938E-02
    2100.0000000000000000   7.5563238144800653E+03   9.0904589398307589E-02
    2200.0000000000000000   7.6193319664544551E+03   9.1310045570136805E-02
    2300.0000000000000000   7.6948180623758517E+03   9.1501270092617451E-02
    2400.0000000000000000   7.7804721668727498E+03   9.1515702407058794E-02
    2475.9989999999997963   7.8512459609228918E+03   9.1427673431964340E-02
    2476.0010000000002037   7.8512478811725441E+03   9.1427670110660386E-02
    2500.0000000000000000   7.8744940040252241E+03   9.1384274685271050E-02
    2526.9989999999997963   7.9011218577808258E+03   9.1327213743438260E-02
    2527.0010000000002037   7.9011238484789928E+03   9.1327209202302459E-02
    2600.0000000000000000   7.9754628899109921E+03   9.1132577129953679E-02
    2631.9989999999997963   8.0090469944796396E+03   9.1030212048205092E-02
    2632.0010000000002037   8.0090491115026116E+03   9.1030205345707688E-02
    2700.0000000000000000   8.0822433745242643E+03   9.0781847793629952E-02
    2800.0000000000000000   8.1939190383970981E+03   9.0349740140587484E-02
    2871.9989999999997963   8.2769305136050571E+03   8.9996597474486781E-02
    2872.0010000000002037   8.2769328471420195E+03   8.9996587229550243E-02
    2900.0000000000000000   8.3097427204327796E+03   8.9850968102025017E-02
    3000.0000000000000000   8.4290997121594064E+03   8.9297828248992919E-02
    3100.0000000000000000   8.5514803484971872E+03   8.8700616707537247E-02
    3200.0000000000000000   8.6764592955640383E+03   8.8067964328043757E-02
    3300.0000000000000000   8.8036786266351610E+03   8.7407130249226070E-02
    3400.0000000000000000   8.9328358179139050E+03   8.6724218216984839E-02
    3500.0000000000000000   9.0636733970014266E+03   8.6024373720634109E-02
    3600.0000000000000000   9.1959712200761587E+03   8.5311936442367120E-02
    3700.0000000000000000   9.3295400488497198E+03   8.4590569031813875E-02
    3800.0000000000000000   9.4642166147772714E+03   8.3863362340030057E-02
    3900.0000000000000000   9.5998594422063416E+03   8.3132924564395055E-02
    4000.0000000000000000   9.7363453370027146E+03   8.2401458413197307E-02
    4100.0000000000000000   9.8735668725909745E+03   8.1670816802984658E-02
    4200.0000000000000000   1.0011429703009486E+04   8.0942563636344014E-02
    4300.0000000000000000   1.0149851129647563E+04   8.0218007865101540E-02
    4400.0000000000000000   1.0288758245578476E+04   7.9498245509821583E-02
    4500.0000000000000000   1.0428086546773064E+04   7.8784192015514107E-02
    4600.0000000000000000   1.0567778921954550E+04   7.8076606351065600E-02
    4700.0000000000000000   1.0695619211987878E+04   7.7648627635320183E-02
    4800.0000000000000000   1.0835402149980133E+04   7.6987059341318387E-02
    4900.0000000000000000   1.0987694729202258E+04   7.6061926567768778E-02
    5000.0000000000000000   1.1126800294864921E+04   7.5440856481377258E-02
    5100.0000000000000000   1.1265694724816309E+04   7.4835466867350903E-02
    5200.0000000000000000   1.1404382964939259E+04   7.4245129778411273E-02
    5300.0000000000000000   1.1542870097058945E+04   7.3669247965273840E-02
    5400.0000000000000000   1.1692958440940189E+04   7.2856002944083773E-02
    5500.0000000000000000   1.1830844017397176E+04   7.2312810352831949E-02
    5600.0000000000000000   1.1968547526669370E+04   7.1782266844390971E-02
    5700.0000000000000000   1.2106073744776964E+04   7.1263898533340489E-02
    5800.0000000000000000   1.2254554222567789E+04   7.0525962799740397E-02
    5900.0000000000000000   1.2391537702295294E+04   7.0035351648698632E-02
    6000.0000000000000000   1.2539245216913690E+04   6.9332848265550820E-02
    6100.0000000000000000   1.2675715518020552E+04   6.8867751317194831E-02
    6200.0000000000000000   1.2822682075172183E+04   6.8197999296211689E-02
    6300.0000000000000000   1.2958667310513272E+04   6.7756407779712383E-02
    6400.0000000000000000   1.3104923691399423E+04   6.7116992584352733E-02
    6500.0000000000000000   1.3240450382618128E+04   6.6697104479387009E-02
    6600.0000000000000000   1.3386026006984594E+04   6.6085847004686990E-02
    6700.0000000000000000   1.3521119178415762E+04   6.5686040284823083E-02
    6800.0000000000000000   1.3666042054894335E+04   6.5100970009491443E-02
    6900.0000000000000000   1.3800725161983944E+04   6.4719782388069330E-02
    7000.0000000000000000   1.3945021917035599E+04   6.4159112397319543E-02
    7100.0000000000000000   1.4088992810992338E+04   6.3611431730536488E-02
    7200.0000000000000000   1.4223012898144028E+04   6.3257327575983568E-02
    7300.0000000000000000   1.4366395074939561E+04   6.2731588159091856E-02
    7400.0000000000000000   1.4509469109232052E+04   6.2217579146791033E-02
    7500.0000000000000000   1.4652240458214987E+04   6.1714896221573071E-02
    7600.0000000000000000   1.4785396200369618E+04   6.1393533808493307E-02
    7700.0000000000000000   1.4927624467681479E+04   6.0909965469188816E-02
    7800.0000000000000000   1.5069566178508736E+04   6.0436675889279444E-02
    7900.0000000000000000   1.5211226334839503E+04   5.9973326498093130E-02
    8000.0000000000000000   1.5343600328717203E+04   5.9680369377896711E-02
    8100.0000000000000000   1.5484758529643908E+04   5.9233780926543356E-02
    8200.0000000000000000   1.5625649791480235E+04   5.8796254582330239E-02
    8300.0000000000000000   1.5766278646226585E+04   5.8367505197867181E-02
    8400.0000000000000000   1.5906649573042872E+04   5.7947258891120818E-02
    8500.0000000000000000   1.6046766913927886E+04   5.7535253766104917E-02
    8600.0000000000000000   1.6178022860587414E+04   5.7279457704944067E-02
    8700.0000000000000000   1.6317692659583521E+04   5.6881320500499689E-02
    8800.0000000000000000   1.6457121481046121E+04   5.6490743309025558E-02
    8900.0000000000000000   1.6596313321285121E+04   5.6107502230007260E-02
    9000.0000000000000000   1.6735272009908571E+04   5.5731383314870597E-02
    9100.0000000000000000   1.6874001352758838E+04   5.5362180178666440E-02
    9200.0000000000000000   1.7012505021052937E+04   5.4999695103447467E-02
    9300.0000000000000000   1.7150786649813836E+04   5.4643737294116750E-02
    9400.0000000000000000   1.7288849774513059E+04   5.4294123583540244E-02
    9500.0000000000000000   1.7426697832253834E+04   5.3950677865622881E-02
    9600.0000000000000000   1.7564334212433459E+04   5.3613230349438788E-02
    9700.0000000000000000   1.7701762220976721E+04   5.3281617479390378E-02
    9800.0000000000000000   1.7838985077348869E+04   5.2955682076242461E-02
    9900.0000000000000000   1.7976005954624550E+04   5.2635272169178481E-02
   10000.0000000000000000   1.8112827933538068E+04   5.2320241650017543E-02
   11000.0000000000000000   1.9478211517082982E+04   4.9324364927092884E-02
   12000.0000000000000000   2.0825802408317209E+04   4.6759020136158048E-02
   13000.0000000000000000   2.2171472384689507E+04   4.4346713105253864E-02
   14000.0000000000000000   2.3495507422704053E+04   4.2325065082297317E-02
   15000.0000000000000000   2.4819370532148590E+04   4.0378327995627794E-02
   16000.0000000000000000   2.6124396546611722E+04   3.8723694943104653E-02
   17000.0000000000000000   2.7424353543919518E+04   3.7170988630097962E-02
   18000.0000000000000000   2.8719672488413489E+04   3.5706415191820634E-02
   19000.0000000000000000   2.9999191548449329E+04   3.4443293323028430E-02
   20000.0000000000000000   3.1275328407890473E+04   3.3234115253576557E-02
   20005.9989999999997963   3.1283126480104114E+04   3.3225418311507944E-02
   20006.0010000000002037   3.1283129079848721E+04   3.3225415412813368E-02
   21000.0000000000000000   3.2548356955276220E+04   3.2072905408788661E-02
   22000.0000000000000000   3.3807629753061723E+04   3.1061261125945743E-02
   23000.0000000000000000   3.5064665800961935E+04   3.0078231564220861E-02
   24000.0000000000000000   3.6309110126842665E+04   2.9218582124396632E-02
   25000.0000000000000000   3.7551974669687355E+04   2.8374557503971189E-02
   26000.0000000000000000   3.8788295272896314E+04   2.7589795719872828E-02
   27000.0000000000000000   4.0023434207965394E+04   2.6815031015477046E-02
   28000.0000000000000000   4.1247560999381145E+04   2.6132750126093254E-02
   29000.0000000000000000   4.2470961900834889E+04   2.5453564201505349E-02
   30000.0000000000000000   4.3684044852452840E+04   2.4854552433869231E-02
   31000.0000000000000000   4.4896765329886315E+04   2.4253700754050735E-02
   32000.0000000000000000   4.6104449060329847E+04   2.3687597758522937E-02
   33000.0000000000000000   4.7307320860424566E+04   2.3153111374792715E-02
   34000.0000000000000000   4.8505571634437707E+04   2.2647604795773067E-02
   35000.0000000000000000   4.9699376777886144E+04   2.2168751048899666E-02
   36000.0000000000000000   5.0888907554454781E+04   2.1714420095553678E-02
   37000.0000000000000000   5.2074331067803076E+04   2.1282657975266142E-02
   38000.0000000000000000   5.3260179179857580E+04   2.0841992937148907E-02
   39000.0000000000000000   5.4437690020648559E+04   2.0451756996447325E-02
   40000.0000000000000000   5.5615919813337016E+04   2.0050566131881997E-02
   41000.0000000000000000   5.6786054265885985E+04   1.9696021399749821E-02
   42000.0000000000000000   5.7957095514327724E+04   1.9329356310542462E-02
   43000.0000000000000000   5.9124663460154727E+04   1.8978806004142128E-02
   44000.0000000000000000   6.0284595097582642E+04   1.8669304090096085E-02
   45000.0000000000000000   6.1445630171919867E+04   1.8346775554977400E-02
   46000.0000000000000000   6.2603503029894258E+04   1.8037412023890677E-02
   47000.0000000000000000   6.3758273384365886E+04   1.7740567768456925E-02
   48000.0000000000000000   6.4910043319521756E+04   1.7455390540376869E-02
   49000.0000000000000000   6.6054858288604228E+04   1.7204046712866489E-02
   50000.0000000000000000   6.7200982432979392E+04   1.6939220949870451E-02
