       0.1000000000000000   1.6346522085437680E+01   1.7810538231609722E-03
       0.2000000000000000   1.4416476157770006E+01   3.4709940270978390E-03
       0.3000000000000000   1.3790976138740898E+01   5.1386921552748445E-03
       0.4000000000000000   1.3566823961803989E+01   6.7207056434173094E-03
       0.5000000000000000   1.3465039759332452E+01   8.2746564803228735E-03
       0.6000000000000000   1.3422035103365348E+01   9.8039854550513762E-03
       0.7000000000000000   1.3412992698880105E+01   1.1311796740922857E-02
       0.7999999999999999   1.3424272330167241E+01   1.2800328917066230E-02
       0.8999999999999999   1.3449528363647559E+01   1.4267498773624513E-02
       0.9999999999999999   1.3482828327038694E+01   1.5719568165154262E-02
       2.0000000000000000   1.3947831730714512E+01   2.9500187238728586E-02
       3.0000000000000000   1.4384176790793584E+01   4.2436172004661925E-02
       4.0000000000000000   1.4733733337297776E+01   5.4961590562449626E-02
       5.0000000000000000   1.5002904977420693E+01   6.7338856775553790E-02
       6.0000000000000000   1.5204084258281227E+01   7.9743697678500897E-02
       7.0000000000000000   1.5348894554298509E+01   9.2295661376141577E-02
       8.0000000000000000   1.5446256306715721E+01   1.0508768773758730E-01
       9.0000000000000000   1.5503346701334488E+01   1.1819515738843867E-01
      10.0000000000000000   1.5525752331511217E+01   1.3168426604685160E-01
      11.0000000000000000   1.5518083581022793E+01   1.4561368936919353E-01
      12.0000000000000000   1.5484066708873227E+01   1.6003801901321948E-01
      13.0000000000000000   1.5426847622211568E+01   1.7500938781663836E-01
      14.0000000000000000   1.5348933781061524E+01   1.9058098092977213E-01
      15.0000000000000000   1.5252469524626260E+01   2.0680635397080790E-01
      16.0000000000000000   1.5139311671008839E+01   2.2373978143112436E-01
      17.0000000000000000   1.5010996916609502E+01   2.4143895703371204E-01
      18.0000000000000000   1.4868892403520556E+01   2.5996409187679320E-01
      19.0000000000000000   1.4714152330184492E+01   2.7937933225971384E-01
      20.0000000000000000   1.4547792611388878E+01   2.9975365552532213E-01
      21.0000000000000000   1.4370693732065153E+01   3.2116145286243308E-01
      22.0000000000000000   1.4183644884037594E+01   3.4368278138697117E-01
      23.0000000000000000   1.3987339958090665E+01   3.6740470378650314E-01
      24.0000000000000000   1.3782387515681517E+01   3.9242245939686538E-01
      25.0000000000000000   1.3569337650655470E+01   4.1883986822902403E-01
      26.0000000000000000   1.3348686242957829E+01   4.4677057667141501E-01
      27.0000000000000000   1.3120884407993810E+01   4.7633913419772655E-01
      28.0000000000000000   1.2886349566682366E+01   5.0768209199904568E-01
      29.0000000000000000   1.2645469657067494E+01   5.4094931453955408E-01
      30.0000000000000000   1.2398617878590175E+01   5.7630505387066988E-01
      31.0000000000000000   1.2146155784157514E+01   6.1392921367950115E-01
      32.0000000000000000   1.1888449607659274E+01   6.5401817469437096E-01
      33.0000000000000000   1.1625873912396290E+01   6.9678576583640661E-01
      34.0000000000000000   1.1358828462385764E+01   7.4246340798668142E-01
      35.0000000000000000   1.1087749050600475E+01   7.9129974806756465E-01
      36.0000000000000000   1.0813122943564061E+01   8.4355919291984660E-01
      37.0000000000000000   1.0535504989965702E+01   8.9951895431689710E-01
      38.0000000000000000   1.0255535386726251E+01   9.5946404238269822E-01
      39.0000000000000000   9.9739572362785474E+00   1.0236795831187517E+00
      40.0000000000000000   9.6916344572926167E+00   1.0924397788621585E+00
      41.0000000000000000   9.4095655755765328E+00   1.1659930539804022E+00
      41.9990000000000023   9.1291719886738267E+00   1.2444619892949622E+00
      42.0000000000000000   9.1288924287732769E+00   1.2445430874196579E+00
      42.0009999999999977   9.1286128715415860E+00   1.2446241906851485E+00
      43.0000000000000000   8.8508989290374842E+00   1.3282262329916348E+00
      44.0000000000000000   8.5769958557602450E+00   1.4170866441869778E+00
      44.9990000000000023   8.3089532339000307E+00   1.5109553088601875E+00
      45.0000000000000000   8.3086882361440679E+00   1.5110517661587455E+00
      45.0009999999999977   8.3084232455339286E+00   1.5111482283647342E+00
      46.0000000000000000   8.0475245617812146E+00   1.6099116990471420E+00
      47.0000000000000000   7.7950291593242618E+00   1.7133068081277052E+00
      48.0000000000000000   7.5526246291857584E+00   1.8207273310381105E+00
      49.0000000000000000   7.3215544298649755E+00   1.9315271094437763E+00
      50.0000000000000000   7.1028171837356879E+00   2.0449508922187900E+00
      51.0000000000000000   6.8971226885457240E+00   2.1601718503711975E+00
      52.0000000000000000   6.7048751582504877E+00   2.2763339421058126E+00
      53.0000000000000000   6.5261832570230522E+00   2.3925932842172690E+00
      54.0000000000000000   6.3608919903969241E+00   2.5081536507812601E+00
      55.0000000000000000   6.2086284761618469E+00   2.6222931263572140E+00
      56.0000000000000000   6.0688535510973107E+00   2.7343809883513339E+00
      57.0000000000000000   5.9409124704505958E+00   2.8438854030239109E+00
      58.0000000000000000   5.8240797795235988E+00   2.9503740659652307E+00
      59.0000000000000000   5.7175968428231227E+00   3.0535091977231432E+00
      60.0000000000000000   5.6207010123621011E+00   3.1530391266040838E+00
      61.0000000000000000   5.5326464588292632E+00   3.2487884666014484E+00
      62.0000000000000000   5.4527188857528532E+00   3.3406472956622206E+00
      63.0000000000000000   5.3802445707637494E+00   3.4285607795807262E+00
      64.0000000000000000   5.3145953159885790E+00   3.5125194892503355E+00
      65.0000000000000000   5.2551904246734731E+00   3.5925507151747111E+00
      66.0000000000000000   5.2014965580236376E+00   3.6687108794390628E+00
      67.0000000000000000   5.1530261973638174E+00   3.7410790385903137E+00
      67.9989999999999952   5.1093766796759637E+00   3.8096845476128682E+00
      68.0000000000000000   5.1093352384816360E+00   3.8097514093071077E+00
      68.0010000000000048   5.1092938016599829E+00   3.8098182674136627E+00
      69.0000000000000000   5.0700200952132244E+00   3.8748368170456344E+00
      70.0000000000000000   5.0347145822560444E+00   3.9364529547099334E+00
      71.0000000000000000   5.0030867596734065E+00   3.9947233400348972E+00
      72.0000000000000000   4.9748358599418800E+00   4.0497748646418366E+00
      73.0000000000000000   4.9496893653964271E+00   4.1017358403322062E+00
      74.0000000000000000   4.9274002804512795E+00   4.1507344583555907E+00
      75.0000000000000000   4.9077446064368067E+00   4.1968976000890663E+00
      76.0000000000000000   4.8905190900575137E+00   4.2403498732603255E+00
      77.0000000000000000   4.8755390731379737E+00   4.2812129835462498E+00
      78.0000000000000000   4.8626366587518079E+00   4.3196051821543344E+00
      79.0000000000000000   4.8516590095511614E+00   4.3556409164006649E+00
      80.0000000000000000   4.8424668320544315E+00   4.3894305883986080E+00
      81.0000000000000000   4.8349330191765114E+00   4.4210804085579083E+00
      82.0000000000000000   4.8289414384437794E+00   4.4506923240794851E+00
      83.0000000000000000   4.8243858468141774E+00   4.4783640061535781E+00
      84.0000000000000000   4.8211689208382795E+00   4.5041888830053880E+00
      85.0000000000000000   4.8192013931256783E+00   4.5282562077245174E+00
      86.0000000000000000   4.8184012782417129E+00   4.5506511525655293E+00
      87.0000000000000000   4.8186931806140887E+00   4.5714549242843114E+00
      88.0000000000000000   4.8200076811818029E+00   4.5907448851262789E+00
      89.0000000000000000   4.8222807753091548E+00   4.6085946996769245E+00
      90.0000000000000000   4.8254533810454827E+00   4.6250744710748828E+00
      91.0000000000000000   4.8294708936365289E+00   4.6402508885306624E+00
      92.0000000000000000   4.8342827852188792E+00   4.6541873740773925E+00
      93.0000000000000000   4.8398422453097609E+00   4.6669442284711264E+00
      94.0000000000000000   4.8461058572493139E+00   4.6785787749373338E+00
      95.0000000000000000   4.8530333066085332E+00   4.6891454997723905E+00
      96.0000000000000000   4.8605871181607219E+00   4.6986961890665038E+00
      97.0000000000000000   4.8687324182851910E+00   4.7072800610212671E+00
      98.0000000000000000   4.8774367197629438E+00   4.7149438935290320E+00
      99.0000000000000000   4.8866697286155194E+00   4.7217321466141078E+00
     100.0000000000000000   4.8964031654256788E+00   4.7276870800392992E+00
     103.9989999999999952   4.9398259252816299E+00   4.7439452702101166E+00
     104.0010000000000048   4.9398492907417921E+00   4.7439506163953329E+00
     110.0000000000000000   5.0161998837842479E+00   4.7493373859754087E+00
     120.0000000000000000   5.1652114865474452E+00   4.7215066220042292E+00
     130.0000000000000000   5.3326599472599971E+00   4.6634633126151517E+00
     140.0000000000000000   5.5122015328404466E+00   4.5872228388048493E+00
     150.0000000000000000   5.6923526410820360E+00   4.5209483794893837E+00
     153.9989999999999952   5.7740300355959278E+00   4.4743211190351539E+00
     154.0010000000000048   5.7740784466255697E+00   4.4742806633101138E+00
     160.0000000000000000   5.8893231613889867E+00   4.4231435143431934E+00
     167.9989999999999952   6.0460110758493846E+00   4.3513879532406090E+00
     168.0010000000000048   6.0460587631719429E+00   4.3513509060360578E+00
     169.9989999999999952   6.0869296581555492E+00   4.3300197683429227E+00
     170.0000000000000000   6.0869534566582955E+00   4.3300014931820927E+00
     170.0010000000000048   6.0869772537820674E+00   4.3299832203697877E+00
     180.0000000000000000   6.2849655630134942E+00   4.2414359125174173E+00
     190.0000000000000000   6.4890323791799531E+00   4.1439981027408033E+00
     200.0000000000000000   6.6924682232900485E+00   4.0524357861562468E+00
     210.0000000000000000   6.8952464003962133E+00   3.9662509432836273E+00
     220.0000000000000000   7.0973567433793807E+00   3.8849905969664622E+00
     230.0000000000000000   7.2987998124887428E+00   3.8082453612074567E+00
     231.9989999999999952   7.3437978717045205E+00   3.7830509884997490E+00
     232.0010000000000048   7.3438428654814869E+00   3.7830259614133248E+00
     233.9989999999999952   7.3839332938787230E+00   3.7684854364328744E+00
     234.0010000000000048   7.3839782144675317E+00   3.7684606806828720E+00
     236.9989999999999952   7.4417330621112026E+00   3.7519817605443837E+00
     237.0010000000000048   7.4417778635922893E+00   3.7519573642678008E+00
     240.0000000000000000   7.5042083255652638E+00   3.7257153497812534E+00
     250.0000000000000000   7.7085892342921092E+00   3.6479750957952732E+00
     260.0000000000000000   7.9119844092955622E+00   3.5746031677595709E+00
     270.0000000000000000   8.1144348312881576E+00   3.5052261853007880E+00
     280.0000000000000000   8.3200580759393183E+00   3.4312438355748243E+00
     290.0000000000000000   8.5205969676526507E+00   3.3692421048349717E+00
     300.0000000000000000   8.7241649621773725E+00   3.3026967264744616E+00
     310.0000000000000000   8.9229543324518001E+00   3.2469153565990725E+00
     320.0000000000000000   9.1246324961407090E+00   3.1866856279831919E+00
     330.0000000000000000   9.3253829148455232E+00   3.1293866510063850E+00
     340.0000000000000000   9.5252420847439723E+00   3.0748002966681818E+00
     350.0000000000000000   9.7242445299412594E+00   3.0227298773750646E+00
     360.0000000000000000   9.9224228911307524E+00   2.9729975755309721E+00
     370.0000000000000000   1.0123113777323315E+01   2.9194607913012387E+00
     380.0000000000000000   1.0319661666582302E+01   2.8741185922271648E+00
     390.0000000000000000   1.0515474283887777E+01   2.8306638426031894E+00
     398.9990000000000236   1.0693269161025722E+01   2.7892327637697942E+00
     399.0009999999999764   1.0693310002234158E+01   2.7892212902912878E+00
     400.0000000000000000   1.0713706320110692E+01   2.7835030062241621E+00
     410.0000000000000000   1.0908055093625196E+01   2.7436258568155729E+00
     415.9990000000000236   1.1026765863326643E+01   2.7162651931915223E+00
     416.0009999999999764   1.1026806415917504E+01   2.7162544376987685E+00
     420.0000000000000000   1.1104769876024124E+01   2.7001174139506072E+00
     430.0000000000000000   1.1300746356630766E+01   2.6583350379815611E+00
     440.0000000000000000   1.1493044484477938E+01   2.6230964073356278E+00
     450.0000000000000000   1.1687642353928069E+01   2.5843421765966141E+00
     460.0000000000000000   1.1881565781616207E+01   2.5470309226765511E+00
     470.0000000000000000   1.2074833783838843E+01   2.5110812907598006E+00
     480.0000000000000000   1.2267465326845915E+01   2.4764168029454865E+00
     490.0000000000000000   1.2456714417917453E+01   2.4473285474138207E+00
     500.0000000000000000   1.2648158647094995E+01   2.4149311804587397E+00
     510.0000000000000000   1.2839017389125779E+01   2.3836271081527003E+00
     510.9989999999999668   1.2858588589732777E+01   2.3797265504051808E+00
     511.0009999999999195   1.2858627765374207E+01   2.3797187555540464E+00
     520.0000000000000000   1.3029306315176358E+01   2.3533596968760735E+00
     530.0000000000000000   1.3221676372832437E+01   2.3200764087392907E+00
     540.0000000000000000   1.3410837978672181E+01   2.2918099145740203E+00
     550.0000000000000000   1.3599472696937601E+01   2.2644297759855383E+00
     560.0000000000000000   1.3787593633177712E+01   2.2378934774403296E+00
     570.0000000000000000   1.3975213432683411E+01   2.2121611396238645E+00
     580.0000000000000000   1.4164852640870512E+01   2.1835685242665757E+00
     590.0000000000000000   1.4351476301536035E+01   2.1593999069794818E+00
     600.0000000000000000   1.4537633441778942E+01   2.1359284503995211E+00
     610.0000000000000000   1.4723334128635985E+01   2.1131243775063195E+00
     620.0000000000000000   1.4910999917553818E+01   2.0875856849070358E+00
     630.0000000000000000   1.5095793513613776E+01   2.0660817407832539E+00
     640.0000000000000000   1.5282528806485383E+01   2.0419123238697869E+00
     650.0000000000000000   1.5466451573481839E+01   2.0216019882693934E+00
     660.0000000000000000   1.5652300398879040E+01   1.9986811763090415E+00
     670.0000000000000000   1.5835385326611457E+01   1.9794707950824628E+00
     680.0000000000000000   1.6020383670258731E+01   1.9576978931384197E+00
     690.0000000000000000   1.6202665061685249E+01   1.9394992649164720E+00
     700.0000000000000000   1.6386843696678849E+01   1.9187879507662897E+00
     710.0000000000000000   1.6568354721252305E+01   1.9015207169052810E+00
     720.0000000000000000   1.6751742283427657E+01   1.8817937386375425E+00
     730.0000000000000000   1.6932514898431634E+01   1.8653846120969837E+00
     740.0000000000000000   1.7115137573050081E+01   1.8465732938773394E+00
     750.0000000000000000   1.7297392548799852E+01   1.8282049759138288E+00
     760.0000000000000000   1.7477085658955389E+01   1.8129967321085660E+00
     770.0000000000000000   1.7658616884387300E+01   1.7954462529600541E+00
     780.0000000000000000   1.7839793074102293E+01   1.7783005173836741E+00
     790.0000000000000000   1.8018468660461302E+01   1.7641614751486776E+00
     800.0000000000000000   1.8198959168737993E+01   1.7477486299261915E+00
     810.0000000000000000   1.8379112177272489E+01   1.7317003077180044E+00
     820.0000000000000000   1.8558925026000658E+01   1.7160136610807306E+00
     830.0000000000000000   1.8736320145350980E+01   1.7031385964179602E+00
     840.0000000000000000   1.8915499160484799E+01   1.6880812276196884E+00
     850.0000000000000000   1.9094359487522627E+01   1.6733452379712048E+00
     860.0000000000000000   1.9272901478017420E+01   1.6589253973360545E+00
     870.0000000000000000   1.9451130207918265E+01   1.6448112151732206E+00
     880.0000000000000000   1.9629056004745806E+01   1.6309865243016752E+00
     890.0000000000000000   1.9804685262415823E+01   1.6197087295182853E+00
     900.0000000000000000   1.9982038117792101E+01   1.6063965020996531E+00
     910.0000000000000000   2.0159098174128676E+01   1.5933519664674523E+00
     920.0000000000000000   2.0335869158912026E+01   1.5805675313521244E+00
     930.0000000000000000   2.0512355735365016E+01   1.5680347457029542E+00
     940.0000000000000000   2.0688563537794931E+01   1.5557443092665062E+00
     950.0000000000000000   2.0864498532691741E+01   1.5436868346179693E+00
     960.0000000000000000   2.1040165726930070E+01   1.5318542277599434E+00
     970.0000000000000000   2.1215568768776837E+01   1.5202400454049678E+00
     980.0000000000000000   2.1390710544379690E+01   1.5088388050843478E+00
     990.0000000000000000   2.1565593842401562E+01   1.4976452587501514E+00
    1000.0000000000000000   2.1740221620789793E+01   1.4866541074454733E+00
    1100.0000000000000000   2.3473128368486574E+01   1.3867603645400577E+00
    1200.0000000000000000   2.5185497244968474E+01   1.3003941768586385E+00
    1300.0000000000000000   2.6879552682055554E+01   1.2246538520020855E+00
    1400.0000000000000000   2.8557145312912791E+01   1.1574085117868202E+00
    1500.0000000000000000   3.0218133701048806E+01   1.0984549470239806E+00
    1600.0000000000000000   3.1865463157729060E+01   1.0451208923434772E+00
    1700.0000000000000000   3.3497318512923542E+01   9.9869364783693304E-01
    1800.0000000000000000   3.5119234838492119E+01   9.5487294394207167E-01
    1843.9990000000000236   3.5827881479646557E+01   9.3777432232149505E-01
    1844.0009999999999764   3.5827913773647118E+01   9.3777346385296467E-01
    1900.0000000000000000   3.6727635056454936E+01   9.1632573370361015E-01
    2000.0000000000000000   3.8326050098171791E+01   8.8049346605307899E-01
    2100.0000000000000000   3.9913997265923065E+01   8.4776150399708450E-01
    2200.0000000000000000   4.1493588535068909E+01   8.1678881435382111E-01
    2300.0000000000000000   4.3062149791787860E+01   7.8932176807200027E-01
    2400.0000000000000000   4.4623405593171334E+01   7.6306138753885011E-01
    2475.9989999999997963   4.5804116869590764E+01   7.4451176160491417E-01
    2476.0010000000002037   4.5804147829754093E+01   7.4451130774245811E-01
    2500.0000000000000000   4.6176014360829377E+01   7.3887547766541251E-01
    2526.9989999999997963   4.6593788035991921E+01   7.3265979506733681E-01
    2527.0010000000002037   4.6593819017074189E+01   7.3265930452746453E-01
    2600.0000000000000000   4.7720722753643805E+01   7.1637539050492505E-01
    2631.9989999999997963   4.8213765562434979E+01   7.0929899051222789E-01
    2632.0010000000002037   4.8213796663342464E+01   7.0929838870475426E-01
    2700.0000000000000000   4.9257917795763483E+01   6.9538272377848376E-01
    2800.0000000000000000   5.0787486397582860E+01   6.7596676287457813E-01
    2871.9989999999997963   5.1885582138277364E+01   6.6216909587941475E-01
    2872.0010000000002037   5.1885612653276134E+01   6.6216868786222793E-01
    2900.0000000000000000   5.2311466559350215E+01   6.5709672746082470E-01
    3000.0000000000000000   5.3827800585458277E+01   6.3992840309314292E-01
    3100.0000000000000000   5.5339370224082657E+01   6.2300415674510179E-01
    3200.0000000000000000   5.6843661483770539E+01   6.0758460045387241E-01
    3300.0000000000000000   5.8343096566870145E+01   5.9259753152687034E-01
    3400.0000000000000000   5.9836690435766222E+01   5.7850653625085036E-01
    3500.0000000000000000   6.1324289696995677E+01   5.6539805426851986E-01
    3600.0000000000000000   6.2806864726088072E+01   5.5287648439662107E-01
    3700.0000000000000000   6.4285236577154620E+01   5.4064676594548722E-01
    3800.0000000000000000   6.5758555447298789E+01   5.2901071191506166E-01
    3900.0000000000000000   6.7226205665877671E+01   5.1834576472857885E-01
    4000.0000000000000000   6.8690013850860026E+01   5.0788805133962567E-01
    4100.0000000000000000   7.0150159337973776E+01   4.9758680482923473E-01
    4200.0000000000000000   7.1605183404592466E+01   4.8800838669947927E-01
    4300.0000000000000000   7.3055501971932742E+01   4.7909793698658920E-01
    4400.0000000000000000   7.4504606162729033E+01   4.6947434889681833E-01
    4500.0000000000000000   7.5946361842197675E+01   4.6149014994089615E-01
    4600.0000000000000000   7.7386382630649877E+01   4.5311407230011702E-01
    4700.0000000000000000   7.8820373287262157E+01   4.4577591042843162E-01
    4800.0000000000000000   8.0253215528839377E+01   4.3794161824376227E-01
    4900.0000000000000000   8.1682664885453576E+01   4.3034395680405929E-01
    5000.0000000000000000   8.3108209851543009E+01   4.2316089058485756E-01
    5100.0000000000000000   8.4530001675500188E+01   4.1635567074865193E-01
    5200.0000000000000000   8.5948120359651384E+01   4.0991577508935001E-01
    5300.0000000000000000   8.7362753561347688E+01   4.0379028054348187E-01
    5400.0000000000000000   8.8773469262830091E+01   3.9811457739284956E-01
    5500.0000000000000000   9.0184625107494654E+01   3.9156516401763808E-01
    5600.0000000000000000   9.1591095436113903E+01   3.8572503868713703E-01
    5700.0000000000000000   9.2992299087732661E+01   3.8071665598689286E-01
    5800.0000000000000000   9.4394852166915655E+01   3.7467777303911876E-01
    5900.0000000000000000   9.5789686934265248E+01   3.7025035118032101E-01
    6000.0000000000000000   9.7187156365669324E+01   3.6447641149445054E-01
    6100.0000000000000000   9.8580720717660313E+01   3.5916282512672254E-01
    6200.0000000000000000   9.9965990867339798E+01   3.5552551090641410E-01
    6300.0000000000000000   1.0135525911874662E+02   3.5026358890265175E-01
    6400.0000000000000000   1.0274024767881629E+02   3.4565607542485394E-01
    6500.0000000000000000   1.0412244946001383E+02   3.4111429714862956E-01
    6600.0000000000000000   1.0550337324431845E+02   3.3655377181936164E-01
    6700.0000000000000000   1.0688030777054350E+02   3.3241222692203415E-01
    6800.0000000000000000   1.0825547408544087E+02   3.2828940315779148E-01
    6900.0000000000000000   1.0962738947616306E+02   3.2452904222254431E-01
    7000.0000000000000000   1.1099693598075116E+02   3.2084355965705541E-01
    7100.0000000000000000   1.1236478640406293E+02   3.1717191431110081E-01
    7200.0000000000000000   1.1372904243300630E+02   3.1390681580705981E-01
    7300.0000000000000000   1.1509112117043973E+02   3.1068499485003220E-01
    7400.0000000000000000   1.1645778030952336E+02   3.0606734569198280E-01
    7500.0000000000000000   1.1781492916959785E+02   3.0314525750286991E-01
    7600.0000000000000000   1.1917136737522539E+02   3.0019840211958648E-01
    7700.0000000000000000   1.2052991028003028E+02   2.9615979588720476E-01
    7800.0000000000000000   1.2188137538302242E+02   2.9343691212576056E-01
    7900.0000000000000000   1.2323111905786814E+02   2.9087346697327354E-01
    8000.0000000000000000   1.2458296194011045E+02   2.8729551089440503E-01
    8100.0000000000000000   1.2592766915109561E+02   2.8491761465425053E-01
    8200.0000000000000000   1.2727677353882973E+02   2.8146254502095847E-01
    8300.0000000000000000   1.2861913378343823E+02   2.7901785635554016E-01
    8400.0000000000000000   1.2996298037478724E+02   2.7578396827976193E-01
    8500.0000000000000000   1.3130492430318210E+02   2.7268464885513249E-01
    8600.0000000000000000   1.3263950168301690E+02   2.7102076710581874E-01
    8700.0000000000000000   1.3397965751019757E+02   2.6790295641201223E-01
    8800.0000000000000000   1.3531717360918313E+02   2.6478159694945475E-01
    8900.0000000000000000   1.3664366698884115E+02   2.6367745169099321E-01
    9000.0000000000000000   1.3797939044116291E+02   2.6038786534526220E-01
    9100.0000000000000000   1.3930948332576634E+02   2.5808179683263011E-01
    9200.0000000000000000   1.4064109538911924E+02   2.5523647871811667E-01
    9300.0000000000000000   1.4196665147128513E+02   2.5334997102714785E-01
    9400.0000000000000000   1.4328834002428539E+02   2.5183726473977758E-01
    9500.0000000000000000   1.4461468308621363E+02   2.4909250711600092E-01
    9600.0000000000000000   1.4593812483747891E+02   2.4672267940555451E-01
    9700.0000000000000000   1.4725895882776419E+02   2.4453590503918593E-01
    9800.0000000000000000   1.4857720855479843E+02   2.4260610640726799E-01
    9900.0000000000000000   1.4989473916655047E+02   2.4058120090019405E-01
   10000.0000000000000000   1.5121127669082298E+02   2.3852219732169999E-01
   11000.0000000000000000   1.6430304936663063E+02   2.1956507616607529E-01
   12000.0000000000000000   1.7725946268071706E+02   2.0447140659656554E-01
   13000.0000000000000000   1.9010161403407977E+02   1.9128050267383589E-01
   14000.0000000000000000   2.0284322679919026E+02   1.7925241620113555E-01
   15000.0000000000000000   2.1548253589492100E+02   1.6920741616745438E-01
   16000.0000000000000000   2.2803980975799777E+02   1.6037007249152016E-01
   17000.0000000000000000   2.4050822614090328E+02   1.5229517182416563E-01
   18000.0000000000000000   2.5290061262225836E+02   1.4585272534743826E-01
   19000.0000000000000000   2.6523354240653566E+02   1.3822692306517548E-01
   20000.0000000000000000   2.7749420052232972E+02   1.3244826774740620E-01
   20005.9989999999997963   2.7756903054959133E+02   1.3225011224604835E-01
   20006.0010000000002037   2.7756905543661668E+02   1.3225005797338713E-01
   21000.0000000000000000   2.8968203582239295E+02   1.2806394472684199E-01
   22000.0000000000000000   3.0182856202411278E+02   1.2190606034023044E-01
   23000.0000000000000000   3.1389844371173604E+02   1.1712769768774933E-01
   24000.0000000000000000   3.2593389085651506E+02   1.1317657617396333E-01
   25000.0000000000000000   3.3790716611710837E+02   1.1009549936477381E-01
   26000.0000000000000000   3.4983966512209065E+02   1.0649671682955596E-01
   27000.0000000000000000   3.6172830189730183E+02   1.0224193425139694E-01
   28000.0000000000000000   3.7354672669319194E+02   9.9573924307909081E-02
   29000.0000000000000000   3.8535492635576333E+02   9.7108510001093995E-02
   30000.0000000000000000   3.9711229225830414E+02   9.3240248576694745E-02
   31000.0000000000000000   4.0885151095533030E+02   9.0745794070363553E-02
   32000.0000000000000000   4.2051529958879820E+02   8.8343349811593516E-02
   33000.0000000000000000   4.3213018950075622E+02   8.7208351585189969E-02
   34000.0000000000000000   4.4373827545134145E+02   8.5020486361028699E-02
   35000.0000000000000000   4.5533648026224057E+02   8.1603215228111023E-02
   36000.0000000000000000   4.6687802093931714E+02   8.0671263670891960E-02
   37000.0000000000000000   4.7841830745707313E+02   7.9109704347647677E-02
   38000.0000000000000000   4.8992230511777467E+02   7.5878990056571685E-02
   39000.0000000000000000   5.0133630431947699E+02   7.4263754194329235E-02
   40000.0000000000000000   5.1282073941874637E+02   7.2437975073702435E-02
   41000.0000000000000000   5.2418229101213592E+02   7.0723607494906110E-02
   42000.0000000000000000   5.3558288130846915E+02   7.0162529785688932E-02
   43000.0000000000000000   5.4688569480011608E+02   6.8057407957324789E-02
   44000.0000000000000000   5.5826096049435364E+02   6.6452133930928220E-02
   45000.0000000000000000   5.6956692682824507E+02   6.5592957869714516E-02
   46000.0000000000000000   5.8079275450285593E+02   6.4241029770844713E-02
   47000.0000000000000000   5.9201709690854966E+02   6.3841228883447454E-02
   48000.0000000000000000   6.0328903603127480E+02   6.2111582168300122E-02
   49000.0000000000000000   6.1450100474117778E+02   6.1612591215491293E-02
   50000.0000000000000000   6.2571757693116558E+02   5.9686105221607264E-02
