       0.1000000000000000   1.7121748751323651E+01   1.7004731077446421E-03
       0.2000000000000000   1.5098196715804496E+01   3.3145770552667079E-03
       0.3000000000000000   1.4441223683357249E+01   4.9080692979900954E-03
       0.4000000000000000   1.4204687597206547E+01   6.4203001814104104E-03
       0.5000000000000000   1.4096327725894785E+01   7.9062893762562297E-03
       0.6000000000000000   1.4049533541925854E+01   9.3693062632299942E-03
       0.7000000000000000   1.4038304397686041E+01   1.0812302999532283E-02
       0.7999999999999999   1.4048351688564141E+01   1.2237405581706454E-02
       0.8999999999999999   1.4073030104965868E+01   1.3642608043635936E-02
       0.9999999999999999   1.4106123047755759E+01   1.5033886934402513E-02
       2.0000000000000000   1.4574888751685847E+01   2.8265189695020017E-02
       3.0000000000000000   1.5013148239968910E+01   4.0731817288300595E-02
       4.0000000000000000   1.5360362505978461E+01   5.2844819550431521E-02
       5.0000000000000000   1.5623486598027577E+01   6.4853031221575527E-02
       6.0000000000000000   1.5815670607241584E+01   7.6923497936053728E-02
       7.0000000000000000   1.5949211280269513E+01   8.9170106374175065E-02
       8.0000000000000000   1.6033546174950175E+01   1.0168171848838729E-01
       9.0000000000000000   1.6076263674848917E+01   1.1453068956722751E-01
      10.0000000000000000   1.6083271172435513E+01   1.2778083405915638E-01
      11.0000000000000000   1.6059440591903602E+01   1.4148895693002866E-01
      12.0000000000000000   1.6008709256696399E+01   1.5570810120414491E-01
      13.0000000000000000   1.5934397846502190E+01   1.7048911873303429E-01
      14.0000000000000000   1.5839153293281798E+01   1.8588404079290352E-01
      15.0000000000000000   1.5725236467291518E+01   2.0194541804711447E-01
      16.0000000000000000   1.5594602382029128E+01   2.1872663939146264E-01
      17.0000000000000000   1.5448867546104211E+01   2.3628457087745772E-01
      18.0000000000000000   1.5289466780342586E+01   2.5467867674467454E-01
      19.0000000000000000   1.5117610112922144E+01   2.7397240592642563E-01
      20.0000000000000000   1.4934359731459791E+01   2.9423408187712513E-01
      21.0000000000000000   1.4740634281415920E+01   3.1553747996009818E-01
      22.0000000000000000   1.4537254872897272E+01   3.3796208379059955E-01
      23.0000000000000000   1.4324941410552899E+01   3.6159441095474598E-01
      24.0000000000000000   1.4104323371030121E+01   3.8652918274461190E-01
      25.0000000000000000   1.3875967881158221E+01   4.1286973073798300E-01
      26.0000000000000000   1.3640384424559841E+01   4.4072923872703867E-01
      27.0000000000000000   1.3398034892131523E+01   4.7023181902273875E-01
      28.0000000000000000   1.3149345195112423E+01   5.0151361124672822E-01
      29.0000000000000000   1.2894709859071421E+01   5.3472409134062193E-01
      30.0000000000000000   1.2634507252523996E+01   5.7002714840481150E-01
      31.0000000000000000   1.2369103003326677E+01   6.0760234670976476E-01
      32.0000000000000000   1.2098866733769604E+01   6.4764575418044668E-01
      33.0000000000000000   1.1824175951109090E+01   6.9037091169749021E-01
      34.0000000000000000   1.1545433254983042E+01   7.3600897997090853E-01
      35.0000000000000000   1.1263077428321827E+01   7.8480837458408625E-01
      36.0000000000000000   1.0977599118796437E+01   8.3703330226500994E-01
      37.0000000000000000   1.0689557151209257E+01   8.9296080844415315E-01
      38.0000000000000000   1.0399596444012808E+01   9.5287577376433463E-01
      39.0000000000000000   1.0108465656490033E+01   1.0170632348274127E+00
      40.0000000000000000   9.8170350842247824E+00   1.0857973483724574E+00
      41.0000000000000000   9.5263103004362186E+00   1.1593265392607952E+00
      41.9990000000000023   9.2377280742648864E+00   1.2377734578363095E+00
      42.0000000000000000   9.2374405496373537E+00   1.2378545349737193E+00
      42.0009999999999977   9.2371530281453023E+00   1.2379356172540625E+00
      43.0000000000000000   8.9517169908567649E+00   1.3215177854090172E+00
      44.0000000000000000   8.6705567699377166E+00   1.4103605841213462E+00
      44.9990000000000023   8.3957410114858497E+00   1.5042141087773144E+00
      45.0000000000000000   8.3954694734120157E+00   1.5043105522153797E+00
      45.0009999999999977   8.3951979429635255E+00   1.5044070005635348E+00
      46.0000000000000000   8.1280053165459236E+00   1.6031579897363437E+00
      47.0000000000000000   7.8696864920681113E+00   1.7065434692461314E+00
      48.0000000000000000   7.6219287679512160E+00   1.8139574238822258E+00
      49.0000000000000000   7.3859635762849667E+00   1.9247538593764641E+00
      50.0000000000000000   7.1627722905855009E+00   2.0381776401182203E+00
      51.0000000000000000   6.9530427009179370E+00   2.1534019918757341E+00
      52.0000000000000000   6.7571531372277827E+00   2.2695708613875833E+00
      53.0000000000000000   6.5751836568825333E+00   2.3858402889519019E+00
      54.0000000000000000   6.4069491759599542E+00   2.5014139140371330E+00
      55.0000000000000000   6.2520464078230340E+00   2.6155696392233625E+00
      56.0000000000000000   6.1099064514308425E+00   2.7276765252818476E+00
      57.0000000000000000   5.9798462357046773E+00   2.8372024996813550E+00
      58.0000000000000000   5.8611138850407700E+00   2.9437150085491188E+00
      59.0000000000000000   5.7529265323675371E+00   3.0468760218537407E+00
      60.0000000000000000   5.6544995968010916E+00   3.1464336236915051E+00
      61.0000000000000000   5.5650675931390490E+00   3.2422121953707195E+00
      62.0000000000000000   5.4838987445240752E+00   3.3341015972860544E+00
      63.0000000000000000   5.4103038680102706E+00   3.4220467948011946E+00
      64.0000000000000000   5.3436411451063011E+00   3.5060381763373627E+00
      65.0000000000000000   5.2833179095942011E+00   3.5861028679033624E+00
      66.0000000000000000   5.2287903197853511E+00   3.6622971444843846E+00
      67.0000000000000000   5.1795616467153121E+00   3.7346999319608565E+00
      67.9989999999999952   5.1352218098626299E+00   3.8033404347073843E+00
      68.0000000000000000   5.1351797088875291E+00   3.8034073315957739E+00
      68.0010000000000048   5.1351376123452770E+00   3.8034742248967772E+00
      69.0000000000000000   5.0952338322853628E+00   3.8685280673821665E+00
      70.0000000000000000   5.0593516057840446E+00   3.9301797434034489E+00
      71.0000000000000000   5.0271956135215197E+00   3.9884857999113330E+00
      72.0000000000000000   4.9984602640079174E+00   4.0435730611613669E+00
      73.0000000000000000   4.9728687824846247E+00   4.0955697805604263E+00
      74.0000000000000000   4.9501704094191545E+00   4.1446040988854662E+00
      75.0000000000000000   4.9301378115276044E+00   4.1908028540050797E+00
      76.0000000000000000   4.9125647754506545E+00   4.2342906162762892E+00
      77.0000000000000000   4.8972640095773299E+00   4.2751890593390574E+00
      78.0000000000000000   4.8840652694216624E+00   4.3136164070510441E+00
      79.0000000000000000   4.8728136204498238E+00   4.3496870834620678E+00
      80.0000000000000000   4.8633678917311247E+00   4.3835114709783012E+00
      81.0000000000000000   4.8555992919702060E+00   4.4151957634013606E+00
      82.0000000000000000   4.8493901746795265E+00   4.4448418940197438E+00
      83.0000000000000000   4.8446329330926519E+00   4.4725475224583819E+00
      84.0000000000000000   4.8412290130070659E+00   4.4984060674126356E+00
      85.0000000000000000   4.8390880340872142E+00   4.5225067742135323E+00
      86.0000000000000000   4.8381270026032297E+00   4.5449348088944808E+00
      87.0000000000000000   4.8382696077593161E+00   4.5657713733237557E+00
      88.0000000000000000   4.8394455983723565E+00   4.5850938260212049E+00
      89.0000000000000000   4.8415902117515639E+00   4.6029758288481437E+00
      90.0000000000000000   4.8446436743166696E+00   4.6194874830906807E+00
      91.0000000000000000   4.8485507491786652E+00   4.6346954768620154E+00
      92.0000000000000000   4.8532603297936339E+00   4.6486632317516383E+00
      93.0000000000000000   4.8587250750993389E+00   4.6614510486375034E+00
      94.0000000000000000   4.8649010812149180E+00   4.6731162513557827E+00
      95.0000000000000000   4.8717475856416179E+00   4.6837133272354068E+00
      96.0000000000000000   4.8792267004926835E+00   4.6932940637626963E+00
      97.0000000000000000   4.8873031715656694E+00   4.7019076808480316E+00
      98.0000000000000000   4.8959441601748726E+00   4.7096009583598200E+00
      99.0000000000000000   4.9051190472982409E+00   4.7164183585307455E+00
     100.0000000000000000   4.9147992525838742E+00   4.7224021435246302E+00
     103.9989999999999952   4.9580527326768076E+00   4.7387728105654316E+00
     104.0010000000000048   4.9580760293450217E+00   4.7387782118610797E+00
     110.0000000000000000   5.0342799274863692E+00   4.7443253302745862E+00
     120.0000000000000000   5.1832514794503775E+00   4.7167412004874283E+00
     130.0000000000000000   5.3508313378550545E+00   4.6589214179957157E+00
     140.0000000000000000   5.5306168312822628E+00   4.5828842485565566E+00
     150.0000000000000000   5.7110530390465950E+00   4.5167830108038975E+00
     153.9989999999999952   5.7929138917657497E+00   4.4702202313197281E+00
     154.0010000000000048   5.7929624446718577E+00   4.4701798072941363E+00
     160.0000000000000000   5.9084392239478953E+00   4.4191353711990162E+00
     167.9989999999999952   6.0654642542003980E+00   4.3474964737403985E+00
     168.0010000000000048   6.0655120817223320E+00   4.3474594547666428E+00
     169.9989999999999952   6.1064796395221350E+00   4.3261562945410281E+00
     170.0000000000000000   6.1065035080251135E+00   4.3261380332712367E+00
     170.0010000000000048   6.1065273751403257E+00   4.3261197743498716E+00
     180.0000000000000000   6.3049642609670231E+00   4.2377060331076324E+00
     190.0000000000000000   6.5095287617426436E+00   4.1403919388653492E+00
     200.0000000000000000   6.7134673567570742E+00   4.0489445392641734E+00
     210.0000000000000000   6.9167523602351144E+00   3.9628667363523147E+00
     220.0000000000000000   7.1193728454497061E+00   3.8817063520886892E+00
     230.0000000000000000   7.3213287809451177E+00   3.8050546960317315E+00
     231.9989999999999952   7.3664593614714340E+00   3.7798783193075849E+00
     232.0010000000000048   7.3665044877778136E+00   3.7798533101122218E+00
     233.9989999999999952   7.4066974074918228E+00   3.7653305460160924E+00
     234.0010000000000048   7.4067424603786103E+00   3.7653058079330886E+00
     236.9989999999999952   7.4646367533948839E+00   3.7488531235576734E+00
     237.0010000000000048   7.4646816867682526E+00   3.7488287446200377E+00
     240.0000000000000000   7.5272808935946030E+00   3.7226124896945412E+00
     250.0000000000000000   7.7322047348292555E+00   3.6449547992220421E+00
     260.0000000000000000   7.9361420911984419E+00   3.5716606623972118E+00
     270.0000000000000000   8.1391338894268284E+00   3.5023571134900293E+00
     280.0000000000000000   8.3453224706301068E+00   3.4284442073194752E+00
     290.0000000000000000   8.5464001369054134E+00   3.3665082572486154E+00
     300.0000000000000000   8.7505294178034152E+00   3.3000252886448398E+00
     310.0000000000000000   8.9498550770427041E+00   3.2443032190353791E+00
     320.0000000000000000   9.1520907144480237E+00   3.1841299159557721E+00
     330.0000000000000000   9.3533965377728574E+00   3.1268847012026928E+00
     340.0000000000000000   9.5538091185799630E+00   3.0723496366855585E+00
     350.0000000000000000   9.7533630546969903E+00   3.0203282076486611E+00
     360.0000000000000000   9.9520910583925826E+00   2.9706427533587147E+00
     370.0000000000000000   1.0153349581365543E+01   2.9171508166813651E+00
     380.0000000000000000   1.0350443157469096E+01   2.8718515952673411E+00
     390.0000000000000000   1.0546799822289772E+01   2.8284380722964482E+00
     398.9990000000000236   1.0725095991592470E+01   2.7870426866023954E+00
     399.0009999999999764   1.0725136952352356E+01   2.7870312209142996E+00
     400.0000000000000000   1.0745592975534970E+01   2.7813168204173544E+00
     410.0000000000000000   1.0940482258348643E+01   2.7414777132215153E+00
     415.9990000000000236   1.1059531092549522E+01   2.7141391694795747E+00
     416.0009999999999764   1.1059571763798303E+01   2.7141284212764081E+00
     420.0000000000000000   1.1137754094262377E+01   2.6980058620757150E+00
     430.0000000000000000   1.1334285594347026E+01   2.6562587118593681E+00
     440.0000000000000000   1.1527119175571311E+01   2.6210540189710820E+00
     450.0000000000000000   1.1722268383319694E+01   2.5823325100391981E+00
     460.0000000000000000   1.1916741292836472E+01   2.5450528286509018E+00
     470.0000000000000000   1.2110556973104467E+01   2.5091336817918264E+00
     480.0000000000000000   1.2303734445697584E+01   2.4744986489298588E+00
     490.0000000000000000   1.2493511414667811E+01   2.4454388715756075E+00
     500.0000000000000000   1.2685498432923980E+01   2.4130690556675662E+00
     510.0000000000000000   1.2876898361480126E+01   2.3817916535530239E+00
     510.9989999999999668   1.2896526707615340E+01   2.3778937134495988E+00
     511.0009999999999195   1.2896565997644977E+01   2.3778859238306360E+00
     520.0000000000000000   1.3067726917194999E+01   2.3515500748013891E+00
     530.0000000000000000   1.3260650653056103E+01   2.3182918218819104E+00
     540.0000000000000000   1.3450348706976399E+01   2.2900496033852717E+00
     550.0000000000000000   1.3639518441772818E+01   2.2626930162841452E+00
     560.0000000000000000   1.3828173001045466E+01   2.2361795782091352E+00
     570.0000000000000000   1.4016325067028763E+01   2.2104694409772878E+00
     580.0000000000000000   1.4206509994914093E+01   2.1818983955730582E+00
     590.0000000000000000   1.4393663131750003E+01   2.1577507451248858E+00
     600.0000000000000000   1.4580348491981807E+01   2.1342996781788806E+00
     610.0000000000000000   1.4766576169946752E+01   2.1115154421326525E+00
     620.0000000000000000   1.4954781930570020E+01   2.0859960566270779E+00
     630.0000000000000000   1.5140099997512786E+01   2.0645109115909674E+00
     640.0000000000000000   1.5327372537459826E+01   2.0403598063094623E+00
     650.0000000000000000   1.5511817355438293E+01   2.0200673143208507E+00
     660.0000000000000000   1.5698200854056251E+01   1.9971638963482603E+00
     670.0000000000000000   1.5881805501819956E+01   1.9779704769115469E+00
     680.0000000000000000   1.6067336055686056E+01   1.9562141210793711E+00
     690.0000000000000000   1.6250134939937890E+01   1.9380316389637817E+00
     700.0000000000000000   1.6434843409063234E+01   1.9173360857937829E+00
     710.0000000000000000   1.6616869802729898E+01   1.9000842419230695E+00
     720.0000000000000000   1.6800784903383164E+01   1.8803722960953186E+00
     730.0000000000000000   1.6982070865892432E+01   1.8639778572301873E+00
     740.0000000000000000   1.7165218854904687E+01   1.8451808940930654E+00
     750.0000000000000000   1.7347998089140862E+01   1.8268266102135824E+00
     760.0000000000000000   1.7528201529010872E+01   1.8116320905452259E+00
     770.0000000000000000   1.7710254916419185E+01   1.7940950361266090E+00
     780.0000000000000000   1.7891952232320019E+01   1.7769624359315435E+00
     790.0000000000000000   1.8071135330388337E+01   1.7628362493335343E+00
     800.0000000000000000   1.8252144987772439E+01   1.7464359891794401E+00
     810.0000000000000000   1.8432816162900625E+01   1.7303999902421501E+00
     820.0000000000000000   1.8613146164636156E+01   1.7147254134670846E+00
     830.0000000000000000   1.8791045253610989E+01   1.7018621732851746E+00
     840.0000000000000000   1.8970739623563603E+01   1.6868163912717775E+00
     850.0000000000000000   1.9150114373431986E+01   1.6720917580737931E+00
     860.0000000000000000   1.9329169842965054E+01   1.6576830506097007E+00
     870.0000000000000000   1.9507911124311324E+01   1.6435797851027185E+00
     880.0000000000000000   1.9686348592242588E+01   1.6297658008603531E+00
     890.0000000000000000   1.9862476975299145E+01   1.6184985089063624E+00
     900.0000000000000000   2.0040339896979251E+01   1.6051965864958238E+00
     910.0000000000000000   2.0217909161047665E+01   1.5921621637928542E+00
     920.0000000000000000   2.0395188504938726E+01   1.5793876550459913E+00
     930.0000000000000000   2.0572182607582786E+01   1.5668646145092417E+00
     940.0000000000000000   2.0748897124946858E+01   1.5545837470308455E+00
     950.0000000000000000   2.0925338047388092E+01   1.5425356700943620E+00
     960.0000000000000000   2.1101510400301230E+01   1.5307122944266289E+00
     970.0000000000000000   2.1277417842791078E+01   1.5191071812889403E+00
     980.0000000000000000   2.1453063267638669E+01   1.5077148525940491E+00
     990.0000000000000000   2.1628449469810178E+01   1.4965300645158648E+00
    1000.0000000000000000   2.1803579414775072E+01   1.4855475221670091E+00
    1100.0000000000000000   2.3541469252106207E+01   1.3857324564414368E+00
    1200.0000000000000000   2.5258767440917005E+01   1.2994335855055885E+00
    1300.0000000000000000   2.6957704483029261E+01   1.2237515789483351E+00
    1400.0000000000000000   2.8640136106375294E+01   1.1565572994831148E+00
    1500.0000000000000000   3.0305915297388822E+01   1.0976488508652495E+00
    1600.0000000000000000   3.1958000474769463E+01   1.0443549776442285E+00
    1700.0000000000000000   3.3594562451819840E+01   9.9796377016268722E-01
    1800.0000000000000000   3.5221165489884356E+01   9.5417558657279944E-01
    1843.9990000000000236   3.5931856593857681E+01   9.3709029332950033E-01
    1844.0009999999999764   3.5931888981419348E+01   9.3708943545416723E-01
    1900.0000000000000000   3.6834209091938469E+01   9.1565788518543867E-01
    2000.0000000000000000   3.8437242406910073E+01   8.7985252646730994E-01
    2100.0000000000000000   4.0029777883966496E+01   8.4714521218271144E-01
    2200.0000000000000000   4.1613937942464538E+01   8.1619519067222801E-01
    2300.0000000000000000   4.3187031295355595E+01   7.8874906887195140E-01
    2400.0000000000000000   4.4752802658431527E+01   7.6250806854829234E-01
    2475.9989999999997963   4.5936928360157140E+01   7.4397224392248396E-01
    2476.0010000000002037   4.5936959409708564E+01   7.4397179041336958E-01
    2500.0000000000000000   4.6309901321954477E+01   7.3834016427747962E-01
    2526.9989999999997963   4.6728883054301747E+01   7.3212912670575370E-01
    2527.0010000000002037   4.6728914125131475E+01   7.3212863650671922E-01
    2600.0000000000000000   4.7859077064137352E+01   7.1585685344789707E-01
    2631.9989999999997963   4.8353546873426886E+01   7.0878558304907058E-01
    2632.0010000000002037   4.8353578065248655E+01   7.0878498155875524E-01
    2700.0000000000000000   4.9400718044982895E+01   6.9487985903335803E-01
    2800.0000000000000000   5.0934709499717911E+01   6.7547857497533725E-01
    2871.9989999999997963   5.2035983790596887E+01   6.6169091235591460E-01
    2872.0010000000002037   5.2036014394101905E+01   6.6169050461044543E-01
    2900.0000000000000000   5.2463100324530551E+01   6.5662231551204475E-01
    3000.0000000000000000   5.3983820013065404E+01   6.3946694898803158E-01
    3100.0000000000000000   5.5499766244521247E+01   6.2255491517872619E-01
    3200.0000000000000000   5.7008409691909996E+01   6.0714689041115510E-01
    3300.0000000000000000   5.8512185929952913E+01   5.9217072899001322E-01
    3400.0000000000000000   6.0010103561014496E+01   5.7809006792118112E-01
    3500.0000000000000000   6.1502007702127571E+01   5.6499139213703442E-01
    3600.0000000000000000   6.2988873800681922E+01   5.5247914102837903E-01
    3700.0000000000000000   6.4471527150458996E+01   5.4025829036746520E-01
    3800.0000000000000000   6.5949112522240341E+01   5.2863068601657670E-01
    3900.0000000000000000   6.7421010207574781E+01   5.1797380009902927E-01
    4000.0000000000000000   6.8889056988298435E+01   5.0752378648093976E-01
    4100.0000000000000000   7.0353432827559502E+01   4.9722990269067141E-01
    4200.0000000000000000   7.1812670146048887E+01   4.8765853249080071E-01
    4300.0000000000000000   7.3267186909341007E+01   4.7875483623250081E-01
    4400.0000000000000000   7.4720494150902056E+01   4.6913772570123674E-01
    4500.0000000000000000   7.6166421803214632E+01   4.6115974543431021E-01
    4600.0000000000000000   7.7610615749962946E+01   4.5278964324720394E-01
    4700.0000000000000000   7.9048755522201120E+01   4.4545722797637294E-01
    4800.0000000000000000   8.0485750881488428E+01   4.3762846679443490E-01
    4900.0000000000000000   8.1919344059422727E+01   4.3003613299558913E-01
    5000.0000000000000000   8.3349020321619534E+01   4.2285820236998545E-01
    5100.0000000000000000   8.4774931545578781E+01   4.1605793655900070E-01
    5200.0000000000000000   8.6197157960216146E+01   4.0962282307611514E-01
    5300.0000000000000000   8.7615888084507674E+01   4.0350194788625804E-01
    5400.0000000000000000   8.9030687175743367E+01   3.9783070966934037E-01
    5500.0000000000000000   9.0445937957531541E+01   3.9128561462789441E-01
    5600.0000000000000000   9.1856484824204401E+01   3.8544966832672029E-01
    5700.0000000000000000   9.3261743049675971E+01   3.8044533216403359E-01
    5800.0000000000000000   9.4668366949917441E+01   3.7441036963150715E-01
    5900.0000000000000000   9.6067235983855568E+01   3.6998674802766690E-01
    6000.0000000000000000   9.7468763039423067E+01   3.6421649402338391E-01
    6100.0000000000000000   9.8866370255845908E+01   3.5890648400498443E-01
    6200.0000000000000000   1.0025564287896927E+02   3.5527264172361994E-01
    6300.0000000000000000   1.0164894439875877E+02   3.5001409187520116E-01
    6400.0000000000000000   1.0303794883474859E+02   3.4540985512281169E-01
    6500.0000000000000000   1.0442415762123825E+02   3.4087126224263864E-01
    6600.0000000000000000   1.0580908815943637E+02   3.3631383484583466E-01
    6700.0000000000000000   1.0719001332014194E+02   3.3217530406505602E-01
    6800.0000000000000000   1.0856916691225166E+02   3.2805541404631761E-01
    6900.0000000000000000   1.0994505749356701E+02   3.2429790974161515E-01
    7000.0000000000000000   1.1131857210132618E+02   3.2061520977187924E-01
    7100.0000000000000000   1.1269038732908025E+02   3.1694627590295421E-01
    7200.0000000000000000   1.1405859373381830E+02   3.1368382052006599E-01
    7300.0000000000000000   1.1542461653404334E+02   3.1046457694795415E-01
    7400.0000000000000000   1.1679525253785734E+02   3.0584944192425478E-01
    7500.0000000000000000   1.1815632918162727E+02   3.0292980697915395E-01
    7600.0000000000000000   1.1951669706269351E+02   2.9998534619220973E-01
    7700.0000000000000000   1.2087918777851178E+02   2.9594907804088838E-01
    7800.0000000000000000   1.2223456543907778E+02   2.9322847787409706E-01
    7900.0000000000000000   1.2358821741561245E+02   2.9066726376146446E-01
    8000.0000000000000000   1.2494398643029240E+02   2.8709148800780643E-01
    8100.0000000000000000   1.2629258391875450E+02   2.8471572313231058E-01
    8200.0000000000000000   1.2764560958301954E+02   2.8126273757617004E-01
    8300.0000000000000000   1.2899185735640998E+02   2.7882008729706015E-01
    8400.0000000000000000   1.3033960542076349E+02   2.7558819344137447E-01
    8500.0000000000000000   1.3168544501905453E+02   2.7249082552726478E-01
    8600.0000000000000000   1.3302388047625968E+02   2.7082885397133283E-01
    8700.0000000000000000   1.3436793185212383E+02   2.6771291348552717E-01
    8800.0000000000000000   1.3570933319946340E+02   2.6459338551996348E-01
    8900.0000000000000000   1.3703965279857292E+02   2.6349103426756437E-01
    9000.0000000000000000   1.3837926092955786E+02   2.6020320560562488E-01
    9100.0000000000000000   1.3971321062902268E+02   2.5789885957446124E-01
    9200.0000000000000000   1.4104869307963546E+02   2.5505522981286266E-01
    9300.0000000000000000   1.4237808908777185E+02   2.5317037737621867E-01
    9400.0000000000000000   1.4370359974733390E+02   2.5165929423297229E-01
    9500.0000000000000000   1.4503379650357323E+02   2.4891612859202536E-01
    9600.0000000000000000   1.4636107962013622E+02   2.4654786261450898E-01
    9700.0000000000000000   1.4768574429328550E+02   2.4436262060690056E-01
    9800.0000000000000000   1.4900781410126010E+02   2.4243432580138241E-01
    9900.0000000000000000   1.5032916496431073E+02   2.4041089639787544E-01
   10000.0000000000000000   1.5164952126664934E+02   2.3835334197890701E-01
   11000.0000000000000000   1.6477927958867784E+02   2.1940938253991166E-01
   12000.0000000000000000   1.7777327112615552E+02   2.0432685579267398E-01
   13000.0000000000000000   1.9065267777704079E+02   1.9114551584210673E-01
   14000.0000000000000000   2.0343127107909265E+02   1.7912573415562702E-01
   15000.0000000000000000   2.1610724916833604E+02   1.6908801775296514E-01
   16000.0000000000000000   2.2870097554906818E+02   1.6025711758527469E-01
   17000.0000000000000000   2.4120556886035465E+02   1.5218796052809133E-01
   18000.0000000000000000   2.5363391420697357E+02   1.4575066812927162E-01
   19000.0000000000000000   2.6600266616482298E+02   1.3812951849005101E-01
   20000.0000000000000000   2.7829892218630988E+02   1.3235508558795636E-01
   20005.9989999999997963   2.7837397375611334E+02   1.3215695424167462E-01
   20006.0010000000002037   2.7837399871664809E+02   1.3215689997706415E-01
   21000.0000000000000000   2.9052211621427949E+02   1.2797461295896223E-01
   22000.0000000000000000   3.0270393454074411E+02   1.2182025499495377E-01
   23000.0000000000000000   3.1480882707573380E+02   1.1704513483531355E-01
   24000.0000000000000000   3.2687924046355232E+02   1.1309700552211020E-01
   25000.0000000000000000   3.3888726849954548E+02   1.1001869909480028E-01
   26000.0000000000000000   3.5085442405068039E+02   1.0642248939251768E-01
   27000.0000000000000000   3.6277759676113902E+02   1.0217010291708389E-01
   28000.0000000000000000   3.7463027785879348E+02   9.9504330309794789E-02
   29000.0000000000000000   3.8647279724555113E+02   9.7041010157391971E-02
   30000.0000000000000000   3.9826430531384983E+02   9.3174713294947170E-02
   31000.0000000000000000   4.1003767386259005E+02   9.0682105663387316E-02
   32000.0000000000000000   4.2173528283486280E+02   8.8281401068017254E-02
   33000.0000000000000000   4.3338381369078627E+02   8.7148044549567608E-02
   34000.0000000000000000   4.4502560200807949E+02   8.4961731287561432E-02
   35000.0000000000000000   4.5665754920347030E+02   8.1545929679031681E-02
   36000.0000000000000000   4.6823259712446094E+02   8.0615371736059482E-02
   37000.0000000000000000   4.7980647463039935E+02   7.9055135966230802E-02
   38000.0000000000000000   4.9134394051140163E+02   7.5825680425141456E-02
   39000.0000000000000000   5.0279097024865706E+02   7.4211643248425690E-02
   40000.0000000000000000   5.1430892801842356E+02   7.2387007032152312E-02
   41000.0000000000000000   5.2570336839474191E+02   7.0673730457955955E-02
   42000.0000000000000000   5.3713715237124154E+02   7.0113695379472374E-02
   43000.0000000000000000   5.4847266703140531E+02   6.8009571018371601E-02
   44000.0000000000000000   5.5988112871801513E+02   6.6405252225401334E-02
   45000.0000000000000000   5.7121995997379258E+02   6.5546991842867872E-02
   46000.0000000000000000   5.8247825657936141E+02   6.4195942322864630E-02
   47000.0000000000000000   5.9373512732451059E+02   6.3796985168399600E-02
   48000.0000000000000000   6.0503993776859988E+02   6.2068149413369467E-02
   49000.0000000000000000   6.1628449390032722E+02   6.1569938558096123E-02
   50000.0000000000000000   6.2753374341124834E+02   5.9644203562299450E-02
