       0.1000000000000000   4.4647475094533313E+01   6.5293936716243495E-04
       0.2000000000000000   3.9187325012094988E+01   1.2812623844638907E-03
       0.3000000000000000   3.7306981133012286E+01   1.9103136947981822E-03
       0.4000000000000000   3.6528905333500923E+01   2.5158020992626399E-03
       0.5000000000000000   3.6086305935384814E+01   3.1189773958349445E-03
       0.6000000000000000   3.5804885001372746E+01   3.7209340982672649E-03
       0.7000000000000000   3.5616255963656627E+01   4.3226997321846490E-03
       0.7999999999999999   3.5483026190356519E+01   4.9249857383486841E-03
       0.8999999999999999   3.5387979167691398E+01   5.5268346593141272E-03
       0.9999999999999999   3.5314666649098925E+01   6.1305612686942497E-03
       2.0000000000000000   3.4945807650740136E+01   1.2283869511409355E-02
       3.0000000000000000   3.4534427790936618E+01   1.8798145894113175E-02
       4.0000000000000000   3.3954340392724959E+01   2.5806031629628658E-02
       5.0000000000000000   3.3243394128233035E+01   3.3391381910993750E-02
       6.0000000000000000   3.2446478510745564E+01   4.1612762303286338E-02
       7.0000000000000000   3.1600374241406790E+01   5.0508888539346389E-02
       8.0000000000000000   3.0730754150031093E+01   6.0109517157087067E-02
       9.0000000000000000   2.9855732024979108E+01   7.0438217057102431E-02
      10.0000000000000000   2.8987376971973546E+01   8.1516166490267425E-02
      11.0000000000000000   2.8133873844247098E+01   9.3362840707008454E-02
      12.0000000000000000   2.7300377030846636E+01   1.0599753394693633E-01
      13.0000000000000000   2.6490032324591681E+01   1.1944092294043848E-01
      14.0000000000000000   2.5704245731973245E+01   1.3371709973879192E-01
      15.0000000000000000   2.4943464983820974E+01   1.4885349830855679E-01
      16.0000000000000000   2.4207509378853199E+01   1.6488097199500990E-01
      17.0000000000000000   2.3495623884457331E+01   1.8183585905075184E-01
      18.0000000000000000   2.2806832296809585E+01   1.9975935501311176E-01
      19.0000000000000000   2.2139946251089704E+01   2.1869850760806334E-01
      20.0000000000000000   2.1493690968918756E+01   2.3870699715837515E-01
      21.0000000000000000   2.0866753595977876E+01   2.5984554770787238E-01
      22.0000000000000000   2.0257858698990159E+01   2.8218211826781769E-01
      23.0000000000000000   1.9665760172268584E+01   3.0579298064436322E-01
      24.0000000000000000   1.9089255111336279E+01   3.3076378063867662E-01
      25.0000000000000000   1.8527218736777684E+01   3.5718984842218898E-01
      26.0000000000000000   1.7978601012705649E+01   3.8517730782934306E-01
      27.0000000000000000   1.7442431472150712E+01   4.1484405639763111E-01
      28.0000000000000000   1.6917824261943121E+01   4.4632077837136264E-01
      29.0000000000000000   1.6403974458851891E+01   4.7975214970642421E-01
      30.0000000000000000   1.5900166579402898E+01   5.1529786880663520E-01
      31.0000000000000000   1.5405770812245068E+01   5.5313383111453895E-01
      32.0000000000000000   1.4920253298725486E+01   5.9345292557578577E-01
      33.0000000000000000   1.4443173218049598E+01   6.3646593134567275E-01
      34.0000000000000000   1.3974194296046104E+01   6.8240163980039492E-01
      35.0000000000000000   1.3513090768047562E+01   7.3150644673884946E-01
      36.0000000000000000   1.3059757819215948E+01   7.8404286208446894E-01
      37.0000000000000000   1.2614223070883456E+01   8.4028653169410639E-01
      38.0000000000000000   1.2176659542008814E+01   9.0052121391339179E-01
      39.0000000000000000   1.1747398339696716E+01   9.6503108183926878E-01
      40.0000000000000000   1.1326940725178108E+01   1.0340896758724480E+00
      41.0000000000000000   1.0915964980980258E+01   1.1079450309033665E+00
      41.9990000000000023   1.0515721903938646E+01   1.1867192902212653E+00
      42.0000000000000000   1.0515326756603052E+01   1.1868006957694237E+00
      42.0009999999999977   1.0514931620614659E+01   1.1868821064620181E+00
      43.0000000000000000   1.0126047475819201E+01   1.2707931307654501E+00
      44.0000000000000000   9.7492871500582403E+00   1.3599667976303029E+00
      44.9990000000000023   9.3866536844350694E+00   1.4541528245534745E+00
      45.0000000000000000   9.3862980014726318E+00   1.4542496019255942E+00
      45.0009999999999977   9.3859423335654046E+00   1.4543463842101232E+00
      46.0000000000000000   9.0383597535404956E+00   1.5534321975546896E+00
      47.0000000000000000   8.7066991535996792E+00   1.6571555232533963E+00
      48.0000000000000000   8.3924027002668620E+00   1.7649103334219411E+00
      49.0000000000000000   8.0963343720639482E+00   1.8760508570226804E+00
      50.0000000000000000   7.8190710322043930E+00   1.9898220438500709E+00
      51.0000000000000000   7.5608653222174347E+00   2.1053970441064389E+00
      52.0000000000000000   7.3216402944685344E+00   2.2219195663456905E+00
      53.0000000000000000   7.1010133400182980E+00   2.3385452651432086E+00
      54.0000000000000000   6.8983421731000441E+00   2.4544772750878225E+00
      55.0000000000000000   6.7127831130967310E+00   2.5689929097902584E+00
      56.0000000000000000   6.5433524578889921E+00   2.6814605941107290E+00
      57.0000000000000000   6.3889838425251044E+00   2.7913476048777985E+00
      58.0000000000000000   6.2485767046814154E+00   2.8982207506333322E+00
      59.0000000000000000   6.1210349957833872E+00   3.0017413973051759E+00
      60.0000000000000000   6.0052956433608493E+00   3.1016570731805757E+00
      61.0000000000000000   5.9003473663195551E+00   3.1977916589962163E+00
      62.0000000000000000   5.8052426788068514E+00   3.2900345741885748E+00
      63.0000000000000000   5.7191038250644599E+00   3.3783304028517032E+00
      64.0000000000000000   5.6411245656632154E+00   3.4626692093572351E+00
      65.0000000000000000   5.5705690727266424E+00   3.5430778492404418E+00
      66.0000000000000000   5.5067689221253948E+00   3.6196123759002550E+00
      67.0000000000000000   5.4491189517884751E+00   3.6923515374841078E+00
      67.9989999999999952   5.3971219480389481E+00   3.7613240691344454E+00
      68.0000000000000000   5.3970725322775417E+00   3.7613912963390748E+00
      68.0010000000000048   5.3970231216225697E+00   3.7614585199521953E+00
      69.0000000000000000   5.3501366254995961E+00   3.8268402714208434E+00
      70.0000000000000000   5.3078668855776581E+00   3.8888159912307407E+00
      71.0000000000000000   5.2698629580567218E+00   3.9474418455782438E+00
      72.0000000000000000   5.2357640746216427E+00   4.0028446297898883E+00
      73.0000000000000000   5.2052449859671919E+00   4.0551525865238185E+00
      74.0000000000000000   5.1780122518974734E+00   4.1044938610873700E+00
      75.0000000000000000   5.1538008736075609E+00   4.1509953085831119E+00
      76.0000000000000000   5.1323713235037474E+00   4.1947815273290869E+00
      77.0000000000000000   5.1135067725284067E+00   4.2359742274637622E+00
      78.0000000000000000   5.0970107286125730E+00   4.2746916764866567E+00
      79.0000000000000000   5.0827048788300813E+00   4.3110483478104253E+00
      80.0000000000000000   5.0704271819573510E+00   4.3451546777625900E+00
      81.0000000000000000   5.0600301739296549E+00   4.3771169176401754E+00
      82.0000000000000000   5.0513794640087646E+00   4.4070370609607137E+00
      83.0000000000000000   5.0443523987117462E+00   4.4350128296522442E+00
      84.0000000000000000   5.0388368745223628E+00   4.4611377061390654E+00
      85.0000000000000000   5.0347302843930981E+00   4.4855010004568845E+00
      86.0000000000000000   5.0319385796331844E+00   4.5081879438982444E+00
      87.0000000000000000   5.0303754337495032E+00   4.5292798038028197E+00
      88.0000000000000000   5.0299615057635743E+00   4.5488540041011323E+00
      89.0000000000000000   5.0306237661757542E+00   4.5669842717635536E+00
      90.0000000000000000   5.0322949113718600E+00   4.5837407726855659E+00
      91.0000000000000000   5.0349128327397192E+00   4.5991902589467939E+00
      92.0000000000000000   5.0384201423487820E+00   4.6133962153301136E+00
      93.0000000000000000   5.0427637479528231E+00   4.6264190050332221E+00
      94.0000000000000000   5.0478944715421701E+00   4.6383160132589092E+00
      95.0000000000000000   5.0537667065087355E+00   4.6491417876878947E+00
      96.0000000000000000   5.0603381091336859E+00   4.6589481750966231E+00
      97.0000000000000000   5.0675693205724635E+00   4.6677844535896309E+00
      98.0000000000000000   5.0754237157936863E+00   4.6756974600979264E+00
      99.0000000000000000   5.0838671777553293E+00   4.6827317128171764E+00
     100.0000000000000000   5.0928678910102345E+00   4.6889295286954100E+00
     103.9989999999999952   5.1338664360597068E+00   4.7061289565970723E+00
     104.0010000000000048   5.1338887731112335E+00   4.7061347618505174E+00
     110.0000000000000000   5.2078450887704717E+00   4.7128490792491302E+00
     120.0000000000000000   5.3552275207760252E+00   4.6870312825252478E+00
     130.0000000000000000   5.5230213850375751E+00   4.6307858048927644E+00
     140.0000000000000000   5.7042007997740711E+00   4.5561611912870283E+00
     150.0000000000000000   5.8865554252880194E+00   4.4912236219172685E+00
     153.9989999999999952   5.9698644899664925E+00   4.4450894862966992E+00
     154.0010000000000048   5.9699142463464216E+00   4.4450492726119721E+00
     160.0000000000000000   6.0871645208487628E+00   4.3946184556556327E+00
     167.9989999999999952   6.2468381652463849E+00   4.3237473667622259E+00
     168.0010000000000048   6.2468871875656165E+00   4.3237105330213037E+00
     169.9989999999999952   6.2886375660065692E+00   4.3025908120171295E+00
     170.0000000000000000   6.2886620313597117E+00   4.3025726417614898E+00
     170.0010000000000048   6.2886864952420289E+00   4.3025544738534833E+00
     180.0000000000000000   6.4907240466800715E+00   4.2150129502612721E+00
     190.0000000000000000   6.6993756000130595E+00   4.1185017393983037E+00
     200.0000000000000000   6.9074669004512730E+00   4.0277960274527578E+00
     210.0000000000000000   7.1149579928003570E+00   3.9424056831327072E+00
     220.0000000000000000   7.3218284498685007E+00   3.8618844650685902E+00
     230.0000000000000000   7.5280707691408635E+00   3.7858287731308233E+00
     231.9989999999999952   7.5743388744595563E+00   3.7607667453983500E+00
     232.0010000000000048   7.5743851383909160E+00   3.7607418498442828E+00
     233.9989999999999952   7.6154360976143325E+00   3.7463318601619848E+00
     234.0010000000000048   7.6154822862192209E+00   3.7463072342175270E+00
     236.9989999999999952   7.6745312420709082E+00   3.7300209906257038E+00
     237.0010000000000048   7.6745773077949222E+00   3.7299967216299530E+00
     240.0000000000000000   7.7386046038083212E+00   3.7039437187389010E+00
     250.0000000000000000   7.9481111408559624E+00   3.6268081744137679E+00
     260.0000000000000000   8.1566304916963208E+00   3.5540044950588499E+00
     270.0000000000000000   8.3642023254687370E+00   3.4851626194052776E+00
     280.0000000000000000   8.5751971194411745E+00   3.4116851567058570E+00
     290.0000000000000000   8.7808395692780596E+00   3.3501606762810616E+00
     300.0000000000000000   8.9897448157084625E+00   3.2840672036631307E+00
     310.0000000000000000   9.1936193064633382E+00   3.2287144362908671E+00
     320.0000000000000000   9.4006014536129570E+00   3.1688918311192440E+00
     330.0000000000000000   9.6066370292210781E+00   3.1119801339116560E+00
     340.0000000000000000   9.8117630877044082E+00   3.0577626862686418E+00
     350.0000000000000000   1.0016014718376580E+01   3.0060441268415894E+00
     360.0000000000000000   1.0219425125749005E+01   2.9566478373707805E+00
     370.0000000000000000   1.0425531903790741E+01   2.9034323054152846E+00
     380.0000000000000000   1.0627274346449861E+01   2.8583975868553537E+00
     390.0000000000000000   1.0828266122954290E+01   2.8152374464064671E+00
     398.9990000000000236   1.1010840988740211E+01   2.7740611640391117E+00
     399.0009999999999764   1.1010882974670414E+01   2.7740497461454798E+00
     400.0000000000000000   1.1031850974034041E+01   2.7683591700264376E+00
     410.0000000000000000   1.1231345046954617E+01   2.7287532837537869E+00
     415.9990000000000236   1.1353282395673673E+01   2.7015502189159162E+00
     416.0009999999999764   1.1353324084091872E+01   2.7015395153441517E+00
     420.0000000000000000   1.1433373026005595E+01   2.6855054969628180E+00
     430.0000000000000000   1.1634642718383354E+01   2.6439738037238509E+00
     440.0000000000000000   1.1832037301553713E+01   2.6089764657440959E+00
     450.0000000000000000   1.2031892309625107E+01   2.5704546754231670E+00
     460.0000000000000000   1.2231054559102185E+01   2.5333675064164898E+00
     470.0000000000000000   1.2429543566065908E+01   2.4976340634691065E+00
     480.0000000000000000   1.2627378825786701E+01   2.4631782945106235E+00
     490.0000000000000000   1.2821650505664056E+01   2.4342916828944907E+00
     500.0000000000000000   1.3018267479887870E+01   2.4020892521707085E+00
     510.0000000000000000   1.3214283072224106E+01   2.3709737502003994E+00
     510.9989999999999668   1.3234400372235925E+01   2.3670916933264334E+00
     511.0009999999999195   1.3234440640994480E+01   2.3670839354537714E+00
     520.0000000000000000   1.3409713394259224E+01   2.3408888618794714E+00
     530.0000000000000000   1.3607365829645413E+01   2.3077823465305545E+00
     540.0000000000000000   1.3801637114529663E+01   2.2796871526657148E+00
     550.0000000000000000   1.3995367273117227E+01   2.2524731016354242E+00
     560.0000000000000000   1.4188569779599572E+01   2.2260979211572849E+00
     570.0000000000000000   1.4381257637783602E+01   2.2005219599774226E+00
     580.0000000000000000   1.4576099491099843E+01   2.1720811938772644E+00
     590.0000000000000000   1.4767763318526155E+01   2.1480600995808525E+00
     600.0000000000000000   1.4958948093063855E+01   2.1247320288741904E+00
     610.0000000000000000   1.5149664146768419E+01   2.1020673828087655E+00
     620.0000000000000000   1.5342474881044849E+01   2.0766643257947335E+00
     630.0000000000000000   1.5532258606585039E+01   2.0552923842858895E+00
     640.0000000000000000   1.5724111442710303E+01   2.0312514864334879E+00
     650.0000000000000000   1.5913000089942527E+01   2.0110663275186971E+00
     660.0000000000000000   1.6103940558086148E+01   1.9882674833754725E+00
     670.0000000000000000   1.6291967993952948E+01   1.9691759874531087E+00
     680.0000000000000000   1.6482033184069209E+01   1.9475190079824314E+00
     690.0000000000000000   1.6669234738079506E+01   1.9294334528515273E+00
     700.0000000000000000   1.6858456290009986E+01   1.9088324700302182E+00
     710.0000000000000000   1.7044866156724972E+01   1.8916729279015851E+00
     720.0000000000000000   1.7233273509496662E+01   1.8720510988260384E+00
     730.0000000000000000   1.7418924658922879E+01   1.8557446712035692E+00
     740.0000000000000000   1.7606544713577762E+01   1.8370336893991148E+00
     750.0000000000000000   1.7793786403043171E+01   1.8187634288976879E+00
     760.0000000000000000   1.7978327707972010E+01   1.8036510431835246E+00
     770.0000000000000000   1.8164824512983582E+01   1.7861942986049957E+00
     780.0000000000000000   1.8350955821887979E+01   1.7691402464138641E+00
     790.0000000000000000   1.8534451252148830E+01   1.7550909054057164E+00
     800.0000000000000000   1.8719876941166895E+01   1.7387658451573087E+00
     810.0000000000000000   1.8904955205468315E+01   1.7228034546317506E+00
     820.0000000000000000   1.9089683079549200E+01   1.7072009465671567E+00
     830.0000000000000000   1.9271862376562762E+01   1.6944082849222881E+00
     840.0000000000000000   1.9455938267671431E+01   1.6794316386593247E+00
     850.0000000000000000   1.9639686056170234E+01   1.6647747437867531E+00
     860.0000000000000000   1.9823105979427513E+01   1.6504324206676755E+00
     870.0000000000000000   2.0006203276683848E+01   1.6363942271543217E+00
     880.0000000000000000   2.0188988746025029E+01   1.6226440424625452E+00
     890.0000000000000000   2.0369353347865374E+01   1.6114393158927813E+00
     900.0000000000000000   2.0551549665104783E+01   1.5981987614285875E+00
     910.0000000000000000   2.0733444510571569E+01   1.5852245444927651E+00
     920.0000000000000000   2.0915041712799386E+01   1.5725091131963471E+00
     930.0000000000000000   2.1096346092966431E+01   1.5600440543288616E+00
     940.0000000000000000   2.1277363502075019E+01   1.5478201040122024E+00
     950.0000000000000000   2.1458100144976743E+01   1.5358279098029883E+00
     960.0000000000000000   2.1638561213922092E+01   1.5240594113582342E+00
     970.0000000000000000   2.1818750466562250E+01   1.5125081977809278E+00
     980.0000000000000000   2.1998670856868323E+01   1.5011688177883100E+00
     990.0000000000000000   2.2178325238055489E+01   1.4900360533699832E+00
    1000.0000000000000000   2.2357716644643606E+01   1.4791046345111392E+00
    1100.0000000000000000   2.4137869782399459E+01   1.3797561717716251E+00
    1200.0000000000000000   2.5896938639867070E+01   1.2938556456173709E+00
    1300.0000000000000000   2.7637208844852928E+01   1.2185180704348568E+00
    1400.0000000000000000   2.9360582454490753E+01   1.1516248462218313E+00
    1500.0000000000000000   3.1066864774786819E+01   1.0929820005667317E+00
    1600.0000000000000000   3.2759130846229084E+01   1.0399243574643502E+00
    1700.0000000000000000   3.4435429663037688E+01   9.9374475356270831E-01
    1800.0000000000000000   3.6101582610295956E+01   9.5014730945280002E-01
    1843.9990000000000236   3.6829516970752792E+01   9.3314013099565540E-01
    1844.0009999999999764   3.6829550147571084E+01   9.3313927659615181E-01
    1900.0000000000000000   3.7753784888366638E+01   9.1180250639207217E-01
    2000.0000000000000000   3.9395746080435380E+01   8.7615466291064503E-01
    2100.0000000000000000   4.1026936951286096E+01   8.4359150106153336E-01
    2200.0000000000000000   4.2649571828653990E+01   8.1277394578398865E-01
    2300.0000000000000000   4.4260810240017101E+01   7.8545000761479444E-01
    2400.0000000000000000   4.5864573367140807E+01   7.5932209276337015E-01
    2475.9989999999997963   4.7077415334508053E+01   7.4086675231393539E-01
    2476.0010000000002037   4.7077447135635197E+01   7.4086630086486804E-01
    2500.0000000000000000   4.7459431438614331E+01   7.3525918260497747E-01
    2526.9989999999997963   4.7888570079084488E+01   7.2907521997177382E-01
    2527.0010000000002037   4.7888601904531733E+01   7.2907473175925130E-01
    2600.0000000000000000   4.9046161947780853E+01   7.1287363605407394E-01
    2631.9989999999997963   4.9552625382809367E+01   7.0583224643827336E-01
    2632.0010000000002037   4.9552657339224012E+01   7.0583164679529120E-01
    2700.0000000000000000   5.0625163428153023E+01   6.9198791784079616E-01
    2800.0000000000000000   5.2196307019958361E+01   6.7267206417693914E-01
    2871.9989999999997963   5.3324274973964918E+01   6.5894260765607904E-01
    2872.0010000000002037   5.3324306320758687E+01   6.5894220149118299E-01
    2900.0000000000000000   5.3761736691897276E+01   6.5389594835922948E-01
    3000.0000000000000000   5.5319271049609405E+01   6.3681592774234619E-01
    3100.0000000000000000   5.6871946402207300E+01   6.1997487179105737E-01
    3200.0000000000000000   5.8417100701647350E+01   6.0463383600491305E-01
    3300.0000000000000000   5.9957285799972986E+01   5.8972101061694859E-01
    3400.0000000000000000   6.1491455446876898E+01   5.7570033136172372E-01
    3500.0000000000000000   6.3019442162583942E+01   5.6265854975330687E-01
    3600.0000000000000000   6.4542265580329101E+01   5.5020034386360461E-01
    3700.0000000000000000   6.6060787894363017E+01   5.3803090383230001E-01
    3800.0000000000000000   6.7574107143134654E+01   5.2645226861983041E-01
    3900.0000000000000000   6.9081568955135694E+01   5.1584208477400373E-01
    4000.0000000000000000   7.0585098173544026E+01   5.0543666413423871E-01
    4100.0000000000000000   7.2084880332121514E+01   4.9518540766171254E-01
    4200.0000000000000000   7.3579371543683877E+01   4.8565482966030532E-01
    4300.0000000000000000   7.5069007634274286E+01   4.7679020955930518E-01
    4400.0000000000000000   7.6557471580294376E+01   4.6721056800059885E-01
    4500.0000000000000000   7.8038283476906230E+01   4.5926854923889121E-01
    4600.0000000000000000   7.9517367647242210E+01   4.5093299261522379E-01
    4700.0000000000000000   8.0990186257643785E+01   4.4363379113087681E-01
    4800.0000000000000000   8.2461890917712438E+01   4.3583698949394900E-01
    4900.0000000000000000   8.3930109343686766E+01   4.2827543255017764E-01
    5000.0000000000000000   8.5394299119620655E+01   4.2112716222833496E-01
    5100.0000000000000000   8.6854617676646058E+01   4.1435550140201255E-01
    5200.0000000000000000   8.8311147323133866E+01   4.0794799436086110E-01
    5300.0000000000000000   8.9764084114472098E+01   4.0185377979131759E-01
    5400.0000000000000000   9.1212969986102962E+01   3.9620830539866575E-01
    5500.0000000000000000   9.2662403439841924E+01   3.8968812303560957E-01
    5600.0000000000000000   9.4106971406388666E+01   3.8387628082980807E-01
    5700.0000000000000000   9.5546058675680086E+01   3.7889527991377681E-01
    5800.0000000000000000   9.6986648051011926E+01   3.7288292091794328E-01
    5900.0000000000000000   9.8419165356832323E+01   3.6848120589427613E-01
    6000.0000000000000000   9.9854538263013183E+01   3.6273219407178547E-01
    6100.0000000000000000   1.0128586152294238E+02   3.5744279237166782E-01
    6200.0000000000000000   1.0270850047330323E+02   3.5382895321269592E-01
    6300.0000000000000000   1.0413542980893455E+02   3.4858982823287399E-01
    6400.0000000000000000   1.0555790993087332E+02   3.4400446344078911E-01
    6500.0000000000000000   1.0697751550401611E+02   3.3948421347902552E-01
    6600.0000000000000000   1.0839583793255972E+02   3.3494462245323131E-01
    6700.0000000000000000   1.0981001404106895E+02   3.3082344271661868E-01
    6800.0000000000000000   1.1122238716611835E+02   3.2672043845146265E-01
    6900.0000000000000000   1.1263139107870025E+02   3.2297937354385781E-01
    7000.0000000000000000   1.1403795574532937E+02   3.1931268452203093E-01
    7100.0000000000000000   1.1544279028221787E+02   3.1565935010154567E-01
    7200.0000000000000000   1.1684388993102282E+02   3.1241209872343739E-01
    7300.0000000000000000   1.1824274951654661E+02   3.0920767893297507E-01
    7400.0000000000000000   1.1964650089021228E+02   3.0460700190709283E-01
    7500.0000000000000000   1.2104027021212023E+02   3.0170147288392707E-01
    7600.0000000000000000   1.2243334471534557E+02   2.9877077896572646E-01
    7700.0000000000000000   1.2382869505578675E+02   2.9474795101001811E-01
    7800.0000000000000000   1.2521662835260003E+02   2.9204047614260642E-01
    7900.0000000000000000   1.2660279739616027E+02   2.8949208364343504E-01
    8000.0000000000000000   1.2799123391398300E+02   2.8592883649498507E-01
    8100.0000000000000000   1.2937219003350674E+02   2.8356531739297441E-01
    8200.0000000000000000   1.3075783743230372E+02   2.8012430448327763E-01
    8300.0000000000000000   1.3213641623203901E+02   2.7769336298365199E-01
    8400.0000000000000000   1.3351661255806329E+02   2.7447292288134373E-01
    8500.0000000000000000   1.3489484879000292E+02   2.7138676213977181E-01
    8600.0000000000000000   1.3626535755124351E+02   2.6973575924727466E-01
    8700.0000000000000000   1.3764180061952999E+02   2.6663055663459062E-01
    8800.0000000000000000   1.3901550368460974E+02   2.6352154313691351E-01
    8900.0000000000000000   1.4037761871702324E+02   2.6242949001651117E-01
    9000.0000000000000000   1.4174951996218971E+02   2.5915174992111983E-01
    9100.0000000000000000   1.4311552287869432E+02   2.5685728937834595E-01
    9200.0000000000000000   1.4448317266899357E+02   2.5402334824588096E-01
    9300.0000000000000000   1.4584447406212269E+02   2.5214799354347539E-01
    9400.0000000000000000   1.4720173621466779E+02   2.5064622296238181E-01
    9500.0000000000000000   1.4856395246933113E+02   2.4791219020496252E-01
    9600.0000000000000000   1.4992314809671018E+02   2.4555288270792039E-01
    9700.0000000000000000   1.5127963240027947E+02   2.4337642984620053E-01
    9800.0000000000000000   1.5263342969178379E+02   2.4145675972348690E-01
    9900.0000000000000000   1.5398650786236328E+02   2.3944179522378783E-01
   10000.0000000000000000   1.5533857728351387E+02   2.3739255043529850E-01
   11000.0000000000000000   1.6878365769003750E+02   2.1852402657860148E-01
   12000.0000000000000000   1.8208935650513286E+02   2.0350531336783584E-01
   13000.0000000000000000   1.9527759349199337E+02   1.9037870628092574E-01
   14000.0000000000000000   2.0836256430208442E+02   1.7840642113300689E-01
   15000.0000000000000000   2.2134216664359184E+02   1.6841033710282835E-01
   16000.0000000000000000   2.3423758218582282E+02   1.5961624791021151E-01
   17000.0000000000000000   2.4704143662193539E+02   1.5157988756869617E-01
   18000.0000000000000000   2.5976711123110397E+02   1.4517201248343398E-01
   19000.0000000000000000   2.7243195686085363E+02   1.3757740721634279E-01
   20000.0000000000000000   2.8502233450686532E+02   1.3182705488235186E-01
   20005.9989999999997963   2.8509921797028761E+02   1.3162906126739682E-01
   20006.0010000000002037   2.8509924353858725E+02   1.3162900704869174E-01
   21000.0000000000000000   2.9753755772472033E+02   1.2746853326540927E-01
   22000.0000000000000000   3.1001077828651978E+02   1.2133427259558320E-01
   23000.0000000000000000   3.2240463384496331E+02   1.1657762573631013E-01
   24000.0000000000000000   3.3476357678147883E+02   1.1264653864340461E-01
   25000.0000000000000000   3.4705827645079773E+02   1.0958400659014375E-01
   26000.0000000000000000   3.5931123981616247E+02   1.0600244249818146E-01
   27000.0000000000000000   3.7151915316593727E+02   1.0176369213316117E-01
   28000.0000000000000000   3.8365416804761372E+02   9.9110649010227203E-02
   29000.0000000000000000   3.9577951272759219E+02   9.6659240938031993E-02
   30000.0000000000000000   4.0785230562335647E+02   9.2804116526447211E-02
   31000.0000000000000000   4.1990698320354522E+02   9.0322009833364872E-02
   32000.0000000000000000   4.3188308379277635E+02   8.7931194585781677E-02
   33000.0000000000000000   4.4380855741584253E+02   8.6807168754425984E-02
   34000.0000000000000000   4.5572777084287247E+02   8.4629674453832460E-02
   35000.0000000000000000   4.6763744564408785E+02   8.1222221851337928E-02
   36000.0000000000000000   4.7948820704640656E+02   8.0299580260100714E-02
   37000.0000000000000000   4.9133847096178016E+02   7.8746861605169652E-02
   38000.0000000000000000   5.0315125813627145E+02   7.5524553971517458E-02
   39000.0000000000000000   5.1486989529455445E+02   7.3917322557321599E-02
   40000.0000000000000000   5.2666357290339533E+02   7.2099174414044592E-02
   41000.0000000000000000   5.3832837151834178E+02   7.0392090379958069E-02
   42000.0000000000000000   5.5003505139565948E+02   6.9837972432038806E-02
   43000.0000000000000000   5.6163929362113765E+02   6.7739508111364394E-02
   44000.0000000000000000   5.7332061786725842E+02   6.6140608983036614E-02
   45000.0000000000000000   5.8492950295012395E+02   6.5287543171695925E-02
   46000.0000000000000000   5.9645450113496804E+02   6.3941477130785490E-02
   47000.0000000000000000   6.0797854981961996E+02   6.3547305215918601E-02
   48000.0000000000000000   6.1955339691196434E+02   6.1823068280979152E-02
   49000.0000000000000000   6.3106558198477751E+02   6.1329280715921315E-02
   50000.0000000000000000   6.4258319345831001E+02   5.9407803530042380E-02
