       0.1000000000000000   7.0978833452665683E+01   4.1121886663387163E-04
       0.2000000000000000   6.2017724776924283E+01   8.1215885456968292E-04
       0.3000000000000000   5.8775109261214041E+01   1.2189200576128397E-03
       0.4000000000000000   5.7296191792568912E+01   1.6156601405712323E-03
       0.5000000000000000   5.6354791624936958E+01   2.0159052261177111E-03
       0.6000000000000000   5.5672884324572600E+01   2.4203090784230791E-03
       0.7000000000000000   5.5140874060320435E+01   2.8295136782102255E-03
       0.7999999999999999   5.4699124973091230E+01   3.2439592262255216E-03
       0.8999999999999999   5.4320415972218264E+01   3.6629795249020197E-03
       0.9999999999999999   5.3978284476687378E+01   4.0880963836351361E-03
       2.0000000000000000   5.1270539102342028E+01   8.6794180862493665E-03
       3.0000000000000000   4.8773651184043352E+01   1.3982690375788254E-02
       4.0000000000000000   4.6308768893487596E+01   2.0076790269555150E-02
       5.0000000000000000   4.3928348716540491E+01   2.7002140070453422E-02
       6.0000000000000000   4.1677997896064156E+01   3.4776621805115052E-02
       7.0000000000000000   3.9582203264253145E+01   4.3400446706335867E-02
       8.0000000000000000   3.7646207576297911E+01   5.2867296636199546E-02
       9.0000000000000000   3.5864908701011863E+01   6.3168579006726747E-02
      10.0000000000000000   3.4227310484903448E+01   7.4297929900481285E-02
      11.0000000000000000   3.2720452401571507E+01   8.6252295912424948E-02
      12.0000000000000000   3.1330873810305164E+01   9.9033020422746323E-02
      13.0000000000000000   3.0045782258223813E+01   1.1264702548299775E-01
      14.0000000000000000   2.8853120983711282E+01   1.2710799877471804E-01
      15.0000000000000000   2.7742142075829086E+01   1.4243581118280307E-01
      16.0000000000000000   2.6703420934388991E+01   1.5865594578467901E-01
      17.0000000000000000   2.5728564334490816E+01   1.7580102120813682E-01
      18.0000000000000000   2.4810314076116910E+01   1.9390978096796579E-01
      19.0000000000000000   2.3942309101495027E+01   2.1302772554146218E-01
      20.0000000000000000   2.3118999735371649E+01   2.3320765111816971E-01
      21.0000000000000000   2.2335537109399269E+01   2.5450985563510692E-01
      22.0000000000000000   2.1587713326421856E+01   2.7700219615443128E-01
      23.0000000000000000   2.0871837691374683E+01   3.0076105177374540E-01
      24.0000000000000000   2.0184661778520042E+01   3.2587231291561902E-01
      25.0000000000000000   1.9523343739207743E+01   3.5243163757885226E-01
      26.0000000000000000   1.8885385451918754E+01   3.8054552252107909E-01
      27.0000000000000000   1.8268590535440460E+01   4.1033225816563779E-01
      28.0000000000000000   1.7671031204473252E+01   4.4192292428054097E-01
      29.0000000000000000   1.7091013403176554E+01   4.7546258220880155E-01
      30.0000000000000000   1.6527060118630530E+01   5.1111130114152958E-01
      31.0000000000000000   1.5977887243003527E+01   5.4904532652817994E-01
      32.0000000000000000   1.5442396827586876E+01   5.8945787661186400E-01
      33.0000000000000000   1.4919660439297830E+01   6.3256003653485460E-01
      34.0000000000000000   1.4408919057848596E+01   6.7858088224450253E-01
      35.0000000000000000   1.3909579746928792E+01   7.2776707237488047E-01
      36.0000000000000000   1.3421218089416360E+01   7.8038135974079303E-01
      37.0000000000000000   1.2943583032501714E+01   8.3669961418146976E-01
      38.0000000000000000   1.2476604150543743E+01   8.9700580057472712E-01
      39.0000000000000000   1.2020399515488645E+01   9.6158428230524473E-01
      40.0000000000000000   1.1575283413073148E+01   1.0307087753914792E+00
      41.0000000000000000   1.1141769290513459E+01   1.1046274766491591E+00
      41.9990000000000023   1.0720981251273189E+01   1.1834626190503399E+00
      42.0000000000000000   1.0720566480473094E+01   1.1835440843879228E+00
      42.0009999999999977   1.0720151722861738E+01   1.1836255548676784E+00
      43.0000000000000000   1.0312565102879601E+01   1.2675951972927610E+00
      44.0000000000000000   9.9188055558167445E+00   1.3568254049258963E+00
      44.9990000000000023   9.5407991799811320E+00   1.4510659003669937E+00
      45.0000000000000000   9.5404288790305678E+00   1.4511627312900914E+00
      45.0009999999999977   9.5400585946409873E+00   1.4512595671236912E+00
      46.0000000000000000   9.1786091097600906E+00   1.5503979401480339E+00
      47.0000000000000000   8.8344702986202712E+00   1.6541720721723290E+00
      48.0000000000000000   8.5089974054458271E+00   1.7619759765842655E+00
      49.0000000000000000   8.2029530311089758E+00   1.8731639705644922E+00
      50.0000000000000000   7.9168127419420262E+00   1.9869810861256902E+00
      51.0000000000000000   7.6507286833463546E+00   2.1026005501020286E+00
      52.0000000000000000   7.4045255002200419E+00   2.2191661426494740E+00
      53.0000000000000000   7.1777258146354477E+00   2.3358335852892775E+00
      54.0000000000000000   6.9695976947525677E+00   2.4518060752729336E+00
      55.0000000000000000   6.7792141414522975E+00   2.5663609849238420E+00
      56.0000000000000000   6.6055152579189444E+00   2.6788667941813418E+00
      57.0000000000000000   6.4473659845065177E+00   2.7887908315997030E+00
      58.0000000000000000   6.3036045526096167E+00   2.8956999543227493E+00
      59.0000000000000000   6.1730809055412985E+00   2.9992555740006277E+00
      60.0000000000000000   6.0546846723521064E+00   3.0992052620095687E+00
      61.0000000000000000   5.9473633778692561E+00   3.1953729396693218E+00
      62.0000000000000000   5.8501338033877870E+00   3.2876480647067923E+00
      63.0000000000000000   5.7620872751964178E+00   3.3759752573944137E+00
      64.0000000000000000   5.6823908424074761E+00   3.4603446162717493E+00
      65.0000000000000000   5.6102856096325695E+00   3.5407830291986908E+00
      66.0000000000000000   5.5450832270143380E+00   3.6173465801724149E+00
      67.0000000000000000   5.4861613056882907E+00   3.6901140463255997E+00
      67.9989999999999952   5.4330088217290893E+00   3.7591141630092584E+00
      68.0000000000000000   5.4329583025553188E+00   3.7591814174892004E+00
      68.0010000000000048   5.4329077885902723E+00   3.7592486683769701E+00
      69.0000000000000000   5.3849682462633091E+00   3.8246573386858582E+00
      70.0000000000000000   5.3417355531741046E+00   3.8866593631801689E+00
      71.0000000000000000   5.3028500827101190E+00   3.9453109042963845E+00
      72.0000000000000000   5.2679425245862230E+00   4.0007387797221732E+00
      73.0000000000000000   5.2366801553602702E+00   4.0530712533897777E+00
      74.0000000000000000   5.2087629787002587E+00   4.1024364908596080E+00
      75.0000000000000000   5.1839202302566880E+00   4.1489613665208820E+00
      76.0000000000000000   5.1619072995243647E+00   4.1927704970952844E+00
      77.0000000000000000   5.1425028645987743E+00   4.2339856102543427E+00
      78.0000000000000000   5.1255064523908596E+00   4.2727249902364290E+00
      79.0000000000000000   5.1107362136799086E+00   4.3091031264376820E+00
      80.0000000000000000   5.0980269583373090E+00   4.3432304704563203E+00
      81.0000000000000000   5.0872284117270103E+00   4.3752132881870223E+00
      82.0000000000000000   5.0782036684459779E+00   4.4051535871069172E+00
      83.0000000000000000   5.0708278201328989E+00   4.4331491025089322E+00
      84.0000000000000000   5.0649867369551682E+00   4.4592933296066430E+00
      85.0000000000000000   5.0605759868409761E+00   4.4836755906886943E+00
      86.0000000000000000   5.0574998740109329E+00   4.5063811287901840E+00
      87.0000000000000000   5.0556705822774317E+00   4.5274912225102462E+00
      88.0000000000000000   5.0550074209887264E+00   4.5470833065786591E+00
      89.0000000000000000   5.0554361350381898E+00   4.5652311183327958E+00
      90.0000000000000000   5.0568883061846064E+00   4.5820048336188863E+00
      91.0000000000000000   5.0593008100836263E+00   4.5974712140755649E+00
      92.0000000000000000   5.0626153316157723E+00   4.6116937536714255E+00
      93.0000000000000000   5.0667779307330436E+00   4.6247328244348234E+00
      94.0000000000000000   5.0717386529349922E+00   4.6366458200613554E+00
      95.0000000000000000   5.0774511793027362E+00   4.6474872964028666E+00
      96.0000000000000000   5.0838725116683978E+00   4.6573091081005398E+00
      97.0000000000000000   5.0909626889977782E+00   4.6661605408316156E+00
      98.0000000000000000   5.0986845313755884E+00   4.6740884388192958E+00
      99.0000000000000000   5.1070034096428047E+00   4.6811373272922276E+00
     100.0000000000000000   5.1158870352393979E+00   4.6873495299714545E+00
     103.9989999999999952   5.1564839876580644E+00   4.7046041294636538E+00
     104.0010000000000048   5.1565061480682406E+00   4.7046099614048638E+00
     110.0000000000000000   5.2300232469719470E+00   4.7114005866507229E+00
     120.0000000000000000   5.3769826102328508E+00   4.6856953442410347E+00
     130.0000000000000000   5.5446106516610936E+00   4.6295474024993863E+00
     140.0000000000000000   5.7257918785607380E+00   4.5550082059668240E+00
     150.0000000000000000   5.9082486829937801E+00   4.4901331386083267E+00
     153.9989999999999952   5.9916880356136257E+00   4.4440213327174041E+00
     154.0010000000000048   5.9917379175242402E+00   4.4439811299494494E+00
     160.0000000000000000   6.1091357438259646E+00   4.3935819924726935E+00
     167.9989999999999952   6.2690452735125346E+00   4.3227500797913700E+00
     168.0010000000000048   6.2690944215619426E+00   4.3227132554405552E+00
     169.9989999999999952   6.3109193726964099E+00   4.3016028193198501E+00
     170.0000000000000000   6.3109439009158139E+00   4.3015846536638680E+00
     170.0010000000000048   6.3109684276540765E+00   4.3015664903554729E+00
     180.0000000000000000   6.5133426356380202E+00   4.2140687284877894E+00
     190.0000000000000000   6.7223950792481793E+00   4.1175972489789734E+00
     200.0000000000000000   6.9308985485004495E+00   4.0269277826849832E+00
     210.0000000000000000   7.1388110476471436E+00   3.9415706507950015E+00
     220.0000000000000000   7.3461105569264920E+00   3.8610799882334730E+00
     230.0000000000000000   7.5527883121963661E+00   3.7850525105016626E+00
     231.9989999999999952   7.5991777294079323E+00   3.7599958662107231E+00
     232.0010000000000048   7.5992241146670745E+00   3.7599709760019930E+00
     233.9989999999999952   7.6403625237077328E+00   3.7455662862047427E+00
     234.0010000000000048   7.6404088334525895E+00   3.7455416655256433E+00
     236.9989999999999952   7.6995730336922321E+00   3.7292632268521819E+00
     237.0010000000000048   7.6996192202202609E+00   3.7292389630052503E+00
     240.0000000000000000   7.7637950174582393E+00   3.7031935958418813E+00
     250.0000000000000000   7.9737758098267078E+00   3.6260823439547658E+00
     260.0000000000000000   8.1827704367370586E+00   3.5533013044419395E+00
     270.0000000000000000   8.3908182788971466E+00   3.4844805839065311E+00
     280.0000000000000000   8.6023170196972814E+00   3.4110229371534531E+00
     290.0000000000000000   8.8084351888748262E+00   3.3495170603578184E+00
     300.0000000000000000   9.0178420013098890E+00   3.2834410901440876E+00
     310.0000000000000000   9.2221915185104031E+00   3.2281048216765047E+00
     320.0000000000000000   9.4296726935408870E+00   3.1682977982379965E+00
     330.0000000000000000   9.6362056896974053E+00   3.1114008421513946E+00
     340.0000000000000000   9.8418275812115077E+00   3.0571973631638580E+00
     350.0000000000000000   1.0046573482571487E+01   3.0054920607953610E+00
     360.0000000000000000   1.0250476627263522E+01   2.9561083713315761E+00
     370.0000000000000000   1.0457095899808095E+01   2.9029048313611492E+00
     380.0000000000000000   1.0659327557786160E+01   2.8578815409643132E+00
     390.0000000000000000   1.0860807130402238E+01   2.8147323048124324E+00
     398.9990000000000236   1.1043833714018726E+01   2.7735654173846656E+00
     399.0009999999999764   1.1043875809050453E+01   2.7735540015369651E+00
     400.0000000000000000   1.1064898293268303E+01   2.7678644450769712E+00
     410.0000000000000000   1.1264876913053135E+01   2.7282685206998618E+00
     415.9990000000000236   1.1387119747779792E+01   2.7010712263483945E+00
     416.0009999999999764   1.1387161544378655E+01   2.7010605246756403E+00
     420.0000000000000000   1.1467407258462295E+01   2.6850302710215797E+00
     430.0000000000000000   1.1669177296581186E+01   2.6435077174648551E+00
     440.0000000000000000   1.1867051645796767E+01   2.6085191467569042E+00
     450.0000000000000000   1.2067403369696425E+01   2.5700057742305491E+00
     460.0000000000000000   1.2267060467509118E+01   2.5329266946026019E+00
     470.0000000000000000   1.2466042502239572E+01   2.4972010319964979E+00
     480.0000000000000000   1.2664369019639764E+01   2.4627527522035080E+00
     490.0000000000000000   1.2859113095997168E+01   2.4338733550688403E+00
     500.0000000000000000   1.3056218170650654E+01   2.4016778793943545E+00
     510.0000000000000000   1.3252720225910263E+01   2.3705690871685019E+00
     510.9989999999999668   1.3272889342350524E+01   2.3666876876332790E+00
     511.0009999999999195   1.3272929714826878E+01   2.3666799310742945E+00
     520.0000000000000000   1.3448635416114163E+01   2.3404906763926503E+00
     530.0000000000000000   1.3646787364895554E+01   2.3073904185645735E+00
     540.0000000000000000   1.3841540220044521E+01   2.2793012735229743E+00
     550.0000000000000000   1.4035750473756986E+01   2.2520930731697573E+00
     560.0000000000000000   1.4229431636394212E+01   2.2257235550645125E+00
     570.0000000000000000   1.4422596747057215E+01   2.2001530771450697E+00
     580.0000000000000000   1.4617929748878421E+01   2.1717176237875626E+00
     590.0000000000000000   1.4810067913154503E+01   2.1477016797618584E+00
     600.0000000000000000   1.5001725718320591E+01   2.1243786043943982E+00
     610.0000000000000000   1.5192913522586315E+01   2.1017188058111351E+00
     620.0000000000000000   1.5386209329677003E+01   2.0763204550664671E+00
     630.0000000000000000   1.5576462158220604E+01   2.0549530848606978E+00
     640.0000000000000000   1.5768797171774045E+01   2.0309166292234409E+00
     650.0000000000000000   1.5958152374896970E+01   2.0107357889730220E+00
     660.0000000000000000   1.6149572280362477E+01   1.9879411451639748E+00
     670.0000000000000000   1.6338063814440495E+01   1.9688537361720833E+00
     680.0000000000000000   1.6528605816275039E+01   1.9472007348811688E+00
     690.0000000000000000   1.6716269115881524E+01   1.9291190535777074E+00
     700.0000000000000000   1.6905964944188685E+01   1.9085218443926228E+00
     710.0000000000000000   1.7092834308968065E+01   1.8913659796487399E+00
     720.0000000000000000   1.7281713486643813E+01   1.8717477354394969E+00
     730.0000000000000000   1.7467821990510398E+01   1.8554448037047033E+00
     740.0000000000000000   1.7655911493609185E+01   1.8367372321683457E+00
     750.0000000000000000   1.7843621494689629E+01   1.8184702995052027E+00
     760.0000000000000000   1.8028616948153012E+01   1.8033611622306254E+00
     770.0000000000000000   1.8215579821766838E+01   1.7859075895752621E+00
     780.0000000000000000   1.8402176085390408E+01   1.7688566355334225E+00
     790.0000000000000000   1.8586122663912786E+01   1.7548103215119484E+00
     800.0000000000000000   1.8772011189747527E+01   1.7384882195753819E+00
     810.0000000000000000   1.8957551233463604E+01   1.7225287210584292E+00
     820.0000000000000000   1.9142739799292684E+01   1.7069290409613667E+00
     830.0000000000000000   1.9325366463982910E+01   1.6941391454019847E+00
     840.0000000000000000   1.9509901115348505E+01   1.6791652054042081E+00
     850.0000000000000000   1.9694106661256082E+01   1.6645109589464573E+00
     860.0000000000000000   1.9877983328248803E+01   1.6501712282750500E+00
     870.0000000000000000   2.0061536372872023E+01   1.6361355730434723E+00
     880.0000000000000000   2.0244776641582536E+01   1.6223878741913227E+00
     890.0000000000000000   2.0425583422853986E+01   1.6111855826694310E+00
     900.0000000000000000   2.0608232811260802E+01   1.5979474140422887E+00
     910.0000000000000000   2.0790579804215604E+01   1.5849755352478192E+00
     920.0000000000000000   2.0972628241160955E+01   1.5722623958497848E+00
     930.0000000000000000   2.1154382959916081E+01   1.5597995840312484E+00
     940.0000000000000000   2.1335849834026479E+01   1.5475778372514626E+00
     950.0000000000000000   2.1517035093037236E+01   1.5355878043510471E+00
     960.0000000000000000   2.1697943948515153E+01   1.5238214262203218E+00
     970.0000000000000000   2.1878580169746765E+01   1.5122722931473778E+00
     980.0000000000000000   2.2058946718141712E+01   1.5009349549887132E+00
     990.0000000000000000   2.2239046454019174E+01   1.4898041948295491E+00
    1000.0000000000000000   2.2418882420206749E+01   1.4788747437091514E+00
    1100.0000000000000000   2.4203439574634061E+01   1.3795441555308259E+00
    1200.0000000000000000   2.5966853469042487E+01   1.2936587664004664E+00
    1300.0000000000000000   2.7711416236611452E+01   1.2183341866855459E+00
    1400.0000000000000000   2.9439035411423941E+01   1.1514522494823982E+00
    1500.0000000000000000   3.1149511374050117E+01   1.0928193049796724E+00
    1600.0000000000000000   3.2845932333561841E+01   1.0397704225933926E+00
    1700.0000000000000000   3.4526334190412186E+01   9.9359862911983043E-01
    1800.0000000000000000   3.6196566781935296E+01   9.5000819484391708E-01
    1843.9990000000000236   3.6926277944370362E+01   9.3300387870990986E-01
    1844.0009999999999764   3.6926311202538415E+01   9.3300302443765937E-01
    1900.0000000000000000   3.7852803156947232E+01   9.1166972053907058E-01
    2000.0000000000000000   3.9498770648110572E+01   8.7602762135703605E-01
    2100.0000000000000000   4.1133935649798929E+01   8.4346969834139940E-01
    2200.0000000000000000   4.2760522649689804E+01   8.1265694166051405E-01
    2300.0000000000000000   4.4375675124863434E+01   7.8533741620819131E-01
    2400.0000000000000000   4.5983333554200762E+01   7.5921357386672172E-01
    2475.9989999999997963   4.7199117524586264E+01   7.4076112496969215E-01
    2476.0010000000002037   4.7199149402674038E+01   7.4076067359456166E-01
    2500.0000000000000000   4.7582059719117211E+01   7.3515443467801878E-01
    2526.9989999999997963   4.8012238283562240E+01   7.2897144286636362E-01
    2527.0010000000002037   4.8012270186279096E+01   7.2897095472504692E-01
    2600.0000000000000000   4.9172634237203923E+01   7.1277239051881525E-01
    2631.9989999999997963   4.9680324774763498E+01   7.0573206964458746E-01
    2632.0010000000002037   4.9680356809484110E+01   7.0573147006765324E-01
    2700.0000000000000000   5.0755456874618723E+01   6.9188993439796231E-01
    2800.0000000000000000   5.2330397357881957E+01   6.7257712693072158E-01
    2871.9989999999997963   5.3461091982546584E+01   6.5884974195895474E-01
    2872.0010000000002037   5.3461123405262398E+01   6.5884933585026761E-01
    2900.0000000000000000   5.3899609990910164E+01   6.5380386258786427E-01
    3000.0000000000000000   5.5460901527310078E+01   6.3672651718901641E-01
    3100.0000000000000000   5.7017323263808393E+01   6.1988797637725279E-01
    3200.0000000000000000   5.8566198968007889E+01   6.0454930988926758E-01
    3300.0000000000000000   6.0110093045267242E+01   5.8963872053850719E-01
    3400.0000000000000000   6.1647953425561035E+01   5.7562015521884513E-01
    3500.0000000000000000   6.3179611348851850E+01   5.6258037537893835E-01
    3600.0000000000000000   6.4706091239062815E+01   5.5012406796510760E-01
    3700.0000000000000000   6.6228259284616243E+01   5.3795643106988411E-01
    3800.0000000000000000   6.7745208579171802E+01   5.2637951080231571E-01
    3900.0000000000000000   6.9256281107500044E+01   5.1577096015435686E-01
    4000.0000000000000000   7.0763411154139661E+01   5.0536709679033076E-01
    4100.0000000000000000   7.2266784881759975E+01   4.9511732695016569E-01
    4200.0000000000000000   7.3764850317875585E+01   4.8558816973327740E-01
    4300.0000000000000000   7.5258045236716896E+01   4.7672490893566322E-01
    4400.0000000000000000   7.6750070927556251E+01   4.6714656918427350E-01
    4500.0000000000000000   7.8234414592434248E+01   4.5920579837828646E-01
    4600.0000000000000000   7.9717030170681824E+01   4.5087143919847528E-01
    4700.0000000000000000   8.1193356788440482E+01   4.4357338771250360E-01
    4800.0000000000000000   8.2668571741654461E+01   4.3577769144908246E-01
    4900.0000000000000000   8.4140290622564095E+01   4.2821719785307927E-01
    5000.0000000000000000   8.5607968111847200E+01   4.2106995125236785E-01
    5100.0000000000000000   8.7071762259522160E+01   4.1429927673860983E-01
    5200.0000000000000000   8.8531755623168266E+01   4.0789272065535775E-01
    5300.0000000000000000   8.9988145082782381E+01   4.0179942359378662E-01
    5400.0000000000000000   9.1440470135969520E+01   3.9615483502813753E-01
    5500.0000000000000000   9.2893352097323984E+01   3.8963550845625167E-01
    5600.0000000000000000   9.4341350719853125E+01   3.8382449353781833E-01
    5700.0000000000000000   9.5783847612012579E+01   3.7884429283389170E-01
    5800.0000000000000000   9.7227860249498320E+01   3.7283270830859339E-01
    5900.0000000000000000   9.8663766637223034E+01   3.6843174326053207E-01
    6000.0000000000000000   1.0010254872676622E+02   3.6268345808533525E-01
    6100.0000000000000000   1.0153726677962010E+02   3.5739476079715410E-01
    6200.0000000000000000   1.0296326301314632E+02   3.5378160483981014E-01
    6300.0000000000000000   1.0439357647837264E+02   3.4854314281367738E-01
    6400.0000000000000000   1.0581942405234641E+02   3.4395842163178070E-01
    6500.0000000000000000   1.0724238812482690E+02   3.3943879678753097E-01
    6600.0000000000000000   1.0866406789289179E+02   3.3489981318773038E-01
    6700.0000000000000000   1.1008158589890286E+02   3.3077922394066794E-01
    6800.0000000000000000   1.1149729700300402E+02   3.2667679394090193E-01
    6900.0000000000000000   1.1290962713705318E+02   3.2293628774702682E-01
    7000.0000000000000000   1.1431951079013537E+02   3.1927014252274027E-01
    7100.0000000000000000   1.1572766050253171E+02   3.1561733758457738E-01
    7200.0000000000000000   1.1713206153235886E+02   3.1237060194237015E-01
    7300.0000000000000000   1.1853421601894458E+02   3.0916668468014652E-01
    7400.0000000000000000   1.1994129092616818E+02   3.0456649748553122E-01
    7500.0000000000000000   1.2133833894502071E+02   3.0166144608109791E-01
    7600.0000000000000000   1.2273469307221777E+02   2.9873121802895541E-01
    7700.0000000000000000   1.2413333852087572E+02   2.9470884462346186E-01
    7800.0000000000000000   1.2552453458641675E+02   2.9200181340565629E-01
    7900.0000000000000000   1.2691396185561580E+02   2.8945385405044688E-01
    8000.0000000000000000   1.2830567182652428E+02   2.8589102991623844E-01
    8100.0000000000000000   1.2968986860650779E+02   2.8352792405677263E-01
    8200.0000000000000000   1.3107878367565104E+02   2.8008731495910655E-01
    8300.0000000000000000   1.3246059928212992E+02   2.7765676816632401E-01
    8400.0000000000000000   1.3384404418511372E+02   2.7443671397605784E-01
    8500.0000000000000000   1.3522552312796276E+02   2.7135093064802607E-01
    8600.0000000000000000   1.3659924038512511E+02   2.6970029695357439E-01
    8700.0000000000000000   1.3797892472486154E+02   2.6659545559389758E-01
    8800.0000000000000000   1.3935585921539763E+02   2.6348679566278765E-01
    8900.0000000000000000   1.4072115242500260E+02   2.6239508866989941E-01
    9000.0000000000000000   1.4209628331406100E+02   2.5911768749974856E-01
    9100.0000000000000000   1.4346549042731883E+02   2.5682355890668040E-01
    9200.0000000000000000   1.4483635587928856E+02   2.5398994296561411E-01
    9300.0000000000000000   1.4620084521659828E+02   2.5211490690451277E-01
    9400.0000000000000000   1.4756127887469523E+02   2.5061344861429302E-01
    9500.0000000000000000   1.4892669413872230E+02   2.4787972198886840E-01
    9600.0000000000000000   1.5028907722764765E+02   2.4552071464879197E-01
    9700.0000000000000000   1.5164873892461134E+02   2.4334455614554185E-01
    9800.0000000000000000   1.5300570362794343E+02   2.4142517475238190E-01
    9900.0000000000000000   1.5436194880509012E+02   2.3941049351628710E-01
   10000.0000000000000000   1.5571718337328272E+02   2.3736152668212790E-01
   11000.0000000000000000   1.6919370707941752E+02   2.1849552088593899E-01
   12000.0000000000000000   1.8253044030203756E+02   2.0347893018708685E-01
   13000.0000000000000000   1.9574938346234379E+02   1.9035413777395957E-01
   14000.0000000000000000   2.0886477939224443E+02   1.7838342285025618E-01
   15000.0000000000000000   2.2187449764246509E+02   1.6838871157816332E-01
   16000.0000000000000000   2.3479980666388079E+02   1.5959583326156437E-01
   17000.0000000000000000   2.4763328348492524E+02   1.5156054937224570E-01
   18000.0000000000000000   2.6038836227518908E+02   1.4515363785157623E-01
   19000.0000000000000000   2.7308246685620577E+02   1.3755990039720817E-01
   20000.0000000000000000   2.8570188403382571E+02   1.3181033393340277E-01
   20005.9989999999997963   2.8577894856310843E+02   1.3161234480942613E-01
   20006.0010000000002037   2.8577897419146910E+02   1.3161229059221793E-01
   21000.0000000000000000   2.9824591639657950E+02   1.2745252750029593E-01
   22000.0000000000000000   3.1074786675652422E+02   1.2131892059753423E-01
   23000.0000000000000000   3.2317018847618692E+02   1.1656287379318749E-01
   24000.0000000000000000   3.3555753974500578E+02   1.1263233950109029E-01
   25000.0000000000000000   3.4788044529801414E+02   1.0957031844936782E-01
   26000.0000000000000000   3.6016151424513043E+02   1.0598922819972299E-01
   27000.0000000000000000   3.7239741277515071E+02   1.0175091849038791E-01
   28000.0000000000000000   3.8456015677676902E+02   9.9098286258023624E-02
   29000.0000000000000000   3.9671326996394578E+02   9.6647262274510898E-02
   30000.0000000000000000   4.0881366456048647E+02   9.2792497729253146E-02
   31000.0000000000000000   4.2089593646576702E+02   9.0310728936416465E-02
   32000.0000000000000000   4.3289933597824574E+02   8.7920231605343388E-02
   33000.0000000000000000   4.4485194250889276E+02   8.6796505455716003E-02
   34000.0000000000000000   4.5679832916329707E+02   8.4619294151154309E-02
   35000.0000000000000000   4.6873519943113502E+02   8.1212109236100491E-02
   36000.0000000000000000   4.8061294418364116E+02   8.0289721252170473E-02
   37000.0000000000000000   4.9249025172194433E+02   7.8737243223844719E-02
   38000.0000000000000000   5.0432996710478875E+02   7.5515164223085962E-02
   39000.0000000000000000   5.1607514964174459E+02   7.3908150336702755E-02
   40000.0000000000000000   5.2789578123685396E+02   7.2090209418441256E-02
   41000.0000000000000000   5.3958698522807128E+02   7.0383323032796749E-02
   42000.0000000000000000   5.5132032015787502E+02   6.9829393815756383E-02
   43000.0000000000000000   5.6295079023964331E+02   6.7731109907831016E-02
   44000.0000000000000000   5.7465875331958284E+02   6.6132383420593494E-02
   45000.0000000000000000   5.8629398772949810E+02   6.5279482977943240E-02
   46000.0000000000000000   5.9784499141253821E+02   6.3933575490384587E-02
   47000.0000000000000000   6.0939508799113264E+02   6.3539555732781153E-02
   48000.0000000000000000   6.2099626535023140E+02   6.1815464944305148E-02
   49000.0000000000000000   6.3253453265639632E+02   6.1321817869623631E-02
   50000.0000000000000000   6.4407829477174846E+02   5.9400475845159603E-02
