       0.1000000000000000   2.0529322772416474E+01   1.4184412193535389E-03
       0.2000000000000000   1.8092631238238607E+01   2.7671218461068161E-03
       0.3000000000000000   1.7295375834174525E+01   4.1009028112034707E-03
       0.4000000000000000   1.7002531157326938E+01   5.3689116501907672E-03
       0.5000000000000000   1.6863405109576796E+01   6.6170623100706297E-03
       0.6000000000000000   1.6798096315491058E+01   7.8480263651154718E-03
       0.7000000000000000   1.6775395786418869E+01   9.0642259689805299E-03
       0.7999999999999999   1.6778163310922327E+01   1.0267395035102123E-02
       0.8999999999999999   1.6798437648028276E+01   1.1455799726097556E-02
       0.9999999999999999   1.6828750483519688E+01   1.2634419916073917E-02
       2.0000000000000000   1.7295265612315482E+01   2.3945631183025288E-02
       3.0000000000000000   1.7723327121333568E+01   3.4775525493547295E-02
       4.0000000000000000   1.8042198665665218E+01   4.5455570900083481E-02
       5.0000000000000000   1.8261528164673813E+01   5.6187779525100810E-02
       6.0000000000000000   1.8397970886753587E+01   6.7109312486791250E-02
       7.0000000000000000   1.8466898482141929E+01   7.8314565588900487E-02
       8.0000000000000000   1.8480098021682551E+01   8.9878306743153363E-02
       9.0000000000000000   1.8447009943483764E+01   1.0186235376796864E-01
      10.0000000000000000   1.8374973880494274E+01   1.1432213010300128E-01
      11.0000000000000000   1.8270014037229537E+01   1.2730774258564187E-01
      12.0000000000000000   1.8136983926329613E+01   1.4086658056794046E-01
      13.0000000000000000   1.7979947633834581E+01   1.5504471468721304E-01
      14.0000000000000000   1.7802131690308201E+01   1.6988978969880739E-01
      15.0000000000000000   1.7606267303871260E+01   1.8545045286797862E-01
      16.0000000000000000   1.7394692597710279E+01   2.0177657784747613E-01
      17.0000000000000000   1.7169322077863278E+01   2.1892170502770197E-01
      18.0000000000000000   1.6931831014849397E+01   2.3694224840229167E-01
      19.0000000000000000   1.6683615889077426E+01   2.5589878237456398E-01
      20.0000000000000000   1.6425881527643295E+01   2.7585691940968032E-01
      21.0000000000000000   1.6159653061173518E+01   2.9688787379066306E-01
      22.0000000000000000   1.5885830480416582E+01   3.1906873615194659E-01
      23.0000000000000000   1.5605187295580093E+01   3.4248375612676679E-01
      24.0000000000000000   1.5318385412948917E+01   3.6722551145933791E-01
      25.0000000000000000   1.5026008732181225E+01   3.9339532313937303E-01
      26.0000000000000000   1.4728570217759035E+01   4.2110448585637583E-01
      27.0000000000000000   1.4426524797582379E+01   4.5047534292563424E-01
      28.0000000000000000   1.4120283458785101E+01   4.8164238471093029E-01
      29.0000000000000000   1.3810219638956859E+01   5.1475354768236548E-01
      30.0000000000000000   1.3496686495811225E+01   5.4997129764942765E-01
      31.0000000000000000   1.3180021762831013E+01   5.8747388225855424E-01
      32.0000000000000000   1.2860566077366373E+01   6.2745616628953116E-01
      33.0000000000000000   1.2538667866871760E+01   6.7013059125102459E-01
      34.0000000000000000   1.2214701779059963E+01   7.1572732788901317E-01
      35.0000000000000000   1.1889080731474174E+01   7.6449390924557659E-01
      36.0000000000000000   1.1562272386816497E+01   8.1669376898862389E-01
      37.0000000000000000   1.1234816117085645E+01   8.7260329067436437E-01
      38.0000000000000000   1.0907341347958647E+01   9.3250680701270805E-01
      39.0000000000000000   1.0580585408176363E+01   9.9668892309480384E-01
      40.0000000000000000   1.0255411230331468E+01   1.0654234843098878E+00
      41.0000000000000000   9.9328203294473436E+00   1.1389587234299561E+00
      41.9990000000000023   9.6142765568135644E+00   1.2174172025662313E+00
      42.0000000000000000   9.6139599779061982E+00   1.2174982940430841E+00
      42.0009999999999977   9.6136434040082062E+00   1.2175793906684262E+00
      43.0000000000000000   9.3001195270874586E+00   1.3011786834372552E+00
      44.0000000000000000   8.9927119133940465E+00   1.3900443202534618E+00
      44.9990000000000023   8.6935318920182496E+00   1.4839265601421401E+00
      45.0000000000000000   8.6932368897493237E+00   1.4840230353616335E+00
      45.0009999999999977   8.6929418969475201E+00   1.4841195154973790E+00
      46.0000000000000000   8.4032257300412141E+00   1.5829053837521223E+00
      47.0000000000000000   8.1241692087727948E+00   1.6863322001176873E+00
      48.0000000000000000   7.8574365394686900E+00   1.7937941459896196E+00
      49.0000000000000000   7.6041960509376780E+00   1.9046453823132845E+00
      50.0000000000000000   7.3653496735447685E+00   2.0181308238715259E+00
      51.0000000000000000   7.1414912781688153E+00   2.1334236222233054E+00
      52.0000000000000000   6.9328940219724773E+00   2.2496675204864980E+00
      53.0000000000000000   6.7395255840848796E+00   2.3660182345298781E+00
      54.0000000000000000   6.5610855311525018E+00   2.4816789779169168E+00
      55.0000000000000000   6.3970561469408027E+00   2.5959271513759719E+00
      56.0000000000000000   6.2467582046324193E+00   2.7081312658268764E+00
      57.0000000000000000   6.1094047445689821E+00   2.8177586764764473E+00
      58.0000000000000000   5.9841479000633688E+00   2.9243762572610383E+00
      59.0000000000000000   5.8701174576324542E+00   3.0276454235304380E+00
      60.0000000000000000   5.7664503027365939E+00   3.1273137352113149E+00
      61.0000000000000000   5.6723109746988651E+00   3.2232050875950837E+00
      62.0000000000000000   5.5869057781450948E+00   3.3152088980066807E+00
      63.0000000000000000   5.5094910082629385E+00   3.4032697332667028E+00
      64.0000000000000000   5.4393770023794632E+00   3.4873776272594741E+00
      65.0000000000000000   5.3759291982418960E+00   3.5675593936182013E+00
      66.0000000000000000   5.3185671084946913E+00   3.6438710343286069E+00
      67.0000000000000000   5.2667619614056651E+00   3.7163912383818576E+00
      67.9989999999999952   5.2200778895536564E+00   3.7851488887904985E+00
      68.0000000000000000   5.2200335485551825E+00   3.7852159028073369E+00
      68.0010000000000048   5.2199892121947684E+00   3.7852829132364598E+00
      69.0000000000000000   5.1779466616301324E+00   3.8504535765445822E+00
      70.0000000000000000   5.1401073870648730E+00   3.9122217145170528E+00
      71.0000000000000000   5.1061594354041642E+00   3.9706436305576913E+00
      72.0000000000000000   5.0757806203187315E+00   4.0258460424250124E+00
      73.0000000000000000   5.0486795482393907E+00   4.0779571143690942E+00
      74.0000000000000000   5.0245925556193578E+00   4.1271049130509683E+00
      75.0000000000000000   5.0032808946881593E+00   4.1734162152093397E+00
      76.0000000000000000   4.9845282342796757E+00   4.2170155413431294E+00
      77.0000000000000000   4.9681382936438663E+00   4.2580245248240862E+00
      78.0000000000000000   4.9539328251562740E+00   4.2965613575468478E+00
      79.0000000000000000   4.9417497532507788E+00   4.3327404387003288E+00
      80.0000000000000000   4.9314415213822640E+00   4.3666721319082500E+00
      81.0000000000000000   4.9228736159819562E+00   4.3984626173842702E+00
      82.0000000000000000   4.9159232516990663E+00   4.4282138192589580E+00
      83.0000000000000000   4.9104781974095815E+00   4.4560233917843401E+00
      84.0000000000000000   4.9064357292148442E+00   4.4819847514872890E+00
      85.0000000000000000   4.9037016994101119E+00   4.5061871442612933E+00
      86.0000000000000000   4.9021897038974327E+00   4.5287157390138715E+00
      87.0000000000000000   4.9018203386712544E+00   4.5496517424393348E+00
      88.0000000000000000   4.9025205422575651E+00   4.5690725195390538E+00
      89.0000000000000000   4.9042229935709676E+00   4.5870517400338802E+00
      90.0000000000000000   4.9068655863661599E+00   4.6036595142275880E+00
      91.0000000000000000   4.9103909530774850E+00   4.6189625402163985E+00
      92.0000000000000000   4.9147460378198513E+00   4.6330242503704273E+00
      93.0000000000000000   4.9198817132377801E+00   4.6459049570028315E+00
      94.0000000000000000   4.9257524360197529E+00   4.6576619959167562E+00
      95.0000000000000000   4.9323159367541232E+00   4.6683498668344328E+00
      96.0000000000000000   4.9395329404133204E+00   4.6780203699712395E+00
      97.0000000000000000   4.9473669140872341E+00   4.6867227382245886E+00
      98.0000000000000000   4.9557838387407624E+00   4.6945037646378722E+00
      99.0000000000000000   4.9647520042028024E+00   4.7014079247626146E+00
     100.0000000000000000   4.9742418203328773E+00   4.7074774941561515E+00
     103.9989999999999952   5.0168794568499333E+00   4.7241817303966904E+00
     104.0010000000000048   5.0169024984726436E+00   4.7241872948123271E+00
     110.0000000000000000   5.0925402837649152E+00   4.7302078085628958E+00
     120.0000000000000000   5.2412494390459301E+00   4.7033475571552978E+00
     130.0000000000000000   5.4091374714508280E+00   4.6461800041571806E+00
     140.0000000000000000   5.5896052089679040E+00   4.5707333123174969E+00
     150.0000000000000000   5.7708693821434700E+00   4.5051301429577384E+00
     153.9989999999999952   5.8532869438878832E+00   4.4587521590250097E+00
     154.0010000000000048   5.8533359367398621E+00   4.4587118257921166E+00
     160.0000000000000000   5.9695103154243583E+00   4.4079327128494308E+00
     167.9989999999999952   6.1275568631916100E+00   4.3366270704572365E+00
     168.0010000000000048   6.1276051260787430E+00   4.3365901320467541E+00
     169.9989999999999952   6.1688682242938020E+00   4.3153667937602451E+00
     170.0000000000000000   6.1688923102041793E+00   4.3153485721136242E+00
     170.0010000000000048   6.1689163946985817E+00   4.3153303528151055E+00
     180.0000000000000000   6.3687211198415739E+00   4.2272971941012409E+00
     190.0000000000000000   6.5748136058633415E+00   4.1303349174908242E+00
     200.0000000000000000   6.7802984424484585E+00   4.0392137490862678E+00
     210.0000000000000000   6.9851444402549330E+00   3.9534393504448393E+00
     220.0000000000000000   7.1893379760769038E+00   3.8725619211471938E+00
     230.0000000000000000   7.3928769101241443E+00   3.7961748290302504E+00
     231.9989999999999952   7.4384199384783463E+00   3.7710492946466561E+00
     232.0010000000000048   7.4384654772617900E+00   3.7710243359916698E+00
     233.9989999999999952   7.4789749075749778E+00   3.7565517391318339E+00
     234.0010000000000048   7.4790203722279109E+00   3.7565270509455115E+00
     236.9989999999999952   7.5373438418512411E+00   3.7401484522231412E+00
     237.0010000000000048   7.5373891857412598E+00   3.7401241222402581E+00
     240.0000000000000000   7.6005112581318750E+00   3.7139805856529162E+00
     250.0000000000000000   7.8071160211432566E+00   3.6365558208461986E+00
     260.0000000000000000   8.0127326173614399E+00   3.5634809441579742E+00
     270.0000000000000000   8.2174017166072293E+00   3.4943841981478507E+00
     280.0000000000000000   8.4253445246447196E+00   3.4206667060450591E+00
     290.0000000000000000   8.6280922123872124E+00   3.3589157294105010E+00
     300.0000000000000000   8.8339636458456443E+00   3.2926081380620200E+00
     310.0000000000000000   9.0349522177947232E+00   3.2370526040747443E+00
     320.0000000000000000   9.2389185320956564E+00   3.1770376713266724E+00
     330.0000000000000000   9.4419487168775458E+00   3.1199432696711260E+00
     340.0000000000000000   9.6440795596424191E+00   3.0655520092387927E+00
     350.0000000000000000   9.8453458715670017E+00   3.0136678708867812E+00
     360.0000000000000000   1.0045780573752330E+01   2.9641136430891812E+00
     370.0000000000000000   1.0248803132256691E+01   2.9107472768584715E+00
     380.0000000000000000   1.0447591163683180E+01   2.8655683415534763E+00
     390.0000000000000000   1.0645637227539320E+01   2.8222701596326960E+00
     398.9990000000000236   1.0825490949024777E+01   2.7809745990092245E+00
     399.0009999999999764   1.0825532281793052E+01   2.7809631551055292E+00
     400.0000000000000000   1.0846174089572596E+01   2.7752596140840811E+00
     410.0000000000000000   1.1042741784801883E+01   2.7355268629468128E+00
     415.9990000000000236   1.1162841374761809E+01   2.7082501440864903E+00
     416.0009999999999764   1.1162882415204466E+01   2.7082394162556716E+00
     420.0000000000000000   1.1241744626602708E+01   2.6921572788121324E+00
     430.0000000000000000   1.1440000756556671E+01   2.6505085469050411E+00
     440.0000000000000000   1.1634496998943305E+01   2.6153986451551541E+00
     450.0000000000000000   1.1831359308730795E+01   2.5767685047306430E+00
     460.0000000000000000   1.2027539492374176E+01   2.5395769583813803E+00
     470.0000000000000000   1.2223056782012192E+01   2.5037428883112263E+00
     480.0000000000000000   1.2417930371054082E+01   2.4691900365362960E+00
     490.0000000000000000   1.2609346324717071E+01   2.4402096955820793E+00
     500.0000000000000000   1.2803019603313443E+01   2.4079167118840945E+00
     510.0000000000000000   1.2996100752260400E+01   2.3767136686783976E+00
     510.9989999999999668   1.3015906808266280E+01   2.3728230259141636E+00
     511.0009999999999195   1.3015946454016753E+01   2.3728152508810396E+00
     520.0000000000000000   1.3188605630728992E+01   2.3465440976310599E+00
     530.0000000000000000   1.3383250178163149E+01   2.3133556152497681E+00
     540.0000000000000000   1.3574614530110907E+01   2.2851810367665140E+00
     550.0000000000000000   1.3765446056433559E+01   2.2578900589948541E+00
     560.0000000000000000   1.3955758019455383E+01   2.2314402931452433E+00
     570.0000000000000000   1.4145563216750235E+01   2.2057919788421603E+00
     580.0000000000000000   1.4337443834048281E+01   2.1772809895482550E+00
     590.0000000000000000   1.4526241302095407E+01   2.1531917059436592E+00
     600.0000000000000000   1.4714567035003279E+01   2.1297973895661673E+00
     610.0000000000000000   1.4902431212324222E+01   2.1070683565791128E+00
     620.0000000000000000   1.5092314505198475E+01   2.0816026914680092E+00
     630.0000000000000000   1.5279261118386016E+01   2.0601698453638968E+00
     640.0000000000000000   1.5468202577979561E+01   2.0360696753668557E+00
     650.0000000000000000   1.5654268303791813E+01   2.0158268096765686E+00
     660.0000000000000000   1.5842312584669612E+01   1.9929717607385999E+00
     670.0000000000000000   1.6027530780958781E+01   1.9738255020534206E+00
     680.0000000000000000   1.6214714328944137E+01   1.9521151451098291E+00
     690.0000000000000000   1.6399119728522862E+01   1.9339775440466342E+00
     700.0000000000000000   1.6585473677442458E+01   1.9133257958802341E+00
     710.0000000000000000   1.6769099878686262E+01   1.8961167206546012E+00
     720.0000000000000000   1.6954653198319733E+01   1.8764465448379675E+00
     730.0000000000000000   1.7137532582052383E+01   1.8600929132304556E+00
     740.0000000000000000   1.7322311754895011E+01   1.8413358287464396E+00
     750.0000000000000000   1.7506718830325873E+01   1.8230205274374249E+00
     760.0000000000000000   1.7688506154332700E+01   1.8078641252485841E+00
     770.0000000000000000   1.7872180750364873E+01   1.7903643527699888E+00
     780.0000000000000000   1.8055495995938102E+01   1.7732682271703473E+00
     790.0000000000000000   1.8236254070575761E+01   1.7591777347393689E+00
     800.0000000000000000   1.8418875402055722E+01   1.7428124140339187E+00
     810.0000000000000000   1.8601155140690022E+01   1.7268106243982975E+00
     820.0000000000000000   1.8783090497518874E+01   1.7111695502738153E+00
     830.0000000000000000   1.8962553363350018E+01   1.6983391285706508E+00
     840.0000000000000000   1.9143847397554286E+01   1.6833255023818048E+00
     850.0000000000000000   1.9324818860941342E+01   1.6686323829616780E+00
     860.0000000000000000   1.9505468056231642E+01   1.6542545669742903E+00
     870.0000000000000000   1.9685800126832024E+01   1.6401815895715528E+00
     880.0000000000000000   1.9865825596626731E+01   1.6263973082151117E+00
     890.0000000000000000   2.0043502433945363E+01   1.6151591513480037E+00
     900.0000000000000000   2.0222948277448314E+01   1.6018858129469242E+00
     910.0000000000000000   2.0402097744969083E+01   1.5888794392349770E+00
     920.0000000000000000   2.0580954605474076E+01   1.5761324598899087E+00
     930.0000000000000000   2.0759523587569507E+01   1.5636364439960848E+00
     940.0000000000000000   2.0937810415640605E+01   1.5513821106623762E+00
     950.0000000000000000   2.1115821155402585E+01   1.5393600910906511E+00
     960.0000000000000000   2.1293560890753298E+01   1.5275623092095691E+00
     970.0000000000000000   2.1471033315096548E+01   1.5159823389901224E+00
     980.0000000000000000   2.1648241342270374E+01   1.5046147145856124E+00
     990.0000000000000000   2.1825187787258702E+01   1.4934542039630616E+00
    1000.0000000000000000   2.2001875639387499E+01   1.4824955236012438E+00
    1100.0000000000000000   2.3755222390701022E+01   1.3828984580900836E+00
    1200.0000000000000000   2.5487806967399635E+01   1.2967860030339633E+00
    1300.0000000000000000   2.7201879069348603E+01   1.2212654135928214E+00
    1400.0000000000000000   2.8899310545726355E+01   1.1542124019446576E+00
    1500.0000000000000000   3.0579936977285119E+01   1.0954287263366462E+00
    1600.0000000000000000   3.2246758063227134E+01   1.0422459404425919E+00
    1700.0000000000000000   3.3897900722275281E+01   9.9595433139024814E-01
    1800.0000000000000000   3.5539020916295136E+01   9.5225600135219080E-01
    1843.9990000000000236   3.6256043752537771E+01   9.3520752736390633E-01
    1844.0009999999999764   3.6256076429880011E+01   9.3520667112717060E-01
    1900.0000000000000000   3.7166444750240274E+01   9.1381981177693605E-01
    2000.0000000000000000   3.8783778597898348E+01   8.7808876547702319E-01
    2100.0000000000000000   4.0390519756500041E+01   8.4544950417231290E-01
    2200.0000000000000000   4.1988823442031183E+01   8.1456205706341023E-01
    2300.0000000000000000   4.3575944611627627E+01   7.8717368542675037E-01
    2400.0000000000000000   4.5155691200393981E+01   7.6098616369175898E-01
    2475.9989999999997963   4.6350383059647960E+01   7.4248841737654414E-01
    2476.0010000000002037   4.6350414385793734E+01   7.4248796484225255E-01
    2500.0000000000000000   4.6726683939952245E+01   7.3686793659791605E-01
    2526.9989999999997963   4.7149403749758896E+01   7.3066971327986785E-01
    2527.0010000000002037   4.7149435098300529E+01   7.3066922402108658E-01
    2600.0000000000000000   4.8289682427292554E+01   7.1443090416762955E-01
    2631.9989999999997963   4.8788567379385455E+01   7.0737378262107953E-01
    2632.0010000000002037   4.8788598852557179E+01   7.0737318200555754E-01
    2700.0000000000000000   4.9845078422835300E+01   6.9349713628602694E-01
    2800.0000000000000000   5.1392751960273507E+01   6.7413632748239771E-01
    2871.9989999999997963   5.2503858474418116E+01   6.6037625140099665E-01
    2872.0010000000002037   5.2503889351702831E+01   6.6037584440474051E-01
    2900.0000000000000000   5.2934786073728326E+01   6.5531805380728214E-01
    3000.0000000000000000   5.4469070200048115E+01   6.3819841275245348E-01
    3100.0000000000000000   5.5998551896317622E+01   6.2132004555909792E-01
    3200.0000000000000000   5.7520653888133076E+01   6.0594380643159762E-01
    3300.0000000000000000   5.9037853608201786E+01   5.9099770734713297E-01
    3400.0000000000000000   6.0549139791554467E+01   5.7694552559324808E-01
    3500.0000000000000000   6.2054352925435836E+01   5.6387387134695610E-01
    3600.0000000000000000   6.3554484340038542E+01   5.5138729618607152E-01
    3700.0000000000000000   6.5050372601929567E+01   5.3919087668518095E-01
    3800.0000000000000000   6.6541145538511458E+01   5.2758654954493545E-01
    3900.0000000000000000   6.8026170844394912E+01   5.1695186897497469E-01
    4000.0000000000000000   6.9507317084062066E+01   5.0652306321390950E-01
    4100.0000000000000000   7.0984766194246546E+01   4.9624945734178294E-01
    4200.0000000000000000   7.2457022940184643E+01   4.8669749662308670E-01
    4300.0000000000000000   7.3924511693802273E+01   4.7781239752930926E-01
    4400.0000000000000000   7.5390805694471382E+01   4.6821312316565850E-01
    4500.0000000000000000   7.6849622654679379E+01   4.6025226509550937E-01
    4600.0000000000000000   7.8306709239859146E+01   4.5189861431039013E-01
    4700.0000000000000000   7.9757666209284679E+01   4.4458201936220237E-01
    4800.0000000000000000   8.1207490909494510E+01   4.3676848402124169E-01
    4900.0000000000000000   8.2653884055121935E+01   4.2919081536425269E-01
    5000.0000000000000000   8.4096320843086190E+01   4.2202702041664858E-01
    5100.0000000000000000   8.5534955127445855E+01   4.1524038974545718E-01
    5200.0000000000000000   8.6969867856322679E+01   4.0881843769158999E-01
    5300.0000000000000000   8.8401250249248548E+01   4.0271027513764923E-01
    5400.0000000000000000   8.9828659070194902E+01   3.9705132393985260E-01
    5500.0000000000000000   9.1256555317727432E+01   3.9051811188645369E-01
    5600.0000000000000000   9.2679689939881754E+01   3.8469366467268068E-01
    5700.0000000000000000   9.4097467101991029E+01   3.7970046249352113E-01
    5800.0000000000000000   9.5516660350716322E+01   3.7367628641332989E-01
    5900.0000000000000000   9.6927984414664920E+01   3.6926312017810592E-01
    6000.0000000000000000   9.8342039099049330E+01   3.6350300587037532E-01
    6100.0000000000000000   9.9752127634124960E+01   3.5820283433325867E-01
    6200.0000000000000000   1.0115375533155573E+02   3.5457854289327750E-01
    6300.0000000000000000   1.0255950772603329E+02   3.4932926900701233E-01
    6400.0000000000000000   1.0396090854081882E+02   3.4473404534423613E-01
    6500.0000000000000000   1.0535948579735856E+02   3.4020421398918277E-01
    6600.0000000000000000   1.0675678378127370E+02   3.3565530721291537E-01
    6700.0000000000000000   1.0815002588680701E+02   3.3152506620602962E-01
    6800.0000000000000000   1.0954148572526519E+02   3.2741324461275839E-01
    6900.0000000000000000   1.1092964464167540E+02   3.2366359636231745E-01
    7000.0000000000000000   1.1231540526688140E+02   3.1998854856739151E-01
    7100.0000000000000000   1.1369945601086241E+02   3.1632707103276181E-01
    7200.0000000000000000   1.1507985273847622E+02   3.1307188375980810E-01
    7300.0000000000000000   1.1645804597451126E+02   3.0985972729429967E-01
    7400.0000000000000000   1.1784095445305105E+02   3.0525150522528566E-01
    7500.0000000000000000   1.1921415037994754E+02   3.0233861558829250E-01
    7600.0000000000000000   1.2058664324339813E+02   2.9940073864390099E-01
    7700.0000000000000000   1.2196131526633481E+02   2.9537089874641120E-01
    7800.0000000000000000   1.2332876417014178E+02   2.9265657683601093E-01
    7900.0000000000000000   1.2469447393948352E+02   2.9010149630533671E-01
    8000.0000000000000000   1.2606235612456274E+02   2.8653171452996512E-01
    8100.0000000000000000   1.2742295487062923E+02   2.8416180886248887E-01
    8200.0000000000000000   1.2878807820345975E+02   2.8071455235398957E-01
    8300.0000000000000000   1.3014631831189763E+02   2.7827750536139201E-01
    8400.0000000000000000   1.3150610198140998E+02   2.7505109323169280E-01
    8500.0000000000000000   1.3286395892865801E+02   2.7195908949617686E-01
    8600.0000000000000000   1.3421429444728341E+02   2.7030236840753946E-01
    8700.0000000000000000   1.3557036245245880E+02   2.6719156834651492E-01
    8800.0000000000000000   1.3692374817117343E+02   2.6407707427379595E-01
    8900.0000000000000000   1.3826586810068270E+02   2.6297965374317633E-01
    9000.0000000000000000   1.3961745850143907E+02   2.5969665585107976E-01
    9100.0000000000000000   1.4096330351720692E+02   2.5739704372266153E-01
    9200.0000000000000000   1.4231072339944717E+02   2.5455805395424602E-01
    9300.0000000000000000   1.4365196180795857E+02   2.5267775043800728E-01
    9400.0000000000000000   1.4498925921988729E+02   2.5117112786457302E-01
    9500.0000000000000000   1.4633134095493963E+02   2.4843233705620427E-01
    9600.0000000000000000   1.4767047050319294E+02   2.4606836268399221E-01
    9700.0000000000000000   1.4900694819352961E+02   2.4388733146608399E-01
    9800.0000000000000000   1.5034079785933989E+02   2.4196316895283937E-01
    9900.0000000000000000   1.5167392896839698E+02   2.3994379557339082E-01
   10000.0000000000000000   1.5300606078805552E+02   2.3789022305477198E-01
   11000.0000000000000000   1.6625293752390942E+02   2.1898242444944338E-01
   12000.0000000000000000   1.7936276683663951E+02   2.0393050594237125E-01
   13000.0000000000000000   1.9235699524490167E+02   1.9077543284105733E-01
   14000.0000000000000000   2.0524954543109027E+02   1.7877845626720754E-01
   15000.0000000000000000   2.1803850222632732E+02   1.6876073811789907E-01
   16000.0000000000000000   2.3074452574033202E+02   1.5994752731220011E-01
   17000.0000000000000000   2.4336055161180505E+02   1.5189413637736701E-01
   18000.0000000000000000   2.5589964451749526E+02   1.4547099034647648E-01
   19000.0000000000000000   2.6837871251980283E+02   1.3786260953734697E-01
   20000.0000000000000000   2.8078458141400046E+02   1.3209976368081272E-01
   20005.9989999999997963   2.8086031536151836E+02   1.3190169861732598E-01
   20006.0010000000002037   2.8086034054846152E+02   1.3190164437480736E-01
   21000.0000000000000000   2.9311663935159157E+02   1.2772985629718994E-01
   22000.0000000000000000   3.0540710919693936E+02   1.2158517385329809E-01
   23000.0000000000000000   3.1761977436316283E+02   1.1681894952069176E-01
   24000.0000000000000000   3.2979781697990751E+02   1.1287902877178034E-01
   25000.0000000000000000   3.4191280668369478E+02   1.0980832187931353E-01
   26000.0000000000000000   3.5398662071011165E+02   1.0621916935954386E-01
   27000.0000000000000000   3.6601607322847883E+02   1.0197335490549415E-01
   28000.0000000000000000   3.7797416204094452E+02   9.9313718502617165E-02
   29000.0000000000000000   3.8992228225258532E+02   9.6856141543892590E-02
   30000.0000000000000000   4.0181883635847026E+02   9.2995232187195548E-02
   31000.0000000000000000   4.1369727129844154E+02   9.0507689068794223E-02
   32000.0000000000000000   4.2549892068758953E+02   8.8111754761728403E-02
   33000.0000000000000000   4.3725093212714012E+02   8.6982899722927498E-02
   34000.0000000000000000   4.4899638859545666E+02   8.4800841673744590E-02
   35000.0000000000000000   4.6073212512582467E+02   8.1389069076253373E-02
   36000.0000000000000000   4.7241022997413194E+02   8.0462331863889583E-02
   37000.0000000000000000   4.8408742143369403E+02   7.8905724602447672E-02
   38000.0000000000000000   4.9572781771797787E+02   7.5679719780016905E-02
   39000.0000000000000000   5.0727641765041432E+02   7.4068968540891095E-02
   40000.0000000000000000   5.1889746958737715E+02   7.2247465238371916E-02
   41000.0000000000000000   5.3039303567506090E+02   7.0537179207747394E-02
   42000.0000000000000000   5.4192888864275369E+02   6.9980001980015111E-02
   43000.0000000000000000   5.5336494268309184E+02   6.7878611587911739E-02
   44000.0000000000000000   5.6487547600417031E+02   6.6276910922349969E-02
   45000.0000000000000000   5.7631535010919288E+02   6.5421160177908319E-02
   46000.0000000000000000   5.8767345969122425E+02   6.4072518543526372E-02
   47000.0000000000000000   5.9903032566704292E+02   6.3675873707090450E-02
   48000.0000000000000000   6.1043619273769718E+02   6.1949260391140917E-02
   49000.0000000000000000   6.2178092339783086E+02   6.1453187337495503E-02
   50000.0000000000000000   6.3313062424331190E+02   5.9529510343572400E-02
