       0.1000000000000000   2.2443633739630314E+01   1.2975708130906986E-03
       0.2000000000000000   1.9773327831516035E+01   2.5325009299243572E-03
       0.3000000000000000   1.8895878243752374E+01   3.7549831648519610E-03
       0.4000000000000000   1.8570062872863975E+01   4.9183365907091749E-03
       0.5000000000000000   1.8412325201397589E+01   6.0645742653335308E-03
       0.6000000000000000   1.8335292326813011E+01   7.1961129490834535E-03
       0.7000000000000000   1.8304824453749269E+01   8.3151489937974520E-03
       0.7999999999999999   1.8302178289737480E+01   9.4232495558320660E-03
       0.8999999999999999   1.8318654263555839E+01   1.0518798584279829E-02
       0.9999999999999999   1.8346078897782881E+01   1.1606350043608282E-02
       2.0000000000000000   1.8798083417161465E+01   2.2096309687947534E-02
       3.0000000000000000   1.9207443047818163E+01   3.2228672124199588E-02
       4.0000000000000000   1.9497972805127308E+01   4.2301420826366710E-02
       5.0000000000000000   1.9681021699788896E+01   5.2496927681402267E-02
       6.0000000000000000   1.9775331957270435E+01   6.2939825423172543E-02
       7.0000000000000000   1.9798074237075717E+01   7.3716307510874449E-02
       8.0000000000000000   1.9762396856815638E+01   8.4895145942076478E-02
       9.0000000000000000   1.9678797189576169E+01   9.6533594570170952E-02
      10.0000000000000000   1.9555418303665437E+01   1.0868335619199614E-01
      11.0000000000000000   1.9398915574778400E+01   1.2139147793794546E-01
      12.0000000000000000   1.9214630257710656E+01   1.3470268324327922E-01
      13.0000000000000000   1.9007007586318302E+01   1.4866071174695999E-01
      14.0000000000000000   1.8779557333447165E+01   1.6331101930991981E-01
      15.0000000000000000   1.8535227283436146E+01   1.7870025441397000E-01
      16.0000000000000000   1.8276519431879223E+01   1.9487644877100987E-01
      17.0000000000000000   1.8005462543640885E+01   2.1189138438279306E-01
      18.0000000000000000   1.7723812350729787E+01   2.2979984174358367E-01
      19.0000000000000000   1.7433015647726368E+01   2.4866085062025542E-01
      20.0000000000000000   1.7134303427756084E+01   2.6853856795495140E-01
      21.0000000000000000   1.6828708027359504E+01   2.8950283867993748E-01
      22.0000000000000000   1.6517122736826401E+01   3.1162947941910246E-01
      23.0000000000000000   1.6200302305354541E+01   3.3500154520105263E-01
      24.0000000000000000   1.5878880431167698E+01   3.5971049948058753E-01
      25.0000000000000000   1.5553406491274245E+01   3.8585663159470768E-01
      26.0000000000000000   1.5224354087758476E+01   4.1355028201130956E-01
      27.0000000000000000   1.4892135567495060E+01   4.4291291539429323E-01
      28.0000000000000000   1.4557117460016645E+01   4.7407821708713421E-01
      29.0000000000000000   1.4219627829021455E+01   5.0719338617086585E-01
      30.0000000000000000   1.3879974523567215E+01   5.4242021900593884E-01
      31.0000000000000000   1.3538450729515654E+01   5.7993635544649202E-01
      32.0000000000000000   1.3195353971595706E+01   6.1993611414842675E-01
      33.0000000000000000   1.2850991412073656E+01   6.6263144573200716E-01
      34.0000000000000000   1.2505698730281287E+01   7.0825208457777988E-01
      35.0000000000000000   1.2159852511308774E+01   7.5704517812843397E-01
      36.0000000000000000   1.1813886953501640E+01   8.0927382297896411E-01
      37.0000000000000000   1.1468310996971706E+01   8.6521411161129380E-01
      38.0000000000000000   1.1123726724532688E+01   9.2515012947216246E-01
      39.0000000000000000   1.0780847172816198E+01   9.8936627586770376E-01
      40.0000000000000000   1.0440513819279428E+01   1.0581362301440704E+00
      41.0000000000000000   1.0103709157711313E+01   1.1317080954985361E+00
      41.9990000000000023   9.7718926532212862E+00   1.2102042998997771E+00
      42.0000000000000000   9.7715632469396532E+00   1.2102854296841656E+00
      42.0009999999999977   9.7712338465793138E+00   1.2103665646181145E+00
      43.0000000000000000   9.4453491281746658E+00   1.2940046539156456E+00
      44.0000000000000000   9.1264631881978033E+00   1.3829101553248038E+00
      44.9990000000000023   8.8166921769155469E+00   1.4768332244368045E+00
      45.0000000000000000   8.8163870048862929E+00   1.4769297410245157E+00
      45.0009999999999977   8.8160818431804469E+00   1.4770262625294706E+00
      46.0000000000000000   8.5166306021883393E+00   1.5758539527196751E+00
      47.0000000000000000   8.2286590704168514E+00   1.6793236138305487E+00
      48.0000000000000000   7.9538104776943683E+00   1.7868293685474554E+00
      49.0000000000000000   7.6932160591767556E+00   1.8977253473843316E+00
      50.0000000000000000   7.4477348913109589E+00   2.0112564168397471E+00
      51.0000000000000000   7.2179130839840306E+00   2.1265956601883147E+00
      52.0000000000000000   7.0039725037522622E+00   2.2428867331703000E+00
      53.0000000000000000   6.8058276820162167E+00   2.3592852483179678E+00
      54.0000000000000000   6.6231248830001350E+00   2.4749943046088791E+00
      55.0000000000000000   6.4552944563430721E+00   2.5892911822223015E+00
      56.0000000000000000   6.3016078152701631E+00   2.7015442708088195E+00
      57.0000000000000000   6.1612320573307384E+00   2.8112208077993253E+00
      58.0000000000000000   6.0332772725277497E+00   2.9178875562749038E+00
      59.0000000000000000   5.9168352990828366E+00   3.0212058299046434E+00
      60.0000000000000000   5.8110091379460060E+00   3.1209230975039706E+00
      61.0000000000000000   5.7149333166568725E+00   3.2168631741604070E+00
      62.0000000000000000   5.6277877219621288E+00   3.3089154079072056E+00
      63.0000000000000000   5.5488054939177527E+00   3.3970243066574173E+00
      64.0000000000000000   5.4772767338582709E+00   3.4811798549712503E+00
      65.0000000000000000   5.4125492242773587E+00   3.5614088258439458E+00
      66.0000000000000000   5.3540270861373473E+00   3.6377671883415932E+00
      67.0000000000000000   5.3011681296313338E+00   3.7103336053007676E+00
      67.9989999999999952   5.2535256985213614E+00   3.7791368940306866E+00
      68.0000000000000000   5.2534804419532541E+00   3.7792039534614803E+00
      68.0010000000000048   5.2534351901074139E+00   3.7792710093040154E+00
      69.0000000000000000   5.2105185945544381E+00   3.8444867665006583E+00
      70.0000000000000000   5.1718797371705518E+00   3.9062994883727118E+00
      71.0000000000000000   5.1371997528233928E+00   3.9647654255528493E+00
      72.0000000000000000   5.1061495861943440E+00   4.0200112914854174E+00
      73.0000000000000000   5.0784318036209077E+00   4.0721652486442181E+00
      74.0000000000000000   5.0537774189567832E+00   4.1213553640199807E+00
      75.0000000000000000   5.0319429836270402E+00   4.1677084164120251E+00
      76.0000000000000000   5.0127080057600635E+00   4.2113489298229352E+00
      77.0000000000000000   4.9958725131264705E+00   4.2523985422676320E+00
      78.0000000000000000   4.9812549757511766E+00   4.2909754512262861E+00
      79.0000000000000000   4.9686903928286990E+00   4.3271940622215537E+00
      80.0000000000000000   4.9580285949886793E+00   4.3611647458019887E+00
      81.0000000000000000   4.9491327297612244E+00   4.3929936895658699E+00
      82.0000000000000000   4.9418779134623136E+00   4.4227828253775616E+00
      83.0000000000000000   4.9361500285144064E+00   4.4506298154856099E+00
      84.0000000000000000   4.9318446515710290E+00   4.4766280845933872E+00
      85.0000000000000000   4.9288661007568377E+00   4.5008668868930259E+00
      86.0000000000000000   4.9271265843011616E+00   4.5234313996596933E+00
      87.0000000000000000   4.9265454405309796E+00   4.5444028379814387E+00
      88.0000000000000000   4.9270484661698637E+00   4.5638585752460674E+00
      89.0000000000000000   4.9285673013789584E+00   4.5818722895229786E+00
      90.0000000000000000   4.9310388934348071E+00   4.5985140994030997E+00
      91.0000000000000000   4.9344050107850306E+00   4.6138507111906790E+00
      92.0000000000000000   4.9386118075567271E+00   4.6279455653690302E+00
      93.0000000000000000   4.9436094328914688E+00   4.6408589822575141E+00
      94.0000000000000000   4.9493516798157025E+00   4.6526483055489436E+00
      95.0000000000000000   4.9557956692140452E+00   4.6633680427312401E+00
      96.0000000000000000   4.9629015650909762E+00   4.6730700016558506E+00
      97.0000000000000000   4.9706323176621892E+00   4.6818034227225311E+00
      98.0000000000000000   4.9789534309922479E+00   4.6896151063389295E+00
      99.0000000000000000   4.9878327542350185E+00   4.6965495352865094E+00
     100.0000000000000000   4.9972402896075954E+00   4.7026489922086858E+00
     103.9989999999999952   5.0396073180837506E+00   4.7194690742270371E+00
     104.0010000000000048   5.0396302456224538E+00   4.7194746951534894E+00
     110.0000000000000000   5.1150056085824565E+00   4.7256586709453758E+00
     120.0000000000000000   5.2635503178963896E+00   4.6990464506801146E+00
     130.0000000000000000   5.4315022509427990E+00   4.6421006066504331E+00
     140.0000000000000000   5.6121834317156551E+00   4.5668533363870232E+00
     150.0000000000000000   5.7937236207109359E+00   4.5014159365317781E+00
     153.9989999999999952   5.8763393180586840E+00   4.4550991608046120E+00
     154.0010000000000048   5.8763884722011825E+00   4.4550588576176047E+00
     160.0000000000000000   5.9928078315888413E+00   4.4043674387679506E+00
     167.9989999999999952   6.1512172261437659E+00   4.3331716438697470E+00
     168.0010000000000048   6.1512656489475308E+00   4.3331347319754130E+00
     169.9989999999999952   6.1926350446571545E+00   4.3119376567327592E+00
     170.0000000000000000   6.1926592104412466E+00   4.3119194481184726E+00
     170.0010000000000048   6.1926833747985341E+00   4.3119012418521665E+00
     180.0000000000000000   6.3929782699577578E+00   4.2239930577482045E+00
     190.0000000000000000   6.5996234917485115E+00   4.1271459633885668E+00
     200.0000000000000000   6.8056690075893584E+00   4.0361313166207724E+00
     210.0000000000000000   7.0110821309110438E+00   3.9504557510801543E+00
     220.0000000000000000   7.2158480816235855E+00   3.8696702969427506E+00
     230.0000000000000000   7.4199638119845019E+00   3.7933690359294232E+00
     231.9989999999999952   7.4656587890117754E+00   3.7682599781002777E+00
     232.0010000000000048   7.4657044797564387E+00   3.7682350358211436E+00
     233.9989999999999952   7.5063293171965197E+00   3.7537786911293587E+00
     234.0010000000000048   7.5063749335531513E+00   3.7537540191047989E+00
     236.9989999999999952   7.5648541821550630E+00   3.7373994110427535E+00
     237.0010000000000048   7.5648996772947559E+00   3.7373750969085893E+00
     240.0000000000000000   7.6282132536882195E+00   3.7112550965703828E+00
     250.0000000000000000   7.8354329955612148E+00   3.6339056446846967E+00
     260.0000000000000000   8.0416642677621724E+00   3.5609015577275493E+00
     270.0000000000000000   8.2469476018637220E+00   3.4918714886061779E+00
     280.0000000000000000   8.4555341173161160E+00   3.4182169219684768E+00
     290.0000000000000000   8.6588937492666389E+00   3.3565254389893311E+00
     300.0000000000000000   8.8654046923964938E+00   3.2902741932100246E+00
     310.0000000000000000   9.0670028876208768E+00   3.2347721094743545E+00
     320.0000000000000000   9.2716046657918021E+00   3.1748079576164367E+00
     330.0000000000000000   9.4752680439922905E+00   3.1177618701249310E+00
     340.0000000000000000   9.6780298802311329E+00   3.0634166394036377E+00
     350.0000000000000000   9.8799250564971945E+00   3.0115764107382268E+00
     360.0000000000000000   1.0080986564095021E+01   2.9620641213381909E+00
     370.0000000000000000   1.0284657683191526E+01   2.9087378571043860E+00
     380.0000000000000000   1.0484068034452733E+01   2.8635973100273495E+00
     390.0000000000000000   1.0682734573729071E+01   2.8203359143154287E+00
     398.9990000000000236   1.0863160782746842E+01   2.7790721726190339E+00
     399.0009999999999764   1.0863202252513060E+01   2.7790607356571617E+00
     400.0000000000000000   1.0883912478115372E+01   2.7733606550174392E+00
     410.0000000000000000   1.1081096605773423E+01   2.7336617835830817E+00
     415.9990000000000236   1.1201582576088347E+01   2.7064047500938631E+00
     416.0009999999999764   1.1201623752474154E+01   2.7063940287486274E+00
     420.0000000000000000   1.1280735774826917E+01   2.6903247582705156E+00
     430.0000000000000000   1.1479625856956778E+01   2.6487073430226782E+00
     440.0000000000000000   1.1674732710086548E+01   2.6136275882361018E+00
     450.0000000000000000   1.1872224683172250E+01   2.5750264919099695E+00
     460.0000000000000000   1.2069032355039925E+01   2.5378629485325814E+00
     470.0000000000000000   1.2265175017630467E+01   2.5020558974349063E+00
     480.0000000000000000   1.2460671927573067E+01   2.4675291335761877E+00
     490.0000000000000000   1.2652689703818991E+01   2.4385739986214783E+00
     500.0000000000000000   1.2846982625719514E+01   2.4063053846815787E+00
     510.0000000000000000   1.3040681532467442E+01   2.3751259175069608E+00
     510.9989999999999668   1.3060552974716035E+01   2.3712375879283534E+00
     511.0009999999999195   1.3060592751349244E+01   2.3712298175187092E+00
     520.0000000000000000   1.3233802335784446E+01   2.3449791683890715E+00
     530.0000000000000000   1.3429079552208306E+01   2.3118127908159933E+00
     540.0000000000000000   1.3621056069836223E+01   2.2836596345746840E+00
     550.0000000000000000   1.3812498073740709E+01   2.2563894288061266E+00
     560.0000000000000000   1.4003418870189440E+01   2.2299598149993387E+00
     570.0000000000000000   1.4193831299480284E+01   2.2043310611701363E+00
     580.0000000000000000   1.4386335143653652E+01   2.1758390674317249E+00
     590.0000000000000000   1.4575736539672159E+01   2.1517682395069433E+00
     600.0000000000000000   1.4764664715668237E+01   2.1283918624892793E+00
     610.0000000000000000   1.4953129882761507E+01   2.1056802747207715E+00
     620.0000000000000000   1.5143629572033136E+01   2.0802315815889734E+00
     630.0000000000000000   1.5331174186547717E+01   2.0588152539418987E+00
     640.0000000000000000   1.5520728799796496E+01   2.0347311674953334E+00
     650.0000000000000000   1.5707389655842910E+01   2.0145039680400965E+00
     660.0000000000000000   1.5896044025783109E+01   1.9916641846586645E+00
     670.0000000000000000   1.6081854585345440E+01   1.9725328065987857E+00
     680.0000000000000000   1.6269645288722572E+01   1.9508369602662543E+00
     690.0000000000000000   1.6454640406492526E+01   1.9327135139412459E+00
     700.0000000000000000   1.6641598679820270E+01   1.9120755780562373E+00
     710.0000000000000000   1.6825812075877469E+01   1.8948799853924394E+00
     720.0000000000000000   1.7011966984065896E+01   1.8752229745193765E+00
     730.0000000000000000   1.7195431159469219E+01   1.8588822017421724E+00
     740.0000000000000000   1.7380809269751037E+01   1.8401376809206307E+00
     750.0000000000000000   1.7565814021578937E+01   1.8218346585260987E+00
     760.0000000000000000   1.7748182547102473E+01   1.8066902604295521E+00
     770.0000000000000000   1.7932452319638479E+01   1.7892022266821039E+00
     780.0000000000000000   1.8116361504818730E+01   1.7721175834759344E+00
     790.0000000000000000   1.8297697426757239E+01   1.7580383257119638E+00
     800.0000000000000000   1.8480910339605330E+01   1.7416840001695497E+00
     810.0000000000000000   1.8663780486079006E+01   1.7256929740487155E+00
     820.0000000000000000   1.8846305040733739E+01   1.7100624393001711E+00
     830.0000000000000000   1.9026341534871563E+01   1.6972423400162919E+00
     840.0000000000000000   1.9208222620782191E+01   1.6822388261628822E+00
     850.0000000000000000   1.9389780022649507E+01   1.6675556155744422E+00
     860.0000000000000000   1.9571014029477325E+01   1.6531875112179786E+00
     870.0000000000000000   1.9751929803992653E+01   1.6391240542858794E+00
     880.0000000000000000   1.9932537925995135E+01   1.6253491080314486E+00
     890.0000000000000000   2.0110782616567633E+01   1.6141201064533752E+00
     900.0000000000000000   2.0290809195812898E+01   1.6008557488600552E+00
     910.0000000000000000   2.0470538373513406E+01   1.5878581865936325E+00
     920.0000000000000000   2.0649973930559636E+01   1.5751198542488498E+00
     930.0000000000000000   2.0829120614262582E+01   1.5626323256350252E+00
     940.0000000000000000   2.1007984174713023E+01   1.5503863244033111E+00
     950.0000000000000000   2.1186570705917809E+01   1.5383724861240464E+00
     960.0000000000000000   2.1364885313759221E+01   1.5265827389288702E+00
     970.0000000000000000   2.1542931704575750E+01   1.5150106608341201E+00
     980.0000000000000000   2.1720712800190359E+01   1.5036507898882163E+00
     990.0000000000000000   2.1898231423183265E+01   1.4924978978100563E+00
    1000.0000000000000000   2.2075490571910308E+01   1.4815467046936501E+00
    1100.0000000000000000   2.3834504191139924E+01   1.3820179993749511E+00
    1200.0000000000000000   2.5572691137808054E+01   1.2959639393764346E+00
    1300.0000000000000000   2.7292308347579510E+01   1.2204938682199453E+00
    1400.0000000000000000   2.8995233749103697E+01   1.1534850334546896E+00
    1500.0000000000000000   3.0681296514447435E+01   1.0947403487662244E+00
    1600.0000000000000000   3.2353511779503542E+01   1.0415922549123002E+00
    1700.0000000000000000   3.4009990199135459E+01   9.9533173199161451E-01
    1800.0000000000000000   3.5656421891338553E+01   9.5166143179587592E-01
    1843.9990000000000236   3.6375760847707546E+01   9.3462443949648055E-01
    1844.0009999999999764   3.6375793631059004E+01   9.3462358377067145E-01
    1900.0000000000000000   3.7289105726129364E+01   9.1325065758243584E-01
    2000.0000000000000000   3.8911669389715414E+01   8.7754277157388183E-01
    2100.0000000000000000   4.0523604591375694E+01   8.4492471101083422E-01
    2200.0000000000000000   4.2127078757747512E+01   8.1405675043336356E-01
    2300.0000000000000000   4.3719326933528151E+01   7.8668635658091002E-01
    2400.0000000000000000   4.5304180542335246E+01   7.6051547732137326E-01
    2475.9989999999997963   4.6502733028627517E+01   7.4202957764082134E-01
    2476.0010000000002037   4.6502764455823161E+01   7.4202912540977384E-01
    2500.0000000000000000   4.6880249750912441E+01   7.3641270486499799E-01
    2526.9989999999997963   4.7304335192840945E+01   7.3021846731515661E-01
    2527.0010000000002037   4.7304366642842233E+01   7.3021797834882185E-01
    2600.0000000000000000   4.8448297825763802E+01   7.1399006546201571E-01
    2631.9989999999997963   4.8948795541449833E+01   7.0693734351979576E-01
    2632.0010000000002037   4.8948827117420336E+01   7.0693674317627986E-01
    2700.0000000000000000   5.0008717887584361E+01   6.9306973770617475E-01
    2800.0000000000000000   5.1561388067459312E+01   6.7372151027884219E-01
    2871.9989999999997963   5.2676084932029795E+01   6.5997000737475264E-01
    2872.0010000000002037   5.2676115909288995E+01   6.5996960061131149E-01
    2900.0000000000000000   5.3108404066451868E+01   6.5491504120388799E-01
    3000.0000000000000000   5.4647640505190594E+01   6.3780649969153480E-01
    3100.0000000000000000   5.6182063428112407E+01   6.2093859001485496E-01
    3200.0000000000000000   5.7709077827313600E+01   6.0557222201100136E-01
    3300.0000000000000000   5.9231176645537623E+01   5.9063545695458952E-01
    3400.0000000000000000   6.0747341279882733E+01   5.7659211597962989E-01
    3500.0000000000000000   6.2257410520820756E+01   5.6352884839805162E-01
    3600.0000000000000000   6.3762381588127305E+01   5.5105024083259979E-01
    3700.0000000000000000   6.5263097968184141E+01   5.3886140133795080E-01
    3800.0000000000000000   6.6758681234091057E+01   5.2726429497581728E-01
    3900.0000000000000000   6.8248494436505865E+01   5.1663650157803043E-01
    4000.0000000000000000   6.9734417899615892E+01   5.0621427259210028E-01
    4100.0000000000000000   7.1216634297432392E+01   4.9594695417362722E-01
    4200.0000000000000000   7.2693638185205643E+01   4.8640101077096076E-01
    4300.0000000000000000   7.4165856313053212E+01   4.7752167635709708E-01
    4400.0000000000000000   7.5636884906503127E+01   4.6792793003839145E-01
    4500.0000000000000000   7.7100400235470559E+01   4.5997237803773822E-01
    4600.0000000000000000   7.8562186196568121E+01   4.5162382480344843E-01
    4700.0000000000000000   8.0017814467976748E+01   4.4431213126335406E-01
    4800.0000000000000000   8.1472314742284709E+01   4.3650331259010933E-01
    4900.0000000000000000   8.2923372410211769E+01   4.2893018638391972E-01
    5000.0000000000000000   8.4370458958822354E+01   4.2177076939854158E-01
    5100.0000000000000000   8.5813728978938357E+01   4.1498836120854854E-01
    5200.0000000000000000   8.7253263690934119E+01   4.0857048450769512E-01
    5300.0000000000000000   8.8689255317290346E+01   4.0246625793562735E-01
    5400.0000000000000000   9.0121257494735744E+01   3.9681111056244145E-01
    5500.0000000000000000   9.1553760102384402E+01   3.9028157689421150E-01
    5600.0000000000000000   9.2981479619608976E+01   3.8446068889019952E-01
    5700.0000000000000000   9.4403816123159800E+01   3.7947093259363179E-01
    5800.0000000000000000   9.5827587137127381E+01   3.7345009453552502E-01
    5900.0000000000000000   9.7243446645308026E+01   3.6904016357783787E-01
    6000.0000000000000000   9.8662063382285197E+01   3.6328318659626196E-01
    6100.0000000000000000   1.0007669673516189E+02   3.5798605892956131E-01
    6200.0000000000000000   1.0148282255559951E+02   3.5436472212529552E-01
    6300.0000000000000000   1.0289310823754363E+02   3.4911831760730228E-01
    6400.0000000000000000   1.0429902210222590E+02   3.4452588177777416E-01
    6500.0000000000000000   1.0570210197601176E+02   3.3999876023578990E-01
    6600.0000000000000000   1.0710390205558645E+02   3.3545248856543897E-01
    6700.0000000000000000   1.0850162750566929E+02   3.3132481108292039E-01
    6800.0000000000000000   1.0989756660848937E+02   3.2721548438382492E-01
    6900.0000000000000000   1.1129019068554989E+02   3.2346826518655136E-01
    7000.0000000000000000   1.1268040811671540E+02   3.1979558324187268E-01
    7100.0000000000000000   1.1406891166777477E+02   3.1613641085173982E-01
    7200.0000000000000000   1.1545374442719341E+02   3.1288347038314357E-01
    7300.0000000000000000   1.1683636624510575E+02   3.0967350462452858E-01
    7400.0000000000000000   1.1822374076178023E+02   3.0506741929262765E-01
    7500.0000000000000000   1.1960134618519891E+02   3.0215661444299841E-01
    7600.0000000000000000   1.2097825052542056E+02   2.9922077225537586E-01
    7700.0000000000000000   1.2235735464674292E+02   2.9519291890860816E-01
    7800.0000000000000000   1.2372919500556681E+02   2.9248053707863036E-01
    7900.0000000000000000   1.2509929116488323E+02   2.8992735181040402E-01
    8000.0000000000000000   1.2647158001497853E+02   2.8635942205340342E-01
    8100.0000000000000000   1.2783654411610523E+02   2.8399132666032573E-01
    8200.0000000000000000   1.2920606818496000E+02   2.8054584011287237E-01
    8300.0000000000000000   1.3056867014875417E+02   2.7811052413311360E-01
    8400.0000000000000000   1.3193283149405713E+02   2.7488580537144880E-01
    8500.0000000000000000   1.3329505929227753E+02   2.7179545860430310E-01
    8600.0000000000000000   1.3464972239516501E+02   2.7014035927449465E-01
    8700.0000000000000000   1.3601016078097990E+02   2.6703114690089169E-01
    8800.0000000000000000   1.3736790490790347E+02   2.6391820753316403E-01
    8900.0000000000000000   1.3871431542873626E+02   2.6282230976757143E-01
    9000.0000000000000000   1.4007026326783796E+02   2.5954080369896865E-01
    9100.0000000000000000   1.4142043363272120E+02   2.5724265340922647E-01
    9200.0000000000000000   1.4277219426279106E+02   2.5440509641184245E-01
    9300.0000000000000000   1.4411773836507797E+02   2.5252619747866040E-01
    9400.0000000000000000   1.4545932090979366E+02   2.5102095214438519E-01
    9500.0000000000000000   1.4680572381915667E+02   2.4828351204156002E-01
    9600.0000000000000000   1.4814916027233573E+02   2.4592086261945026E-01
    9700.0000000000000000   1.4948993248874007E+02   2.4374113134385697E-01
    9800.0000000000000000   1.5082806439807570E+02   2.4181824448376738E-01
    9900.0000000000000000   1.5216547780765237E+02   2.3980012315931962E-01
   10000.0000000000000000   1.5350189010376815E+02   2.3774777976225747E-01
   11000.0000000000000000   1.6679133300662733E+02   2.1885114076984730E-01
   12000.0000000000000000   1.7994325027338525E+02   2.0380866479109924E-01
   13000.0000000000000000   1.9297918662573841E+02   1.9066169224905002E-01
   14000.0000000000000000   2.0591312102078027E+02   1.7867174657524745E-01
   15000.0000000000000000   2.1874309733545306E+02   1.6866019231167281E-01
   16000.0000000000000000   2.3148988511725719E+02   1.5985243241226207E-01
   17000.0000000000000000   2.4414635331799929E+02   1.5180389865734498E-01
   18000.0000000000000000   2.5672563292802090E+02   1.4538510989685613E-01
   19000.0000000000000000   2.6924472532323858E+02   1.3778066130465794E-01
   20000.0000000000000000   2.8169035697825996E+02   1.3202138309285921E-01
   20005.9989999999997963   2.8176633854726623E+02   1.3182333843603231E-01
   20006.0010000000002037   2.8176636381636445E+02   1.3182328420031514E-01
   21000.0000000000000000   2.9406189956881889E+02   1.2765472819988805E-01
   22000.0000000000000000   3.0639177288889914E+02   1.2151302388061409E-01
   23000.0000000000000000   3.1864351630652016E+02   1.1674953728025082E-01
   24000.0000000000000000   3.3086058166817310E+02   1.1281214240456232E-01
   25000.0000000000000000   3.4301434674267335E+02   1.0974377367259211E-01
   26000.0000000000000000   3.5512682241403786E+02   1.0615679217658351E-01
   27000.0000000000000000   3.6719479534672593E+02   1.0191299925539615E-01
   28000.0000000000000000   3.7919108282073677E+02   9.9255250116826260E-02
   29000.0000000000000000   3.9117747009118182E+02   9.6799439357350123E-02
   30000.0000000000000000   4.0311208593365399E+02   9.2940186645372472E-02
   31000.0000000000000000   4.1502858792122402E+02   9.0454200699212089E-02
   32000.0000000000000000   4.2686792682086434E+02   8.8059732961696294E-02
   33000.0000000000000000   4.3865742098004000E+02   8.6932261725224627E-02
   34000.0000000000000000   4.5044042694192439E+02   8.4751511659677370E-02
   35000.0000000000000000   4.6221375547751421E+02   8.1340977411488727E-02
   36000.0000000000000000   4.7392918263451173E+02   8.0415414437140925E-02
   37000.0000000000000000   4.8564378872020012E+02   7.8859922250771139E-02
   38000.0000000000000000   4.9732145768572946E+02   7.5634977787401664E-02
   39000.0000000000000000   5.0890683127569474E+02   7.4025236199161321E-02
   40000.0000000000000000   5.2056521263866387E+02   7.2204695461297277E-02
   41000.0000000000000000   5.3209738688075595E+02   7.0495328190777848E-02
   42000.0000000000000000   5.4367019146601990E+02   6.9939028899290670E-02
   43000.0000000000000000   5.5514263652224292E+02   6.7838478333209620E-02
   44000.0000000000000000   5.6669011964825188E+02   6.6237581859459327E-02
   45000.0000000000000000   5.7816656615555837E+02   6.5382601936610982E-02
   46000.0000000000000000   5.8956079735362164E+02   6.4034699827928740E-02
   47000.0000000000000000   6.0095385035317599E+02   6.3638765125526381E-02
   48000.0000000000000000   6.1239629112736714E+02   6.1912834303262068E-02
   49000.0000000000000000   6.2377727194689112E+02   6.1417417716497828E-02
   50000.0000000000000000   6.3516332293699418E+02   5.9494372651788863E-02
