       0.1000000000000000   1.0000000000000000E+30   0.0000000000000000E+00
       0.2000000000000000   1.0000000000000000E+30   0.0000000000000000E+00
       0.3000000000000000   1.0000000000000000E+30   0.0000000000000000E+00
       0.4000000000000000   1.0000000000000000E+30   0.0000000000000000E+00
       0.5000000000000000   1.0000000000000000E+30   0.0000000000000000E+00
       0.6000000000000000   1.0000000000000000E+30   0.0000000000000000E+00
       0.7000000000000000   1.0000000000000000E+30   0.0000000000000000E+00
       0.7999999999999999   1.0000000000000000E+30   0.0000000000000000E+00
       0.8999999999999999   1.0000000000000000E+30   0.0000000000000000E+00
       0.9999999999999999   1.0000000000000000E+30   0.0000000000000000E+00
       2.0000000000000000   1.0000000000000000E+30   0.0000000000000000E+00
       3.0000000000000000   1.0000000000000000E+30   0.0000000000000000E+00
       4.0000000000000000   1.0000000000000000E+30   0.0000000000000000E+00
       5.0000000000000000   1.0000000000000000E+30   0.0000000000000000E+00
       6.0000000000000000   1.0000000000000000E+30   0.0000000000000000E+00
       7.0000000000000000   1.0000000000000000E+30   0.0000000000000000E+00
       8.0000000000000000   1.0000000000000000E+30   0.0000000000000000E+00
       9.0000000000000000   1.0000000000000000E+30   0.0000000000000000E+00
      10.0000000000000000   1.0000000000000000E+30   0.0000000000000000E+00
      11.0000000000000000   1.0000000000000000E+30   0.0000000000000000E+00
      12.0000000000000000   1.0000000000000000E+30   0.0000000000000000E+00
      13.0000000000000000   1.0000000000000000E+30   0.0000000000000000E+00
      14.0000000000000000   1.0000000000000000E+30   0.0000000000000000E+00
      15.0000000000000000   1.0000000000000000E+30   0.0000000000000000E+00
      16.0000000000000000   1.0000000000000000E+30   0.0000000000000000E+00
      17.0000000000000000   1.0000000000000000E+30   0.0000000000000000E+00
      18.0000000000000000   1.0000000000000000E+30   0.0000000000000000E+00
      19.0000000000000000   1.0000000000000000E+30   0.0000000000000000E+00
      20.0000000000000000   1.0000000000000000E+30   0.0000000000000000E+00
      21.0000000000000000   1.0000000000000000E+30   0.0000000000000000E+00
      22.0000000000000000   1.0000000000000000E+30   0.0000000000000000E+00
      23.0000000000000000   1.0000000000000000E+30   0.0000000000000000E+00
      24.0000000000000000   1.0000000000000000E+30   0.0000000000000000E+00
      25.0000000000000000   1.0000000000000000E+30   0.0000000000000000E+00
      26.0000000000000000   1.0000000000000000E+30   0.0000000000000000E+00
      27.0000000000000000   1.0000000000000000E+30   0.0000000000000000E+00
      28.0000000000000000   1.0000000000000000E+30   0.0000000000000000E+00
      29.0000000000000000   1.0000000000000000E+30   0.0000000000000000E+00
      30.0000000000000000   1.0000000000000000E+30   0.0000000000000000E+00
      31.0000000000000000   1.0000000000000000E+30   0.0000000000000000E+00
      32.0000000000000000   1.0000000000000000E+30   0.0000000000000000E+00
      33.0000000000000000   1.0000000000000000E+30   0.0000000000000000E+00
      34.0000000000000000   1.0000000000000000E+30   0.0000000000000000E+00
      35.0000000000000000   1.0000000000000000E+30   0.0000000000000000E+00
      36.0000000000000000   1.0000000000000000E+30   0.0000000000000000E+00
      37.0000000000000000   1.0000000000000000E+30   0.0000000000000000E+00
      38.0000000000000000   1.0000000000000000E+30   0.0000000000000000E+00
      39.0000000000000000   1.0000000000000000E+30   0.0000000000000000E+00
      40.0000000000000000   1.0000000000000000E+30   0.0000000000000000E+00
      41.0000000000000000   1.0000000000000000E+30   0.0000000000000000E+00
      41.9990000000000023   1.0000000000000000E+30   0.0000000000000000E+00
      42.0000000000000000   1.0000000000000000E+30   0.0000000000000000E+00
      42.0009999999999977   1.0000000000000000E+30   0.0000000000000000E+00
      43.0000000000000000   1.0000000000000000E+30   0.0000000000000000E+00
      44.0000000000000000   1.0000000000000000E+30   0.0000000000000000E+00
      44.9990000000000023   1.0000000000000000E+30   0.0000000000000000E+00
      45.0000000000000000   1.0000000000000000E+30   0.0000000000000000E+00
      45.0009999999999977   1.0000000000000000E+30   0.0000000000000000E+00
      46.0000000000000000   1.0000000000000000E+30   0.0000000000000000E+00
      47.0000000000000000   1.0000000000000000E+30   0.0000000000000000E+00
      48.0000000000000000   1.0000000000000000E+30   0.0000000000000000E+00
      49.0000000000000000   1.0000000000000000E+30   0.0000000000000000E+00
      50.0000000000000000   1.0000000000000000E+30   0.0000000000000000E+00
      51.0000000000000000   1.0000000000000000E+30   0.0000000000000000E+00
      52.0000000000000000   1.0000000000000000E+30   0.0000000000000000E+00
      53.0000000000000000   1.0000000000000000E+30   0.0000000000000000E+00
      54.0000000000000000   1.0000000000000000E+30   0.0000000000000000E+00
      55.0000000000000000   1.0000000000000000E+30   0.0000000000000000E+00
      56.0000000000000000   1.0000000000000000E+30   0.0000000000000000E+00
      57.0000000000000000   1.0000000000000000E+30   0.0000000000000000E+00
      58.0000000000000000   1.0000000000000000E+30   0.0000000000000000E+00
      59.0000000000000000   1.0000000000000000E+30   0.0000000000000000E+00
      60.0000000000000000   1.0000000000000000E+30   0.0000000000000000E+00
      61.0000000000000000   1.0000000000000000E+30   0.0000000000000000E+00
      62.0000000000000000   1.0000000000000000E+30   0.0000000000000000E+00
      63.0000000000000000   1.0000000000000000E+30   0.0000000000000000E+00
      64.0000000000000000   1.0000000000000000E+30   0.0000000000000000E+00
      65.0000000000000000   1.0000000000000000E+30   0.0000000000000000E+00
      66.0000000000000000   1.0000000000000000E+30   0.0000000000000000E+00
      67.0000000000000000   1.0000000000000000E+30   0.0000000000000000E+00
      67.9989999999999952   1.0000000000000000E+30   0.0000000000000000E+00
      68.0000000000000000   1.0000000000000000E+30   0.0000000000000000E+00
      68.0010000000000048   1.0000000000000000E+30   0.0000000000000000E+00
      69.0000000000000000   1.0000000000000000E+30   0.0000000000000000E+00
      70.0000000000000000   1.0000000000000000E+30   0.0000000000000000E+00
      71.0000000000000000   1.0000000000000000E+30   0.0000000000000000E+00
      72.0000000000000000   1.0000000000000000E+30   0.0000000000000000E+00
      73.0000000000000000   1.0000000000000000E+30   0.0000000000000000E+00
      74.0000000000000000   1.0000000000000000E+30   0.0000000000000000E+00
      75.0000000000000000   1.0000000000000000E+30   0.0000000000000000E+00
      76.0000000000000000   1.0000000000000000E+30   0.0000000000000000E+00
      77.0000000000000000   1.0000000000000000E+30   0.0000000000000000E+00
      78.0000000000000000   1.0000000000000000E+30   0.0000000000000000E+00
      79.0000000000000000   1.0000000000000000E+30   0.0000000000000000E+00
      80.0000000000000000   1.0000000000000000E+30   0.0000000000000000E+00
      81.0000000000000000   1.0000000000000000E+30   0.0000000000000000E+00
      82.0000000000000000   1.0000000000000000E+30   0.0000000000000000E+00
      83.0000000000000000   1.0000000000000000E+30   0.0000000000000000E+00
      84.0000000000000000   1.0000000000000000E+30   0.0000000000000000E+00
      85.0000000000000000   1.0000000000000000E+30   0.0000000000000000E+00
      86.0000000000000000   1.0000000000000000E+30   0.0000000000000000E+00
      87.0000000000000000   1.0000000000000000E+30   0.0000000000000000E+00
      88.0000000000000000   1.0000000000000000E+30   0.0000000000000000E+00
      89.0000000000000000   1.0000000000000000E+30   0.0000000000000000E+00
      90.0000000000000000   1.0000000000000000E+30   0.0000000000000000E+00
      91.0000000000000000   1.0000000000000000E+30   0.0000000000000000E+00
      92.0000000000000000   1.0000000000000000E+30   0.0000000000000000E+00
      93.0000000000000000   1.0000000000000000E+30   0.0000000000000000E+00
      94.0000000000000000   1.0000000000000000E+30   0.0000000000000000E+00
      95.0000000000000000   1.0000000000000000E+30   0.0000000000000000E+00
      96.0000000000000000   1.0000000000000000E+30   0.0000000000000000E+00
      97.0000000000000000   1.0000000000000000E+30   0.0000000000000000E+00
      98.0000000000000000   1.0000000000000000E+30   0.0000000000000000E+00
      99.0000000000000000   1.0000000000000000E+30   0.0000000000000000E+00
     100.0000000000000000   1.0000000000000000E+30   0.0000000000000000E+00
     103.9989999999999952   1.0000000000000000E+30   0.0000000000000000E+00
     104.0010000000000048   1.0000000000000000E+30   0.0000000000000000E+00
     110.0000000000000000   1.0000000000000000E+30   0.0000000000000000E+00
     120.0000000000000000   1.0000000000000000E+30   0.0000000000000000E+00
     130.0000000000000000   1.0000000000000000E+30   0.0000000000000000E+00
     140.0000000000000000   1.0000000000000000E+30   0.0000000000000000E+00
     150.0000000000000000   1.0000000000000000E+30   0.0000000000000000E+00
     153.9989999999999952   1.0000000000000000E+30   0.0000000000000000E+00
     154.0010000000000048   1.0000000000000000E+30   0.0000000000000000E+00
     160.0000000000000000   1.0000000000000000E+30   0.0000000000000000E+00
     167.9989999999999952   1.0000000000000000E+30   0.0000000000000000E+00
     168.0010000000000048   1.0000000000000000E+30   0.0000000000000000E+00
     169.9989999999999952   1.0000000000000000E+30   0.0000000000000000E+00
     170.0000000000000000   1.0000000000000000E+30   0.0000000000000000E+00
     170.0010000000000048   1.0000000000000000E+30   0.0000000000000000E+00
     180.0000000000000000   1.0000000000000000E+30   0.0000000000000000E+00
     190.0000000000000000   1.0000000000000000E+30   0.0000000000000000E+00
     200.0000000000000000   1.0000000000000000E+30   0.0000000000000000E+00
     210.0000000000000000   1.0000000000000000E+30   0.0000000000000000E+00
     220.0000000000000000   1.0000000000000000E+30   0.0000000000000000E+00
     230.0000000000000000   1.0000000000000000E+30   0.0000000000000000E+00
     231.9989999999999952   1.0000000000000000E+30   0.0000000000000000E+00
     232.0010000000000048   1.0000000000000000E+30   0.0000000000000000E+00
     233.9989999999999952   1.0000000000000000E+30   0.0000000000000000E+00
     234.0010000000000048   1.0000000000000000E+30   0.0000000000000000E+00
     236.9989999999999952   1.0000000000000000E+30   0.0000000000000000E+00
     237.0010000000000048   1.0000000000000000E+30   0.0000000000000000E+00
     240.0000000000000000   1.0000000000000000E+30   0.0000000000000000E+00
     250.0000000000000000   1.0000000000000000E+30   0.0000000000000000E+00
     260.0000000000000000   1.0000000000000000E+30   0.0000000000000000E+00
     270.0000000000000000   1.0000000000000000E+30   0.0000000000000000E+00
     280.0000000000000000   1.0000000000000000E+30   0.0000000000000000E+00
     290.0000000000000000   1.0000000000000000E+30   0.0000000000000000E+00
     300.0000000000000000   1.0000000000000000E+30   0.0000000000000000E+00
     310.0000000000000000   1.0000000000000000E+30   0.0000000000000000E+00
     320.0000000000000000   1.0000000000000000E+30   0.0000000000000000E+00
     330.0000000000000000   1.0000000000000000E+30   0.0000000000000000E+00
     340.0000000000000000   1.0000000000000000E+30   0.0000000000000000E+00
     350.0000000000000000   1.0000000000000000E+30   0.0000000000000000E+00
     360.0000000000000000   1.0000000000000000E+30   0.0000000000000000E+00
     370.0000000000000000   1.0000000000000000E+30   0.0000000000000000E+00
     380.0000000000000000   1.0000000000000000E+30   0.0000000000000000E+00
     390.0000000000000000   1.0000000000000000E+30   0.0000000000000000E+00
     398.9990000000000236   1.0000000000000000E+30   0.0000000000000000E+00
     399.0009999999999764   1.0000000000000000E+30   0.0000000000000000E+00
     400.0000000000000000   1.0000000000000000E+30   0.0000000000000000E+00
     410.0000000000000000   1.0000000000000000E+30   0.0000000000000000E+00
     415.9990000000000236   1.0000000000000000E+30   0.0000000000000000E+00
     416.0009999999999764   1.0000000000000000E+30   0.0000000000000000E+00
     420.0000000000000000   1.0000000000000000E+30   0.0000000000000000E+00
     430.0000000000000000   1.0000000000000000E+30   0.0000000000000000E+00
     440.0000000000000000   1.0000000000000000E+30   0.0000000000000000E+00
     450.0000000000000000   1.0000000000000000E+30   0.0000000000000000E+00
     460.0000000000000000   1.0000000000000000E+30   0.0000000000000000E+00
     470.0000000000000000   1.0000000000000000E+30   0.0000000000000000E+00
     480.0000000000000000   1.0000000000000000E+30   0.0000000000000000E+00
     490.0000000000000000   1.0000000000000000E+30   0.0000000000000000E+00
     500.0000000000000000   1.0000000000000000E+30   0.0000000000000000E+00
     510.0000000000000000   1.0000000000000000E+30   0.0000000000000000E+00
     510.9989999999999668   1.0000000000000000E+30   0.0000000000000000E+00
     511.0009999999999195   1.0000000000000000E+30   0.0000000000000000E+00
     520.0000000000000000   1.0000000000000000E+30   0.0000000000000000E+00
     530.0000000000000000   1.0000000000000000E+30   0.0000000000000000E+00
     540.0000000000000000   1.0000000000000000E+30   0.0000000000000000E+00
     550.0000000000000000   1.0000000000000000E+30   0.0000000000000000E+00
     560.0000000000000000   1.0000000000000000E+30   0.0000000000000000E+00
     570.0000000000000000   1.0000000000000000E+30   0.0000000000000000E+00
     580.0000000000000000   1.0000000000000000E+30   0.0000000000000000E+00
     590.0000000000000000   1.0000000000000000E+30   0.0000000000000000E+00
     600.0000000000000000   1.0000000000000000E+30   0.0000000000000000E+00
     610.0000000000000000   1.0000000000000000E+30   0.0000000000000000E+00
     620.0000000000000000   1.0000000000000000E+30   0.0000000000000000E+00
     630.0000000000000000   1.0000000000000000E+30   0.0000000000000000E+00
     640.0000000000000000   1.0000000000000000E+30   0.0000000000000000E+00
     650.0000000000000000   1.0000000000000000E+30   0.0000000000000000E+00
     660.0000000000000000   1.0000000000000000E+30   0.0000000000000000E+00
     670.0000000000000000   1.0000000000000000E+30   0.0000000000000000E+00
     680.0000000000000000   1.0000000000000000E+30   0.0000000000000000E+00
     690.0000000000000000   1.0000000000000000E+30   0.0000000000000000E+00
     700.0000000000000000   1.0000000000000000E+30   0.0000000000000000E+00
     710.0000000000000000   1.0000000000000000E+30   0.0000000000000000E+00
     720.0000000000000000   1.0000000000000000E+30   0.0000000000000000E+00
     730.0000000000000000   1.0000000000000000E+30   0.0000000000000000E+00
     740.0000000000000000   1.0000000000000000E+30   0.0000000000000000E+00
     750.0000000000000000   1.0000000000000000E+30   0.0000000000000000E+00
     760.0000000000000000   1.0000000000000000E+30   0.0000000000000000E+00
     770.0000000000000000   1.0000000000000000E+30   0.0000000000000000E+00
     780.0000000000000000   1.0000000000000000E+30   0.0000000000000000E+00
     790.0000000000000000   1.0000000000000000E+30   0.0000000000000000E+00
     800.0000000000000000   1.0000000000000000E+30   0.0000000000000000E+00
     810.0000000000000000   1.0000000000000000E+30   0.0000000000000000E+00
     820.0000000000000000   1.0000000000000000E+30   0.0000000000000000E+00
     830.0000000000000000   1.0000000000000000E+30   0.0000000000000000E+00
     840.0000000000000000   1.0000000000000000E+30   0.0000000000000000E+00
     850.0000000000000000   1.0000000000000000E+30   0.0000000000000000E+00
     860.0000000000000000   1.0000000000000000E+30   0.0000000000000000E+00
     870.0000000000000000   1.0000000000000000E+30   0.0000000000000000E+00
     880.0000000000000000   1.0000000000000000E+30   0.0000000000000000E+00
     890.0000000000000000   1.0000000000000000E+30   0.0000000000000000E+00
     900.0000000000000000   1.0000000000000000E+30   0.0000000000000000E+00
     910.0000000000000000   1.0000000000000000E+30   0.0000000000000000E+00
     920.0000000000000000   1.0000000000000000E+30   0.0000000000000000E+00
     930.0000000000000000   1.0000000000000000E+30   0.0000000000000000E+00
     940.0000000000000000   1.0000000000000000E+30   0.0000000000000000E+00
     950.0000000000000000   1.0000000000000000E+30   0.0000000000000000E+00
     960.0000000000000000   1.0000000000000000E+30   0.0000000000000000E+00
     970.0000000000000000   1.0000000000000000E+30   0.0000000000000000E+00
     980.0000000000000000   1.0000000000000000E+30   0.0000000000000000E+00
     990.0000000000000000   1.0000000000000000E+30   0.0000000000000000E+00
    1000.0000000000000000   1.0000000000000000E+30   0.0000000000000000E+00
    1100.0000000000000000   1.0000000000000000E+30   0.0000000000000000E+00
    1200.0000000000000000   1.0000000000000000E+30   0.0000000000000000E+00
    1300.0000000000000000   1.0000000000000000E+30   0.0000000000000000E+00
    1400.0000000000000000   1.0000000000000000E+30   0.0000000000000000E+00
    1500.0000000000000000   1.0000000000000000E+30   0.0000000000000000E+00
    1600.0000000000000000   1.0000000000000000E+30   0.0000000000000000E+00
    1700.0000000000000000   1.0000000000000000E+30   0.0000000000000000E+00
    1800.0000000000000000   1.0000000000000000E+30   0.0000000000000000E+00
    1843.9990000000000236   1.0000000000000000E+30   0.0000000000000000E+00
    1844.0009999999999764   1.0000000000000000E+30   0.0000000000000000E+00
    1900.0000000000000000   1.0000000000000000E+30   0.0000000000000000E+00
    2000.0000000000000000   1.0000000000000000E+30   0.0000000000000000E+00
    2100.0000000000000000   1.0000000000000000E+30   0.0000000000000000E+00
    2200.0000000000000000   1.0000000000000000E+30   0.0000000000000000E+00
    2300.0000000000000000   1.0000000000000000E+30   0.0000000000000000E+00
    2400.0000000000000000   1.0000000000000000E+30   0.0000000000000000E+00
    2475.9989999999997963   1.0000000000000000E+30   0.0000000000000000E+00
    2476.0010000000002037   1.0000000000000000E+30   0.0000000000000000E+00
    2500.0000000000000000   1.0000000000000000E+30   0.0000000000000000E+00
    2526.9989999999997963   1.0000000000000000E+30   0.0000000000000000E+00
    2527.0010000000002037   1.0000000000000000E+30   0.0000000000000000E+00
    2600.0000000000000000   1.0000000000000000E+30   0.0000000000000000E+00
    2631.9989999999997963   1.0000000000000000E+30   0.0000000000000000E+00
    2632.0010000000002037   1.0000000000000000E+30   0.0000000000000000E+00
    2700.0000000000000000   1.0000000000000000E+30   0.0000000000000000E+00
    2800.0000000000000000   1.0000000000000000E+30   0.0000000000000000E+00
    2871.9989999999997963   1.0000000000000000E+30   0.0000000000000000E+00
    2872.0010000000002037   2.4567789866505819E+14   1.1690103243334493E-11
    2900.0000000000000000   6.8360237532832539E+08   4.2108198862478782E-06
    3000.0000000000000000   6.8430616330755979E+07   4.2400550145368382E-05
    3100.0000000000000000   2.8101812560939457E+07   1.0405403171084087E-04
    3200.0000000000000000   1.5964916388540367E+07   1.8455824795888157E-04
    3300.0000000000000000   1.0539158678401580E+07   2.8167655396264124E-04
    3400.0000000000000000   7.5938987015000330E+06   3.9382902308201747E-04
    3500.0000000000000000   5.7967669617350660E+06   5.1971942015696974E-04
    3600.0000000000000000   4.6103958458469482E+06   6.5821821269668158E-04
    3700.0000000000000000   3.7815429963471270E+06   8.0829053278970279E-04
    3800.0000000000000000   3.1768792908980269E+06   9.6904126880202103E-04
    3900.0000000000000000   2.7207883288746197E+06   1.1395527431601682E-03
    4000.0000000000000000   2.3672443608259372E+06   1.3190252482607975E-03
    4100.0000000000000000   2.0869856817817062E+06   1.5066939039542976E-03
    4200.0000000000000000   1.8606734437525284E+06   1.7017822785179864E-03
    4300.0000000000000000   1.6749752394099904E+06   1.9036045443985409E-03
    4400.0000000000000000   1.5205222889812603E+06   2.1114644451062526E-03
    4500.0000000000000000   1.3905181180272026E+06   2.3247252201907373E-03
    4600.0000000000000000   1.2799667802914940E+06   2.5427296047807525E-03
    4700.0000000000000000   1.1851025347772220E+06   2.7648487813810938E-03
    4800.0000000000000000   1.1030345312678849E+06   2.9904978196255167E-03
    4900.0000000000000000   1.0315267756146236E+06   3.2190891553301520E-03
    5000.0000000000000000   9.6882114718389243E+05   3.4500478687455685E-03
    5100.0000000000000000   9.1351059567011206E+05   3.6828463996955926E-03
    5200.0000000000000000   8.6447445036801964E+05   3.9169261123746897E-03
    5300.0000000000000000   8.2079014549382078E+05   4.1518018913966944E-03
    5400.0000000000000000   7.8170755356032506E+05   4.3869772995446324E-03
    5500.0000000000000000   7.4660439675542852E+05   4.6219876611613116E-03
    5600.0000000000000000   7.1496151063461020E+05   4.8563962454410874E-03
    5700.0000000000000000   6.8634434802978660E+05   5.0897825187756641E-03
    5800.0000000000000000   6.6038437899309257E+05   5.3217605108904524E-03
    5900.0000000000000000   6.3676964535638329E+05   5.5519580319499887E-03
    6000.0000000000000000   6.1523223038535879E+05   5.7800433797061601E-03
    6100.0000000000000000   5.9554197849202377E+05   6.0057090122766846E-03
    6200.0000000000000000   5.7750067165403021E+05   6.2286677237088214E-03
    6300.0000000000000000   5.6093585143115348E+05   6.4486649083672779E-03
    6400.0000000000000000   5.4569748659846908E+05   6.6654676618906634E-03
    6500.0000000000000000   5.3165370155700727E+05   6.8788775091354077E-03
    6600.0000000000000000   5.1868941526418354E+05   7.0887099873969935E-03
    6700.0000000000000000   5.0670283055578044E+05   7.2948087439468371E-03
    6800.0000000000000000   4.9560383456218446E+05   7.4970418825321128E-03
    6900.0000000000000000   4.8531266833636642E+05   7.6952958188291429E-03
    7000.0000000000000000   4.7575826504649158E+05   7.8894782966546298E-03
    7100.0000000000000000   4.6687726900710637E+05   8.0795150660717477E-03
    7200.0000000000000000   4.5861305495353712E+05   8.2653480590671666E-03
    7300.0000000000000000   4.5091466627677262E+05   8.4469386593690379E-03
    7400.0000000000000000   4.4373657574820449E+05   8.6242573845412597E-03
    7500.0000000000000000   4.3703733600035630E+05   8.7972975684141603E-03
    7600.0000000000000000   4.3078000508499925E+05   8.9660527217561570E-03
    7700.0000000000000000   4.2493099923267536E+05   9.1305329415731201E-03
    7800.0000000000000000   4.1945969501332735E+05   9.2907610103850659E-03
    7900.0000000000000000   4.1433850923571095E+05   9.4467631541569237E-03
    8000.0000000000000000   4.0954219633532898E+05   9.5985782296714537E-03
    8100.0000000000000000   4.0504784944225056E+05   9.7462483839009899E-03
    8200.0000000000000000   4.0083450126811315E+05   9.8898228056765979E-03
    8300.0000000000000000   3.9688300262774801E+05   1.0029356022032284E-02
    8400.0000000000000000   3.9317581928953814E+05   1.0164907989020051E-02
    8500.0000000000000000   3.8969687899713166E+05   1.0296540231269824E-02
    8600.0000000000000000   3.8643135293660936E+05   1.0424320612640389E-02
    8700.0000000000000000   3.8336569866394822E+05   1.0548316488482371E-02
    8800.0000000000000000   3.8048743151028844E+05   1.0668597879649435E-02
    8900.0000000000000000   3.7778492727614590E+05   1.0785239854148337E-02
    9000.0000000000000000   3.7524751775109535E+05   1.0898316720507038E-02
    9100.0000000000000000   3.7286540747653239E+05   1.1007901840546317E-02
    9200.0000000000000000   3.7062943351229152E+05   1.1114071685405624E-02
    9300.0000000000000000   3.6853119309226249E+05   1.1216900557010063E-02
    9400.0000000000000000   3.6656278663253988E+05   1.1316466601743168E-02
    9500.0000000000000000   3.6471691204965505E+05   1.1412846093067898E-02
    9600.0000000000000000   3.6298681980418367E+05   1.1506113630843707E-02
    9700.0000000000000000   3.6136623649379850E+05   1.1596342745995377E-02
    9800.0000000000000000   3.5984923383737606E+05   1.1683609925133228E-02
    9900.0000000000000000   3.5843035357980820E+05   1.1767987865402276E-02
   10000.0000000000000000   3.5710443723382440E+05   1.1849550355211860E-02
   11000.0000000000000000   3.4804251510627550E+05   1.2525467098360445E-02
   12000.0000000000000000   3.4450383027112490E+05   1.2990634189943159E-02
   13000.0000000000000000   3.4453293612078886E+05   1.3296496927786155E-02
   14000.0000000000000000   3.4697780279196228E+05   1.3482440512219019E-02
   15000.0000000000000000   3.5112086133891105E+05   1.3578157928389322E-02
   16000.0000000000000000   3.5649434366051684E+05   1.3605949147541320E-02
   17000.0000000000000000   3.6278160360732203E+05   1.3582586515130161E-02
   18000.0000000000000000   3.6976140364860999E+05   1.3520736414907921E-02
   19000.0000000000000000   3.7727500215297984E+05   1.3430010672304784E-02
   20000.0000000000000000   3.8520583790628624E+05   1.3317743470934104E-02
   20005.9989999999997963   3.8525448527450336E+05   1.3317017091303696E-02
   20006.0010000000002037   3.8525450149557897E+05   1.3317016849008503E-02
   21000.0000000000000000   3.9346661644873797E+05   1.3189558879557440E-02
   22000.0000000000000000   4.0199082645726972E+05   1.3049790017750400E-02
   23000.0000000000000000   4.1072702723726683E+05   1.2901787848556093E-02
   24000.0000000000000000   4.1963488780568732E+05   1.2748153272574008E-02
   25000.0000000000000000   4.2868242548538884E+05   1.2590908776735774E-02
   26000.0000000000000000   4.3784401059312583E+05   1.2431629122062740E-02
   27000.0000000000000000   4.4709890132147697E+05   1.2271541222884248E-02
   28000.0000000000000000   4.5643018080791511E+05   1.2111599277266379E-02
   29000.0000000000000000   4.6582394231581531E+05   1.1952543517698753E-02
   30000.0000000000000000   4.7526867885670491E+05   1.1794945270440789E-02
   31000.0000000000000000   4.8475480973878788E+05   1.1639242387120345E-02
   32000.0000000000000000   4.9417116598954942E+05   1.1494499636238857E-02
   33000.0000000000000000   5.0362436281913426E+05   1.1354715468991994E-02
   34000.0000000000000000   5.1305735545275506E+05   1.1220161048177546E-02
   35000.0000000000000000   5.2247081616213935E+05   1.1090528572194374E-02
   36000.0000000000000000   5.3242309992019692E+05   1.0927161501343579E-02
   37000.0000000000000000   5.4178435069087928E+05   1.0807776508954885E-02
   38000.0000000000000000   5.5166413836328045E+05   1.0656383744675960E-02
   39000.0000000000000000   5.6097741327598330E+05   1.0546020558966016E-02
   40000.0000000000000000   5.7078958280964266E+05   1.0405240040783760E-02
   41000.0000000000000000   5.8056630224687816E+05   1.0269777010253823E-02
   42000.0000000000000000   5.8980802847151400E+05   1.0171530706915522E-02
   43000.0000000000000000   5.9952400397657207E+05   1.0044959622875087E-02
   44000.0000000000000000   6.0920788321849843E+05   9.9228793532148037E-03
   45000.0000000000000000   6.1886071858923056E+05   9.8050416796852564E-03
   46000.0000000000000000   6.2848351994483091E+05   9.6912167946327944E-03
   47000.0000000000000000   6.3807726145028975E+05   9.5811912958440153E-03
   48000.0000000000000000   6.4764288305148343E+05   9.4747667191722087E-03
   49000.0000000000000000   6.5718128273661784E+05   9.3717586659624041E-03
   50000.0000000000000000   6.6669332758440520E+05   9.2719951199053338E-03
