       0.1000000000000000   1.4989181484376935E+01   1.9422154249847496E-03
       0.2000000000000000   1.3222423567497332E+01   3.7838291352872613E-03
       0.3000000000000000   1.2651635354151438E+01   5.5999416237488995E-03
       0.4000000000000000   1.2448785007213864E+01   7.3215250638676401E-03
       0.5000000000000000   1.2358135056284613E+01   9.0114067445774826E-03
       0.6000000000000000   1.2321387042157447E+01   1.0673370861708003E-02
       0.7000000000000000   1.2315794208752262E+01   1.2310826191610887E-02
       0.7999999999999999   1.2328851281521530E+01   1.3926237022647210E-02
       0.8999999999999999   1.2354737598215408E+01   1.5517366151668880E-02
       0.9999999999999999   1.2388017582372312E+01   1.7091046571549643E-02
       2.0000000000000000   1.2842570934872677E+01   3.1970997880480315E-02
       3.0000000000000000   1.3271698544038328E+01   4.5847373332358332E-02
       4.0000000000000000   1.3621566740913709E+01   5.9200557805038592E-02
       5.0000000000000000   1.3897668764394645E+01   7.2320331304461777E-02
       6.0000000000000000   1.4111107697333376E+01   8.5399940028927632E-02
       7.0000000000000000   1.4272353295263127E+01   9.8570367342764170E-02
       8.0000000000000000   1.4389438778720153E+01   1.1193278560439751E-01
       9.0000000000000000   1.4468833610679861E+01   1.2556867139384975E-01
      10.0000000000000000   1.4515570824691491E+01   1.3954900157527336E-01
      11.0000000000000000   1.4533807391669697E+01   1.5393618801274966E-01
      12.0000000000000000   1.4526901921233399E+01   1.6878789282855763E-01
      13.0000000000000000   1.4497693675097432E+01   1.8415876662836420E-01
      14.0000000000000000   1.4448443604249499E+01   2.0010424367916699E-01
      15.0000000000000000   1.4381087980359275E+01   2.1667981898327593E-01
      16.0000000000000000   1.4297306222440453E+01   2.3394145737502087E-01
      17.0000000000000000   1.4198488786348266E+01   2.5194842077250129E-01
      18.0000000000000000   1.4085876730057674E+01   2.7076232162398939E-01
      19.0000000000000000   1.3960518279660521E+01   2.9044860580359488E-01
      20.0000000000000000   1.3823339422363579E+01   3.1107746280900722E-01
      21.0000000000000000   1.3675144490536168E+01   3.3272442081320280E-01
      22.0000000000000000   1.3516657062543599E+01   3.5547059114911012E-01
      23.0000000000000000   1.3348515527136007E+01   3.7940403757154723E-01
      24.0000000000000000   1.3171281755915455E+01   4.0462095150274152E-01
      25.0000000000000000   1.2985465870432753E+01   4.3122605106544526E-01
      26.0000000000000000   1.2791529788661771E+01   4.5933383520823690E-01
      27.0000000000000000   1.2589895677179337E+01   4.8906966161094184E-01
      28.0000000000000000   1.2380956104082612E+01   5.2057084511273333E-01
      29.0000000000000000   1.2165077625218796E+01   5.5398797443197789E-01
      30.0000000000000000   1.1942614675886162E+01   5.8948598105184569E-01
      31.0000000000000000   1.1713912120860549E+01   6.2724540692227315E-01
      32.0000000000000000   1.1479320839144139E+01   6.6746322271786018E-01
      33.0000000000000000   1.1239200954838283E+01   7.1035380183623087E-01
      34.0000000000000000   1.0993938076357239E+01   7.5614905632299423E-01
      35.0000000000000000   1.0743953636583049E+01   8.0509806719887955E-01
      36.0000000000000000   1.0489719877995906E+01   8.5746561120930986E-01
      37.0000000000000000   1.0231775558302816E+01   9.1352919789100306E-01
      38.0000000000000000   9.9707434061080633E+00   9.7357405339284453E-01
      39.0000000000000000   9.7073474814806833E+00   1.0378854276170790E+00
      40.0000000000000000   9.4424310869325510E+00   1.1067375428333508E+00
      41.0000000000000000   9.1769708232640141E+00   1.1803787302422430E+00
      41.9990000000000023   8.9123500691928097E+00   1.2589312746539880E+00
      42.0000000000000000   8.9120858801681493E+00   1.2590124542579451E+00
      42.0009999999999977   8.9118216929694327E+00   1.2590936389981462E+00
      43.0000000000000000   8.6490378056316501E+00   1.3427747303180784E+00
      44.0000000000000000   8.3892167231930870E+00   1.4317092550522632E+00
      44.9990000000000023   8.1343628104309662E+00   1.5256463925815771E+00
      45.0000000000000000   8.1341105699355474E+00   1.5257429154278381E+00
      45.0009999999999977   8.1338583356933505E+00   1.5258394431753259E+00
      46.0000000000000000   7.8852564077688951E+00   1.6246651802869123E+00
      47.0000000000000000   7.6441749120740212E+00   1.7281157518973254E+00
      48.0000000000000000   7.4122946015710527E+00   1.8355842232720274E+00
      49.0000000000000000   7.1908755477218858E+00   1.9464238631947455E+00
      50.0000000000000000   6.9809438796157179E+00   2.0598789681188658E+00
      51.0000000000000000   6.7832469971906093E+00   2.1751224142721668E+00
      52.0000000000000000   6.5982351444648009E+00   2.2912980429246050E+00
      53.0000000000000000   6.4260691914506625E+00   2.4075620341464972E+00
      54.0000000000000000   6.2666500544759689E+00   2.5231183918529303E+00
      55.0000000000000000   6.1196621017511106E+00   2.6372455718901797E+00
      56.0000000000000000   5.9846227377589587E+00   2.7493133326282049E+00
      57.0000000000000000   5.8609315364576879E+00   2.8587903982383369E+00
      58.0000000000000000   5.7479140418919732E+00   2.9652450681615798E+00
      59.0000000000000000   5.6448586476573137E+00   3.0683401859737796E+00
      60.0000000000000000   5.5510454710523200E+00   3.1678247004964795E+00
      61.0000000000000000   5.4657671616631340E+00   3.2635238279090251E+00
      62.0000000000000000   5.3883437623701234E+00   3.3553282183819624E+00
      63.0000000000000000   5.3181320157302423E+00   3.4431835727079183E+00
      64.0000000000000000   5.2545306367113840E+00   3.5270809555306704E+00
      65.0000000000000000   5.1969826370607741E+00   3.6070481082507233E+00
      66.0000000000000000   5.1449755278514990E+00   3.6831418612139677E+00
      67.0000000000000000   5.0980401112699276E+00   3.7554416380431737E+00
      67.9989999999999952   5.0557884848796562E+00   3.8239771926073662E+00
      68.0000000000000000   5.0557483799813410E+00   3.8240439835558160E+00
      68.0010000000000048   5.0557082793342749E+00   3.8241107709152375E+00
      69.0000000000000000   5.0177108969588380E+00   3.8890580151424667E+00
      70.0000000000000000   4.9835739247569855E+00   3.9506016843669944E+00
      71.0000000000000000   4.9530164879202774E+00   4.0087987373829250E+00
      72.0000000000000000   4.9257474910778489E+00   4.0637762669187625E+00
      73.0000000000000000   4.9015029629185998E+00   4.1156627613867869E+00
      74.0000000000000000   4.8800434731272944E+00   4.1645865667804562E+00
      75.0000000000000000   4.8611517328122220E+00   4.2106746997941658E+00
      76.0000000000000000   4.8446304509892109E+00   4.2540518861906582E+00
      77.0000000000000000   4.8303002790970186E+00   4.2948399344984267E+00
      78.0000000000000000   4.8179980578019537E+00   4.3331571853186057E+00
      79.0000000000000000   4.8075751857658444E+00   4.3691181635224341E+00
      80.0000000000000000   4.7988961648102046E+00   4.4028333383644371E+00
      81.0000000000000000   4.7918372951790538E+00   4.4344089782439777E+00
      82.0000000000000000   4.7862855096680823E+00   4.4639470803171424E+00
      83.0000000000000000   4.7821373281690933E+00   4.4915453586725702E+00
      84.0000000000000000   4.7792979224317929E+00   4.5172972782527223E+00
      85.0000000000000000   4.7776802828533560E+00   4.5412921234384154E+00
      86.0000000000000000   4.7772044707227543E+00   4.5636150930199699E+00
      87.0000000000000000   4.7777969493302592E+00   4.5843474161236744E+00
      88.0000000000000000   4.7793899906239448E+00   4.6035664737018660E+00
      89.0000000000000000   4.7819211312581213E+00   4.6213459458540482E+00
      90.0000000000000000   4.7853326962184628E+00   4.6377559484249868E+00
      91.0000000000000000   4.7895713672690334E+00   4.6528631808718046E+00
      92.0000000000000000   4.7945877948079927E+00   4.6667310733197986E+00
      93.0000000000000000   4.8003362491419104E+00   4.6794199327297461E+00
      94.0000000000000000   4.8067743064890367E+00   4.6909870868786685E+00
      95.0000000000000000   4.8138625658750689E+00   4.7014870251668608E+00
      96.0000000000000000   4.8215643936577450E+00   4.7109715355213497E+00
      97.0000000000000000   4.8298456926602009E+00   4.7194898368719986E+00
      98.0000000000000000   4.8386746929569169E+00   4.7270887068721068E+00
      99.0000000000000000   4.8480217641535459E+00   4.7338126044545454E+00
     100.0000000000000000   4.8578592413965493E+00   4.7397037875576462E+00
     103.9989999999999952   4.9016086871951519E+00   4.7557130319360148E+00
     104.0010000000000048   4.9016321834957219E+00   4.7557182559915443E+00
     110.0000000000000000   4.9782528504962640E+00   4.7607491055259192E+00
     120.0000000000000000   5.1272948404456811E+00   4.7323689462181227E+00
     130.0000000000000000   5.2944214080738847E+00   4.6738260156326330E+00
     140.0000000000000000   5.4734097710062928E+00   4.5971299330856459E+00
     150.0000000000000000   5.6529262965346945E+00   4.5304650826980764E+00
     153.9989999999999952   5.7342050163448839E+00   4.4836922399050492E+00
     154.0010000000000048   5.7342531228831106E+00   4.4836517125873669E+00
     160.0000000000000000   5.8489908455785429E+00   4.4323050800975627E+00
     167.9989999999999952   6.0049455476805864E+00   4.3602856641699406E+00
     168.0010000000000048   6.0049929343586825E+00   4.3602485530835740E+00
     169.9989999999999952   6.0456546613009676E+00   4.3388540992026021E+00
     170.0000000000000000   6.0456783097083591E+00   4.3388357926009782E+00
     170.0010000000000048   6.0457019567552281E+00   4.3388174883481305E+00
     180.0000000000000000   6.2427180942448626E+00   4.2499676997961604E+00
     190.0000000000000000   6.4457105300028372E+00   4.1522494321983459E+00
     200.0000000000000000   6.6480621464259517E+00   4.0604263725466359E+00
     210.0000000000000000   6.8497482025226519E+00   3.9739984703031639E+00
     220.0000000000000000   7.0507600249664266E+00   3.8925109803887006E+00
     230.0000000000000000   7.2510993344611032E+00   3.8155529731427240E+00
     231.9989999999999952   7.2958135889067988E+00   3.7903176690923179E+00
     232.0010000000000048   7.2958582988635792E+00   3.7902926013109877E+00
     233.9989999999999952   7.3357282182535437E+00   3.7757116753654008E+00
     234.0010000000000048   7.3357728555216610E+00   3.7756868794258627E+00
     236.9989999999999952   7.3932270900481312E+00   3.7591482725507972E+00
     237.0010000000000048   7.3932716090825803E+00   3.7591238368248012E+00
     240.0000000000000000   7.4553397373270522E+00   3.7328232099760905E+00
     250.0000000000000000   7.6585542756073517E+00   3.6548950351521348E+00
     260.0000000000000000   7.8607849572175112E+00   3.5813459684828648E+00
     270.0000000000000000   8.0620728428477548E+00   3.5118017013777858E+00
     280.0000000000000000   8.2664832106658324E+00   3.4376610966913299E+00
     290.0000000000000000   8.4658654761456020E+00   3.3755094063033382E+00
     300.0000000000000000   8.6682294909281001E+00   3.3088217073212789E+00
     310.0000000000000000   8.8658678199170620E+00   3.2529050676005937E+00
     320.0000000000000000   9.0663503355313129E+00   3.1925465911364133E+00
     330.0000000000000000   9.2659095919635792E+00   3.1351249116836035E+00
     340.0000000000000000   9.4645819163491343E+00   3.0804214694977210E+00
     350.0000000000000000   9.6624016683545886E+00   3.0282391867249925E+00
     360.0000000000000000   9.8594013297074277E+00   2.9783998913361760E+00
     370.0000000000000000   1.0058875541662740E+01   2.9247606608588419E+00
     380.0000000000000000   1.0254253238435508E+01   2.8793202684907380E+00
     390.0000000000000000   1.0448899196654018E+01   2.8357713094276935E+00
     398.9990000000000236   1.0625619487244650E+01   2.7942586530235665E+00
     399.0009999999999764   1.0625660072410522E+01   2.7942471617385660E+00
     400.0000000000000000   1.0645928519623840E+01   2.7885200009470186E+00
     410.0000000000000000   1.0839118229737945E+01   2.7485558905037308E+00
     415.9990000000000236   1.0957104470874370E+01   2.7211446566442552E+00
     416.0009999999999764   1.0957144769323991E+01   2.7211338844853774E+00
     420.0000000000000000   1.1034638986618981E+01   2.7049637895978118E+00
     430.0000000000000000   1.1229425783358828E+01   2.6631008668997680E+00
     440.0000000000000000   1.1420575680637743E+01   2.6277846239519160E+00
     450.0000000000000000   1.1613991728643311E+01   2.5889555518384317E+00
     460.0000000000000000   1.1806737294153139E+01   2.5515720761043705E+00
     470.0000000000000000   1.1998831280209091E+01   2.5155527015856087E+00
     480.0000000000000000   1.2190292534357951E+01   2.4808208200581610E+00
     490.0000000000000000   1.2378409596007749E+01   2.4516673985171331E+00
     500.0000000000000000   1.2568690235663214E+01   2.4192069804151348E+00
     510.0000000000000000   1.2758388802339248E+01   2.3878418666145009E+00
     510.9989999999999668   1.2777837574767300E+01   2.3839353173975439E+00
     511.0009999999999195   1.2777876505343855E+01   2.3839275105705364E+00
     520.0000000000000000   1.2947520869322176E+01   2.3575153252762893E+00
     530.0000000000000000   1.3138704313931658E+01   2.3241747267057553E+00
     540.0000000000000000   1.3326715831035227E+01   2.2958526558232819E+00
     550.0000000000000000   1.3514203508741570E+01   2.2684185937465569E+00
     560.0000000000000000   1.3701180371172384E+01   2.2418299494526139E+00
     570.0000000000000000   1.3887658984591669E+01   2.2160467727496056E+00
     580.0000000000000000   1.4076128495992906E+01   2.1874047587522982E+00
     590.0000000000000000   1.4261616905099283E+01   2.1631881203988272E+00
     600.0000000000000000   1.4446641466992965E+01   2.1396699613055463E+00
     610.0000000000000000   1.4631212190291871E+01   2.1168204488187849E+00
     620.0000000000000000   1.4817720494965803E+01   2.0912375270575554E+00
     630.0000000000000000   1.5001389485777571E+01   2.0696905146389470E+00
     640.0000000000000000   1.5186973080949997E+01   2.0454791434539352E+00
     650.0000000000000000   1.5369776386933934E+01   2.0251279232959973E+00
     660.0000000000000000   1.5554478980528188E+01   2.0021672545463391E+00
     670.0000000000000000   1.5736449401697248E+01   1.9829180045592409E+00
     680.0000000000000000   1.5920306743562827E+01   1.9611071842055678E+00
     690.0000000000000000   1.6101478361837330E+01   1.9428715521750628E+00
     700.0000000000000000   1.6284521040074225E+01   1.9221241148725752E+00
     710.0000000000000000   1.6464926804544238E+01   1.9048216062618759E+00
     720.0000000000000000   1.6647183283830856E+01   1.8850601709794574E+00
     730.0000000000000000   1.6826854934317410E+01   1.8686173759802522E+00
     740.0000000000000000   1.7008351247640309E+01   1.8497731500773864E+00
     750.0000000000000000   1.7189482102821117E+01   1.8313726587401375E+00
     760.0000000000000000   1.7368080658990667E+01   1.8161329506416046E+00
     770.0000000000000000   1.7548492214260200E+01   1.7985516922159663E+00
     780.0000000000000000   1.7728550931723401E+01   1.7813758394117725E+00
     790.0000000000000000   1.7906137949648471E+01   1.7672073200663632E+00
     800.0000000000000000   1.8085515182257534E+01   1.7507656168955705E+00
     810.0000000000000000   1.8264556999868439E+01   1.7346890358681264E+00
     820.0000000000000000   1.8443260808400915E+01   1.7189747103790824E+00
     830.0000000000000000   1.8619574881529424E+01   1.7060725284945173E+00
     840.0000000000000000   1.8797648673000037E+01   1.6909885865466534E+00
     850.0000000000000000   1.8975405753824425E+01   1.6762265510012568E+00
     860.0000000000000000   1.9152846500644106E+01   1.6617811756017626E+00
     870.0000000000000000   1.9329975955029571E+01   1.6476419543500613E+00
     880.0000000000000000   1.9506804344166088E+01   1.6337927052369148E+00
     890.0000000000000000   1.9681362841199210E+01   1.6224908188278462E+00
     900.0000000000000000   1.9857621694583976E+01   1.6091549527348918E+00
     910.0000000000000000   2.0033589570538805E+01   1.5960872182536872E+00
     920.0000000000000000   2.0209270175447781E+01   1.5832800115005830E+00
     930.0000000000000000   2.0384668139195341E+01   1.5707248692977231E+00
     940.0000000000000000   2.0559789050102538E+01   1.5584124797279333E+00
     950.0000000000000000   2.0734638823979296E+01   1.5463334441438870E+00
     960.0000000000000000   2.0909222428376719E+01   1.5344796577459914E+00
     970.0000000000000000   2.1083543488560235E+01   1.5228446668451843E+00
     980.0000000000000000   2.1257604876609665E+01   1.5114229789531552E+00
     990.0000000000000000   2.1431409367823182E+01   1.5002093363667706E+00
    1000.0000000000000000   2.1604959904193976E+01   1.4891984308217181E+00
    1100.0000000000000000   2.3327176072299025E+01   1.3891241281568727E+00
    1200.0000000000000000   2.5028968405960004E+01   1.3026034152403463E+00
    1300.0000000000000000   2.6712548447230805E+01   1.2267291934048854E+00
    1400.0000000000000000   2.8379756013872996E+01   1.1593665981967958E+00
    1500.0000000000000000   3.0030461563778950E+01   1.1003094130472013E+00
    1600.0000000000000000   3.1667582544503013E+01   1.0468830586176012E+00
    1700.0000000000000000   3.3289333650925975E+01   1.0003730238744319E+00
    1800.0000000000000000   3.4901187838138732E+01   9.5647760030623541E-01
    1843.9990000000000236   3.5605444723950285E+01   9.3934835260758864E-01
    1844.0009999999999764   3.5605476817071704E+01   9.3934749277597251E-01
    1900.0000000000000000   3.6499617914334010E+01   9.1786258246622054E-01
    2000.0000000000000000   3.8088116039228382E+01   8.8196847552919355E-01
    2100.0000000000000000   3.9666209870027124E+01   8.4917986551216162E-01
    2200.0000000000000000   4.1235989149514999E+01   8.1815507342217120E-01
    2300.0000000000000000   4.2794816371034450E+01   7.9063992877783940E-01
    2400.0000000000000000   4.4346373154200393E+01   7.6433499646792702E-01
    2475.9989999999997963   4.5519750122754147E+01   7.4575364181624570E-01
    2476.0010000000002037   4.5519780890899121E+01   7.4575318714144911E-01
    2500.0000000000000000   4.5889337393011019E+01   7.4010769204054361E-01
    2526.9989999999997963   4.6304515994556809E+01   7.3388133017641688E-01
    2527.0010000000002037   4.6304546782853144E+01   7.3388083885292443E-01
    2600.0000000000000000   4.7424449112757777E+01   7.1756903398366090E-01
    2631.9989999999997963   4.7914426383959686E+01   7.1048083994055067E-01
    2632.0010000000002037   4.7914457289589485E+01   7.1048023740385280E-01
    2700.0000000000000000   4.8952092929368547E+01   6.9654033251538183E-01
    2800.0000000000000000   5.0472159337095704E+01   6.7709062382932406E-01
    2871.9989999999997963   5.1563425975092777E+01   6.6326995183101045E-01
    2872.0010000000002037   5.1563456299938423E+01   6.6326954318899822E-01
    2900.0000000000000000   5.1986663115818466E+01   6.5818891047655614E-01
    3000.0000000000000000   5.3493573894863466E+01   6.4099078792938879E-01
    3100.0000000000000000   5.4995739460409482E+01   6.2403845599405650E-01
    3200.0000000000000000   5.6490678533488911E+01   6.0859237907437380E-01
    3300.0000000000000000   5.7980784805641278E+01   5.9358022358142337E-01
    3400.0000000000000000   5.9465086811436763E+01   5.7946545931567117E-01
    3500.0000000000000000   6.0943434343188983E+01   5.6633442189656913E-01
    3600.0000000000000000   6.2416786964589640E+01   5.5379141694284062E-01
    3700.0000000000000000   6.3885956690307573E+01   5.4154130000739009E-01
    3800.0000000000000000   6.5350105299946335E+01   5.2988580859714418E-01
    3900.0000000000000000   6.6808625745286065E+01   5.1920231690313956E-01
    4000.0000000000000000   6.8263322962741071E+01   5.0872689004761895E-01
    4100.0000000000000000   6.9714374952811141E+01   4.9840870494126788E-01
    4200.0000000000000000   7.1160341898276158E+01   4.8881407193784920E-01
    4300.0000000000000000   7.2601635363522576E+01   4.7988808439349384E-01
    4400.0000000000000000   7.4041703978889430E+01   4.7024959282087880E-01
    4500.0000000000000000   7.5474490308133369E+01   4.6225108560334671E-01
    4600.0000000000000000   7.6905539111409013E+01   4.5386125899305718E-01
    4700.0000000000000000   7.8330609003460623E+01   4.4650987439003903E-01
    4800.0000000000000000   7.9754521837831547E+01   4.3866285524906778E-01
    4900.0000000000000000   8.1175061535272164E+01   4.3105293450459403E-01
    5000.0000000000000000   8.2591723487035893E+01   4.2385805062599707E-01
    5100.0000000000000000   8.4004657602299289E+01   4.1704143068967442E-01
    5200.0000000000000000   8.5413943403294127E+01   4.1059053014799407E-01
    5300.0000000000000000   8.6819766711107121E+01   4.0445440518401760E-01
    5400.0000000000000000   8.8221701330021602E+01   3.9876842677430840E-01
    5500.0000000000000000   8.9624051349468488E+01   3.9220907531680804E-01
    5600.0000000000000000   9.1021755059718330E+01   3.8635933230916791E-01
    5700.0000000000000000   9.2414238918475263E+01   3.8134163667485366E-01
    5800.0000000000000000   9.3808037427896906E+01   3.7529373089250728E-01
    5900.0000000000000000   9.5194195617646656E+01   3.7085756259140762E-01
    6000.0000000000000000   9.6582938509339556E+01   3.6507514001032698E-01
    6100.0000000000000000   9.7967807770254538E+01   3.5975332224405671E-01
    6200.0000000000000000   9.9344469029171066E+01   3.5610801680515813E-01
    6300.0000000000000000   1.0072506254175826E+02   3.5083833312427481E-01
    6400.0000000000000000   1.0210141344332102E+02   3.4622327750008774E-01
    6500.0000000000000000   1.0347499644597647E+02   3.4167416717919596E-01
    6600.0000000000000000   1.0484730192096846E+02   3.3710651101769357E-01
    6700.0000000000000000   1.0621565250670274E+02   3.3295802811260305E-01
    6800.0000000000000000   1.0758224198855048E+02   3.2882845124328580E-01
    6900.0000000000000000   1.0894560630441670E+02   3.2506151461783517E-01
    7000.0000000000000000   1.1030661681409735E+02   3.2136962669360042E-01
    7100.0000000000000000   1.1166593822926941E+02   3.1769173961417935E-01
    7200.0000000000000000   1.1302169601817897E+02   3.1442055664801977E-01
    7300.0000000000000000   1.1437528994597197E+02   3.1119280247551417E-01
    7400.0000000000000000   1.1573339412890482E+02   3.0656936563191606E-01
    7500.0000000000000000   1.1708209284792072E+02   3.0364162985887344E-01
    7600.0000000000000000   1.1843007681508442E+02   3.0068926183525646E-01
    7700.0000000000000000   1.1978012667258530E+02   2.9664527300164939E-01
    7800.0000000000000000   1.2112317400651996E+02   2.9391713201161379E-01
    7900.0000000000000000   1.2246450895454196E+02   2.9134855056032755E-01
    8000.0000000000000000   1.2380790495280407E+02   2.8776557487989174E-01
    8100.0000000000000000   1.2514424185210798E+02   2.8538277170072718E-01
    8200.0000000000000000   1.2648490962888800E+02   2.8192290394266412E-01
    8300.0000000000000000   1.2781890533587595E+02   2.7947352229402966E-01
    8400.0000000000000000   1.2915435753852205E+02   2.7623504286954775E-01
    8500.0000000000000000   1.3048791943127486E+02   2.7313123038001974E-01
    8600.0000000000000000   1.3181419507442348E+02   2.7146295064655024E-01
    8700.0000000000000000   1.3314596902886476E+02   2.6834083398580338E-01
    8800.0000000000000000   1.3447512522282051E+02   2.6521525764195225E-01
    8900.0000000000000000   1.3579338482291757E+02   2.6410698178114417E-01
    9000.0000000000000000   1.3712074949605022E+02   2.6081334842355097E-01
    9100.0000000000000000   1.3844254311526720E+02   2.5850331391310349E-01
    9200.0000000000000000   1.3976582685664087E+02   2.5565410834458729E-01
    9300.0000000000000000   1.4108311968718931E+02   2.5376378937393468E-01
    9400.0000000000000000   1.4239658303858030E+02   2.5224734570732299E-01
    9500.0000000000000000   1.4371463333219270E+02   2.4949892242167307E-01
    9600.0000000000000000   1.4502980862868520E+02   2.4712549866992428E-01
    9700.0000000000000000   1.4634239895936065E+02   2.4493519586804982E-01
    9800.0000000000000000   1.4765242765129761E+02   2.4300193446966711E-01
    9900.0000000000000000   1.4896173682398432E+02   2.4097363000266026E-01
   10000.0000000000000000   1.5027005601926226E+02   2.3891128947895168E-01
   11000.0000000000000000   1.6328007549638548E+02   2.1992385985175383E-01
   12000.0000000000000000   1.7615560332240989E+02   2.0480452898713403E-01
   13000.0000000000000000   1.8891755669979375E+02   1.9159159833914843E-01
   14000.0000000000000000   2.0157955636736818E+02   1.7954438404915643E-01
   15000.0000000000000000   2.1413991625701601E+02   1.6948260726733161E-01
   16000.0000000000000000   2.2661870171111332E+02   1.6063042122733354E-01
   17000.0000000000000000   2.3900921719555632E+02   1.5254228980128162E-01
   18000.0000000000000000   2.5132416741991742E+02   1.4608797010838287E-01
   19000.0000000000000000   2.6357995162468524E+02   1.3845144934043155E-01
   20000.0000000000000000   2.7576394240889761E+02   1.3266306632985736E-01
   20005.9989999999997963   2.7583829540114232E+02   1.3246485517856513E-01
   20006.0010000000002037   2.7583832012987966E+02   1.3246480088735579E-01
   21000.0000000000000000   2.8787562070000416E+02   1.2826987240445659E-01
   22000.0000000000000000   2.9994613095183740E+02   1.2210386325583496E-01
   23000.0000000000000000   3.1194059738586174E+02   1.1731802979162177E-01
   24000.0000000000000000   3.2390072343304558E+02   1.1336001396112737E-01
   25000.0000000000000000   3.3579913334272345E+02   1.1027255376336956E-01
   26000.0000000000000000   3.4765697182978943E+02   1.0666784287913438E-01
   27000.0000000000000000   3.5947120518951129E+02   1.0240753904841894E-01
   28000.0000000000000000   3.7121582426240820E+02   9.9734373579324867E-02
   29000.0000000000000000   3.8295008136798492E+02   9.7264133581895562E-02
   30000.0000000000000000   3.9463388395601839E+02   9.3391345004522189E-02
   31000.0000000000000000   4.0629952192596039E+02   9.0892634463298941E-02
   32000.0000000000000000   4.1789043462887906E+02   8.8486181159813118E-02
   33000.0000000000000000   4.2943283198698487E+02   8.7347399560096184E-02
   34000.0000000000000000   4.4096829301279644E+02   8.5155957724661072E-02
   35000.0000000000000000   4.5249378637701244E+02   8.1735299909475478E-02
   36000.0000000000000000   4.6396311849930191E+02   8.0800136563197622E-02
   37000.0000000000000000   4.7543101632591367E+02   7.9235526870471210E-02
   38000.0000000000000000   4.8686288754779707E+02   7.6001911519053930E-02
   39000.0000000000000000   4.9820569724440281E+02   7.4383912989180526E-02
   40000.0000000000000000   5.0961788787235650E+02   7.2555499726706996E-02
   41000.0000000000000000   5.2090855235302934E+02   7.0838617590499989E-02
   42000.0000000000000000   5.3223760169893683E+02   7.0275136785837258E-02
   43000.0000000000000000   5.4346992884011593E+02   6.8167715928185602E-02
   44000.0000000000000000   5.5477364741099666E+02   6.6560240189539904E-02
   45000.0000000000000000   5.6600877538560292E+02   6.5698953561085585E-02
   46000.0000000000000000   5.7716461263880080E+02   6.4345000384279399E-02
   47000.0000000000000000   5.8831883681525744E+02   6.3943254715659578E-02
   48000.0000000000000000   5.9951992224560604E+02   6.2211738739788469E-02
   49000.0000000000000000   6.1066164509030807E+02   6.1710949645748393E-02
   50000.0000000000000000   6.2180777826602036E+02   5.9782732567970412E-02
