       0.1000000000000000   2.1027458577969887E+03   1.6497346568376063E-05
       0.2000000000000000   1.0909355669852771E+03   5.9240684098084728E-05
       0.3000000000000000   7.3973053530302809E+02   1.2868716015399493E-04
       0.4000000000000000   5.6760504851421831E+02   2.2064784215253022E-04
       0.5000000000000000   4.6271232412707332E+02   3.3563607729990259E-04
       0.6000000000000000   3.9200457718715131E+02   4.7278815219333419E-04
       0.7000000000000000   3.4104776710956958E+02   6.3142685518659074E-04
       0.7999999999999999   3.0254561988374502E+02   8.1088788275361710E-04
       0.8999999999999999   2.7248022838903881E+02   1.0102326758671734E-03
       0.9999999999999999   2.4826662385343025E+02   1.2292490004024159E-03
       2.0000000000000000   1.3748754989303205E+02   4.3791522395158705E-03
       3.0000000000000000   9.9272686419422442E+01   9.0182023257904340E-03
       4.0000000000000000   7.9558742388203996E+01   1.4898471091710915E-02
       5.0000000000000000   6.7355513844311659E+01   2.1864275255974303E-02
       6.0000000000000000   5.8960831856518226E+01   2.9814549343960869E-02
       7.0000000000000000   5.2776922979174955E+01   3.8678306608157825E-02
       8.0000000000000000   4.7995159405263543E+01   4.8407568485263425E-02
       9.0000000000000000   4.4161604980261338E+01   5.8970556934419167E-02
      10.0000000000000000   4.1000470806068435E+01   7.0348892268965499E-02
      11.0000000000000000   3.8334749454776428E+01   8.2534181302779411E-02
      12.0000000000000000   3.6045113379120878E+01   9.5526102936621782E-02
      13.0000000000000000   3.4048252470582682E+01   1.0933195730329080E-01
      14.0000000000000000   3.2283697013264280E+01   1.2396672526212316E-01
      15.0000000000000000   3.0706744989688524E+01   1.3945198368295089E-01
      16.0000000000000000   2.9283637336859545E+01   1.5581498630111915E-01
      17.0000000000000000   2.7988175339349944E+01   1.7309003570273562E-01
      18.0000000000000000   2.6799868401117664E+01   1.9131740933254784E-01
      19.0000000000000000   2.5702372202020179E+01   2.1054395832929423E-01
      20.0000000000000000   2.4682482627604546E+01   2.3082366233381096E-01
      21.0000000000000000   2.3729415332324280E+01   2.5221784010057313E-01
      22.0000000000000000   2.2834307878339750E+01   2.7479523201272055E-01
      23.0000000000000000   2.1989774927037164E+01   2.9863297744945960E-01
      24.0000000000000000   2.1189608137046186E+01   3.2381762333715025E-01
      25.0000000000000000   2.0428573068546349E+01   3.5044539583170031E-01
      26.0000000000000000   1.9702220875111198E+01   3.7862328532331213E-01
      27.0000000000000000   1.9006752962463295E+01   4.0847001258664839E-01
      28.0000000000000000   1.8338916016883111E+01   4.4011703369516930E-01
      29.0000000000000000   1.7695912150689725E+01   4.7370974017034179E-01
      30.0000000000000000   1.7075339384971620E+01   5.0940849255566722E-01
      31.0000000000000000   1.6475134729894346E+01   5.4738979373223429E-01
      32.0000000000000000   1.5893540617342682E+01   5.8784709099826982E-01
      33.0000000000000000   1.5329067825585360E+01   6.3099167300848935E-01
      34.0000000000000000   1.4780478256711982E+01   6.7705279815464503E-01
      35.0000000000000000   1.4246768419693794E+01   7.2627728826119120E-01
      36.0000000000000000   1.3727160841629795E+01   7.7892804309432295E-01
      37.0000000000000000   1.3221099933178218E+01   8.3528106498096844E-01
      38.0000000000000000   1.2728251769975850E+01   8.9562043868255914E-01
      39.0000000000000000   1.2248505845779855E+01   9.6023063621983051E-01
      40.0000000000000000   1.1781977401704685E+01   1.0293854723543963E+00
      41.0000000000000000   1.1329005733471158E+01   1.1033332338922035E+00
      41.9990000000000023   1.0890578365529549E+01   1.1821962086200035E+00
      42.0000000000000000   1.0890146791761303E+01   1.1822777012430936E+00
      42.0009999999999977   1.0889715232845676E+01   1.1823591990072309E+00
      43.0000000000000000   1.0466154282733473E+01   1.2663555483491440E+00
      44.0000000000000000   1.0057945693230851E+01   1.3556114336488880E+00
      44.9990000000000023   9.6669320328578685E+00   1.4498765893201688E+00
      45.0000000000000000   9.6665493907425368E+00   1.4499734444513894E+00
      45.0009999999999977   9.6661667665119033E+00   1.4500703044921777E+00
      46.0000000000000000   9.2930341189805503E+00   1.5492324028074000E+00
      47.0000000000000000   8.9384236034006506E+00   1.6530294030883446E+00
      48.0000000000000000   8.6036056838994917E+00   1.7608553441576664E+00
      49.0000000000000000   8.2892480028683497E+00   1.8720645890980212E+00
      50.0000000000000000   7.9957330845959049E+00   1.9859022124501688E+00
      51.0000000000000000   7.7231223613991320E+00   2.1015414804994959E+00
      52.0000000000000000   7.4711529731157134E+00   2.2181262100714632E+00
      53.0000000000000000   7.2392643385636335E+00   2.3348121568090172E+00
      54.0000000000000000   7.0266466543390056E+00   2.4508025497581842E+00
      55.0000000000000000   6.8323011900391242E+00   2.5653747909018412E+00
      56.0000000000000000   6.6551029402624549E+00   2.6778973878946402E+00
      57.0000000000000000   6.4938585175463901E+00   2.7878376952138746E+00
      58.0000000000000000   6.3473544637184114E+00   2.8947625942660746E+00
      59.0000000000000000   6.2143953228581656E+00   2.9983335194495933E+00
      60.0000000000000000   6.0938311236269707E+00   3.0982980634914550E+00
      61.0000000000000000   5.9845750228521064E+00   3.1944801677652777E+00
      62.0000000000000000   5.8856140818816165E+00   3.2867693088500269E+00
      63.0000000000000000   5.7960139815387519E+00   3.3751101247842188E+00
      64.0000000000000000   5.7149196690322182E+00   3.4594927308253958E+00
      65.0000000000000000   5.6415532037871214E+00   3.5399440306062702E+00
      66.0000000000000000   5.5752098171890845E+00   3.6165201230118167E+00
      67.0000000000000000   5.5152529510031130E+00   3.6892997992376699E+00
      67.9989999999999952   5.4611602325052653E+00   3.7583117961988721E+00
      68.0000000000000000   5.4611088154042724E+00   3.7583790624162052E+00
      68.0010000000000048   5.4610574035950954E+00   3.7584463250410591E+00
      69.0000000000000000   5.4122608341974541E+00   3.8238665701502366E+00
      70.0000000000000000   5.3682442221868980E+00   3.8858798876252738E+00
      71.0000000000000000   5.3286408358563468E+00   3.9445424394578730E+00
      72.0000000000000000   5.2930743876614157E+00   3.9999810540479985E+00
      73.0000000000000000   5.2612060557902849E+00   4.0523240054954988E+00
      74.0000000000000000   5.2327305000135764E+00   4.1016994690182260E+00
      75.0000000000000000   5.2073722609316961E+00   4.1482343281822356E+00
      76.0000000000000000   5.1848825926389370E+00   4.1920532084446123E+00
      77.0000000000000000   5.1650365208834019E+00   4.2332778457835110E+00
      78.0000000000000000   5.1476303388715907E+00   4.2720265323505000E+00
      79.0000000000000000   5.1324793270522804E+00   4.3084137650824941E+00
      80.0000000000000000   5.1194157411915882E+00   4.3425500027679380E+00
      81.0000000000000000   5.1082870285376210E+00   4.3745415181614762E+00
      82.0000000000000000   5.0989542465546807E+00   4.4044903252870347E+00
      83.0000000000000000   5.0912906614159743E+00   4.4324941656967694E+00
      84.0000000000000000   5.0851805037680453E+00   4.4586465405800251E+00
      85.0000000000000000   5.0805178656755796E+00   4.4830367779414928E+00
      86.0000000000000000   5.0772057200970391E+00   4.5057501262845818E+00
      87.0000000000000000   5.0751550473228928E+00   4.5268678694432332E+00
      88.0000000000000000   5.0742840668986693E+00   4.5464674471587028E+00
      89.0000000000000000   5.0745175344633964E+00   4.5646226015734310E+00
      90.0000000000000000   5.0757861325414000E+00   4.5814035131365038E+00
      91.0000000000000000   5.0780259176589899E+00   4.5968769479019276E+00
      92.0000000000000000   5.0811778272691921E+00   4.6111064040746994E+00
      93.0000000000000000   5.0851872381533374E+00   4.6241522577497074E+00
      94.0000000000000000   5.0900035703321613E+00   4.6360719065277083E+00
      95.0000000000000000   5.0955799313098469E+00   4.6469199100123486E+00
      96.0000000000000000   5.1018727961126684E+00   4.6567481264507835E+00
      97.0000000000000000   5.1088417191262367E+00   4.6656058449874909E+00
      98.0000000000000000   5.1164490740547821E+00   4.6735399131798037E+00
      99.0000000000000000   5.1246598199128757E+00   4.6805948594678934E+00
     100.0000000000000000   5.1334412877904887E+00   4.6868130106612647E+00
     103.9989999999999952   5.1736827729573305E+00   4.7040903636102618E+00
     104.0010000000000048   5.1737047748449863E+00   4.7040962065351621E+00
     110.0000000000000000   5.2468183421913119E+00   4.7109181452829487E+00
     120.0000000000000000   5.3933497336320704E+00   4.6852587406887380E+00
     130.0000000000000000   5.5607522508581093E+00   4.6291501584215897E+00
     140.0000000000000000   5.7418387163991760E+00   4.5546451294387316E+00
     150.0000000000000000   5.9243303443023114E+00   4.4897913531248141E+00
     153.9989999999999952   6.0078536456642047E+00   4.4436869020147309E+00
     154.0010000000000048   6.0079036144940696E+00   4.4436467028395041E+00
     160.0000000000000000   6.1253923573983773E+00   4.3932579789416346E+00
     167.9989999999999952   6.2854531471241168E+00   4.3224389102604706E+00
     168.0010000000000048   6.2855023825908996E+00   4.3224020889837034E+00
     169.9989999999999952   6.3273768679226912E+00   4.3012946914011518E+00
     170.0000000000000000   6.3274014398706626E+00   4.3012765272499101E+00
     170.0010000000000048   6.3274260103298650E+00   4.3012583654462411E+00
     180.0000000000000000   6.5300218108300347E+00   4.2137748961291450E+00
     190.0000000000000000   6.7393444503209450E+00   4.1173163514178013E+00
     200.0000000000000000   6.9481273102839207E+00   4.0266586503126751E+00
     210.0000000000000000   7.1563267430906778E+00   3.9413122695233755E+00
     220.0000000000000000   7.3639194373757162E+00   3.8608314727665611E+00
     230.0000000000000000   7.5708956040656110E+00   3.7848130831533937E+00
     231.9989999999999952   7.6173699003057012E+00   3.7597581705401590E+00
     232.0010000000000048   7.6174163704568247E+00   3.7597332820504668E+00
     233.9989999999999952   7.6586148016893372E+00   3.7453302963003425E+00
     234.0010000000000048   7.6586611962002697E+00   3.7453056773138163E+00
     236.9989999999999952   7.7179037661125065E+00   3.7290297467551055E+00
     237.0010000000000048   7.7179500371798886E+00   3.7290054845622129E+00
     240.0000000000000000   7.7822286523198310E+00   3.7029625695672292E+00
     250.0000000000000000   7.9925371510045196E+00   3.6258591086228900E+00
     260.0000000000000000   8.2018605355366407E+00   3.5530853156313436E+00
     270.0000000000000000   8.4102379370698301E+00   3.4842713536836860E+00
     280.0000000000000000   8.6220868929499250E+00   3.4108200264257094E+00
     290.0000000000000000   8.8285348326590469E+00   3.3493200724873913E+00
     300.0000000000000000   9.0382904605332577E+00   3.2832496655802395E+00
     310.0000000000000000   9.2429695744397531E+00   3.2279186334161483E+00
     320.0000000000000000   9.4507979794367589E+00   3.1681165479652798E+00
     330.0000000000000000   9.6576771390681699E+00   3.1112242569372821E+00
     340.0000000000000000   9.8636441313851382E+00   3.0570251926304817E+00
     350.0000000000000000   1.0068734079844011E+01   3.0053240746684282E+00
     360.0000000000000000   1.0272980230731122E+01   2.9559443573184758E+00
     370.0000000000000000   1.0479956921635004E+01   2.9027445933038196E+00
     380.0000000000000000   1.0682529143168479E+01   2.8577248972250953E+00
     390.0000000000000000   1.0884348302422424E+01   2.8145790868583136E+00
     398.9990000000000236   1.1067689763056682E+01   2.7734151480449314E+00
     399.0009999999999764   1.1067731934384845E+01   2.7734037328390468E+00
     400.0000000000000000   1.1088792520413111E+01   2.7677144962334959E+00
     410.0000000000000000   1.1289108452280502E+01   2.7281216950508194E+00
     415.9990000000000236   1.1411564382487560E+01   2.7009262083860208E+00
     416.0009999999999764   1.1411606254719311E+01   2.7009155073079842E+00
     420.0000000000000000   1.1491989050366946E+01   2.6848864324343267E+00
     430.0000000000000000   1.1694107897451929E+01   2.6433667387243664E+00
     440.0000000000000000   1.1892316184544521E+01   2.6083809087942602E+00
     450.0000000000000000   1.2093014128050624E+01   2.5698701654336964E+00
     460.0000000000000000   1.2293016106664037E+01   2.5327936101990214E+00
     470.0000000000000000   1.2492341715864145E+01   2.4970703734989241E+00
     480.0000000000000000   1.2691010536586081E+01   2.4626244269110931E+00
     490.0000000000000000   1.2886083308801872E+01   2.4337472756171961E+00
     500.0000000000000000   1.3083528422696810E+01   2.4015539633488157E+00
     510.0000000000000000   1.3280369338367366E+01   2.3704472566556936E+00
     510.9989999999999668   1.3300574628103449E+01   2.3665660613521018E+00
     511.0009999999999195   1.3300615072985073E+01   2.3665583052012553E+00
     520.0000000000000000   1.3476622240171924E+01   2.3403708577660942E+00
     530.0000000000000000   1.3675122452882633E+01   2.3072725421006033E+00
     540.0000000000000000   1.3870210637435841E+01   2.2791852731437126E+00
     550.0000000000000000   1.4064755156211278E+01   2.2519788861902987E+00
     560.0000000000000000   1.4258769545087782E+01   2.2256111219618009E+00
     570.0000000000000000   1.4452266868101031E+01   2.2000423413462720E+00
     580.0000000000000000   1.4647942072192746E+01   2.1716085314759797E+00
     590.0000000000000000   1.4840410338276396E+01   2.1475941796986562E+00
     600.0000000000000000   1.5032397300520355E+01   2.1242726477546232E+00
     610.0000000000000000   1.5223913335637759E+01   2.1016143460326604E+00
     620.0000000000000000   1.5417546935846334E+01   2.0762174477106576E+00
     630.0000000000000000   1.5608126076013217E+01   2.0548514874837074E+00
     640.0000000000000000   1.5800796778788831E+01   2.0308164012571956E+00
     650.0000000000000000   1.5990476446196663E+01   2.0106368916150017E+00
     660.0000000000000000   1.6182230048797067E+01   1.9878435412750366E+00
     670.0000000000000000   1.6371044263914381E+01   1.9687573901816220E+00
     680.0000000000000000   1.6561918053351285E+01   1.9471056126989907E+00
     690.0000000000000000   1.6749902326139207E+01   1.9290251225120487E+00
     700.0000000000000000   1.6939928097714866E+01   1.9084290730738096E+00
     710.0000000000000000   1.7127116803263672E+01   1.8912743379580208E+00
     720.0000000000000000   1.7316324140520031E+01   1.8716571944426370E+00
     730.0000000000000000   1.7502750427371399E+01   1.8553553355899575E+00
     740.0000000000000000   1.7691166360684324E+01   1.8366488101884670E+00
     750.0000000000000000   1.7879201963150770E+01   1.8183828979231764E+00
     760.0000000000000000   1.8064512869119525E+01   1.8032747562688405E+00
     770.0000000000000000   1.8251799711279865E+01   1.7858221553678628E+00
     780.0000000000000000   1.8438719131634105E+01   1.7687721500816038E+00
     790.0000000000000000   1.8622978980309345E+01   1.7547267626419736E+00
     800.0000000000000000   1.8809189120562653E+01   1.7384055658991340E+00
     810.0000000000000000   1.8995050007876056E+01   1.7224469519363048E+00
     820.0000000000000000   1.9180558625078792E+01   1.7068481364673518E+00
     830.0000000000000000   1.9363495808259611E+01   1.6940590862907579E+00
     840.0000000000000000   1.9548349103336189E+01   1.6790859730801313E+00
     850.0000000000000000   1.9732872561932155E+01   1.6644325354343259E+00
     860.0000000000000000   1.9917066403083041E+01   1.6500935961924801E+00
     870.0000000000000000   2.0100935895914638E+01   1.6360587155748181E+00
     880.0000000000000000   2.0284491921626103E+01   1.6223117750630256E+00
     890.0000000000000000   2.0465605441737278E+01   1.6111102261267021E+00
     900.0000000000000000   2.0648569326710831E+01   1.5978727848270384E+00
     910.0000000000000000   2.0831230142933695E+01   1.5849016185777598E+00
     920.0000000000000000   2.1013591737836641E+01   1.5721891773986263E+00
     930.0000000000000000   2.1195658961310201E+01   1.5597270499099227E+00
     940.0000000000000000   2.1377437703171534E+01   1.5475059739903088E+00
     950.0000000000000000   2.1558934210760036E+01   1.5355165988829034E+00
     960.0000000000000000   2.1740153709595113E+01   1.5237508658644647E+00
     970.0000000000000000   2.1921099977436640E+01   1.5122023655942627E+00
     980.0000000000000000   2.2101775981174793E+01   1.5008656482854639E+00
     990.0000000000000000   2.2282184586369386E+01   1.4897354973661552E+00
    1000.0000000000000000   2.2462328841943954E+01   1.4788066442053320E+00
    1100.0000000000000000   2.4249938562923731E+01   1.3794814795113732E+00
    1200.0000000000000000   2.6016361800335780E+01   1.2936006712463772E+00
    1300.0000000000000000   2.7763895426487760E+01   1.2182800151533884E+00
    1400.0000000000000000   2.9494450968271874E+01   1.1514014786175781E+00
    1500.0000000000000000   3.1207825426300968E+01   1.0927715115737349E+00
    1600.0000000000000000   3.2907116425639188E+01   1.0397252591284356E+00
    1700.0000000000000000   3.4590350706909085E+01   9.9355580658662812E-01
    1800.0000000000000000   3.6263398275442725E+01   9.4996747019701511E-01
    1843.9990000000000236   3.6994334879418886E+01   9.3296400983036099E-01
    1844.0009999999999764   3.6994368193698101E+01   9.3296315559614484E-01
    1900.0000000000000000   3.7922416620517168E+01   9.1163088735938347E-01
    2000.0000000000000000   3.9571145656118048E+01   8.7599050278258739E-01
    2100.0000000000000000   4.1209048754231482E+01   8.4343414163357178E-01
    2200.0000000000000000   4.2838357602735663E+01   8.1262281397035374E-01
    2300.0000000000000000   4.4456204441821349E+01   7.8530460123713919E-01
    2400.0000000000000000   4.6066543360665904E+01   7.5918196920345737E-01
    2475.9989999999997963   4.7284351118393516E+01   7.4073037892887550E-01
    2476.0010000000002037   4.7284383049410707E+01   7.4072992757569245E-01
    2500.0000000000000000   4.7667930245472988E+01   7.3512394965299332E-01
    2526.9989999999997963   4.8098823963720235E+01   7.2894124592087950E-01
    2527.0010000000002037   4.8098855919576884E+01   7.2894075780068968E-01
    2600.0000000000000000   4.9261147946967931E+01   7.1274294445982345E-01
    2631.9989999999997963   4.9769682083147138E+01   7.0570294044104154E-01
    2632.0010000000002037   4.9769714171721169E+01   7.0570234088368633E-01
    2700.0000000000000000   5.0846597131785494E+01   6.9186145519973707E-01
    2800.0000000000000000   5.2424146569367480E+01   6.7254954987284332E-01
    2871.9989999999997963   5.3556714324109606E+01   6.5882277798624733E-01
    2872.0010000000002037   5.3556745798979676E+01   6.5882237189419113E-01
    2900.0000000000000000   5.3995957835221589E+01   6.5377712935081445E-01
    3000.0000000000000000   5.5559829408320354E+01   6.3670057502967714E-01
    3100.0000000000000000   5.7118823104554735E+01   6.1986277743371232E-01
    3200.0000000000000000   5.8670252788386399E+01   6.0452481059125451E-01
    3300.0000000000000000   6.0216691670541472E+01   5.8961488110469296E-01
    3400.0000000000000000   6.1757083631410090E+01   5.7559693922604427E-01
    3500.0000000000000000   6.3291259038190638E+01   5.6255774939116454E-01
    3600.0000000000000000   6.4820245681889446E+01   5.5010200121274333E-01
    3700.0000000000000000   6.6344912556323720E+01   5.3793489517102266E-01
    3800.0000000000000000   6.7864349318379425E+01   5.2635847951977111E-01
    3900.0000000000000000   6.9377895427895581E+01   5.1575040918298176E-01
    4000.0000000000000000   7.0887491772037563E+01   5.0534700357019857E-01
    4100.0000000000000000   7.2393324963634157E+01   4.9509767050192072E-01
    4200.0000000000000000   7.3893837406456640E+01   4.8556893051255645E-01
    4300.0000000000000000   7.5389468247797183E+01   4.7670606870399057E-01
    4400.0000000000000000   7.6883931545853642E+01   4.6712811089423184E-01
    4500.0000000000000000   7.8370691601734819E+01   4.5918770607110582E-01
    4600.0000000000000000   7.9855722992691412E+01   4.5085369791245500E-01
    4700.0000000000000000   8.1334448814831006E+01   4.4355598340091701E-01
    4800.0000000000000000   8.2812064252013755E+01   4.3576061090640522E-01
    4900.0000000000000000   8.4286176465939761E+01   4.2820042864854563E-01
    5000.0000000000000000   8.5756238127164451E+01   4.2105348166999440E-01
    5100.0000000000000000   8.7222407726057085E+01   4.1428309572294414E-01
    5200.0000000000000000   8.8684768002879892E+01   4.0787681776230517E-01
    5300.0000000000000000   9.0143516419712185E+01   4.0178378894595385E-01
    5400.0000000000000000   9.1598190788904361E+01   3.9613945927420197E-01
    5500.0000000000000000   9.3053428279762059E+01   3.8962038273392752E-01
    5600.0000000000000000   9.4503769770862576E+01   3.8380960944004250E-01
    5700.0000000000000000   9.5948594672702413E+01   3.7882964237789801E-01
    5800.0000000000000000   9.7394944540481490E+01   3.7281828390758315E-01
    5900.0000000000000000   9.8833164189147482E+01   3.6841753769768243E-01
    6000.0000000000000000   1.0027427325122402E+02   3.6266946448991810E-01
    6100.0000000000000000   1.0171130805450359E+02   3.5738097262255991E-01
    6200.0000000000000000   1.0313959478928140E+02   3.5376801584329959E-01
    6300.0000000000000000   1.0457221715229471E+02   3.4852974703769712E-01
    6400.0000000000000000   1.0600036183576400E+02   3.4394521338670148E-01
    6500.0000000000000000   1.0742561659300969E+02   3.3942577063567958E-01
    6600.0000000000000000   1.0884958602774678E+02   3.3488696392859973E-01
    6700.0000000000000000   1.1026938278784448E+02   3.3076654659720178E-01
    6800.0000000000000000   1.1168736972509923E+02   3.2666428374676376E-01
    6900.0000000000000000   1.1310196734435510E+02   3.2292394013476561E-01
    7000.0000000000000000   1.1451411327308971E+02   3.1925795311278132E-01
    7100.0000000000000000   1.1592452242706773E+02   3.1560530217496791E-01
    7200.0000000000000000   1.1733117315501434E+02   3.1235871649921904E-01
    7300.0000000000000000   1.1873557266624643E+02   3.0915494532870180E-01
    7400.0000000000000000   1.2014491223222029E+02   3.0455490050184519E-01
    7500.0000000000000000   1.2154419369113307E+02   3.0164998788423397E-01
    7600.0000000000000000   1.2294278172210970E+02   2.9871989517369463E-01
    7700.0000000000000000   1.2434367161104642E+02   2.9469765379347035E-01
    7800.0000000000000000   1.2573708956782708E+02   2.9199075140708031E-01
    7900.0000000000000000   1.2712873541605262E+02   2.8944291780590253E-01
    8000.0000000000000000   1.2852267432904429E+02   2.8588021645916784E-01
    8100.0000000000000000   1.2990907720707580E+02   2.8351723052613920E-01
    8200.0000000000000000   1.3130021688657430E+02   2.8007673859440613E-01
    8300.0000000000000000   1.3268423560299809E+02   2.7764630630288856E-01
    8400.0000000000000000   1.3406989159319807E+02   2.7442636404063170E-01
    8500.0000000000000000   1.3545357741034184E+02   2.7134069015459611E-01
    8600.0000000000000000   1.3682947774262865E+02   2.6969016349943620E-01
    8700.0000000000000000   1.3821136765327239E+02   2.6658542685594211E-01
    8800.0000000000000000   1.3959050075904335E+02   2.6347686939399390E-01
    8900.0000000000000000   1.4095795565236529E+02   2.6238526269601858E-01
    9000.0000000000000000   1.4233528363022793E+02   2.5910795971616868E-01
    9100.0000000000000000   1.4370667011104555E+02   2.5681392727545799E-01
    9200.0000000000000000   1.4507972270414618E+02   2.5398040551266382E-01
    9300.0000000000000000   1.4644637990267788E+02   2.5210546171694403E-01
    9400.0000000000000000   1.4780896993599711E+02   2.5060409383788496E-01
    9500.0000000000000000   1.4917656042527094E+02   2.4787045582567435E-01
    9600.0000000000000000   1.5054111063180673E+02   2.4551153535486545E-01
    9700.0000000000000000   1.5190293236357732E+02   2.4333546202877712E-01
    9800.0000000000000000   1.5326205008197479E+02   2.4141616417046191E-01
    9900.0000000000000000   1.5462044786472359E+02   2.3940156487473227E-01
   10000.0000000000000000   1.5597783362683290E+02   2.3735267843244040E-01
   11000.0000000000000000   1.6947571893463865E+02   2.1848740034154507E-01
   12000.0000000000000000   1.8283352058757271E+02   2.0347142218457226E-01
   13000.0000000000000000   1.9607329595416175E+02   1.9034715282044154E-01
   14000.0000000000000000   2.0920932144007625E+02   1.7837688997622483E-01
   15000.0000000000000000   2.2223944818861807E+02   1.6838257352437475E-01
   16000.0000000000000000   2.3518500509624252E+02   1.5959004313937147E-01
   17000.0000000000000000   2.4803853646999639E+02   1.5155506828609325E-01
   18000.0000000000000000   2.6081351340585377E+02   1.4514843316837100E-01
   19000.0000000000000000   2.7352741027658635E+02   1.3755494446176161E-01
   20000.0000000000000000   2.8616646348121361E+02   1.3180560309840697E-01
   20005.9989999999997963   2.8624365048770068E+02   1.3160761526035639E-01
   20006.0010000000002037   2.8624367615668507E+02   1.3160756104357677E-01
   21000.0000000000000000   2.9872996855107124E+02   1.2744800138250309E-01
   22000.0000000000000000   3.1125133209562944E+02   1.2131458149950443E-01
   23000.0000000000000000   3.2369288166028895E+02   1.1655870624815402E-01
   24000.0000000000000000   3.3609941657006948E+02   1.1262832991069170E-01
   25000.0000000000000000   3.4844136290132855E+02   1.0956645479234178E-01
   26000.0000000000000000   3.6074139986363269E+02   1.0598549979546741E-01
   27000.0000000000000000   3.7299618011997143E+02   1.0174731580540664E-01
   28000.0000000000000000   3.8517762712386559E+02   9.9094800746224759E-02
   29000.0000000000000000   3.9734946656572146E+02   9.6643886244474619E-02
   30000.0000000000000000   4.0946847002646734E+02   9.2789224233167350E-02
   31000.0000000000000000   4.2156934237993335E+02   9.0307551676559059E-02
   32000.0000000000000000   4.3359113756253186E+02   8.7917144854877130E-02
   33000.0000000000000000   4.4556202346429853E+02   8.6793503991238988E-02
   34000.0000000000000000   4.5752671402035594E+02   8.4616373194966468E-02
   35000.0000000000000000   4.6948190044859280E+02   8.1209264406549547E-02
   36000.0000000000000000   4.8137781399325706E+02   8.0286948520753534E-02
   37000.0000000000000000   4.9327332868247555E+02   7.8734538877989035E-02
   38000.0000000000000000   5.0513116995399020E+02   7.5512524833727154E-02
   39000.0000000000000000   5.1689421514336118E+02   7.3905572729935309E-02
   40000.0000000000000000   5.2873298516383977E+02   7.2087690650640829E-02
   41000.0000000000000000   5.4044195172265415E+02   7.0380860368714659E-02
   42000.0000000000000000   5.5219321686552269E+02   6.9826984709169246E-02
   43000.0000000000000000   5.6384132423875292E+02   6.7728751984394944E-02
   44000.0000000000000000   5.7556720204495787E+02   6.6130074462607130E-02
   45000.0000000000000000   5.8722015210468373E+02   6.5277220910769831E-02
   46000.0000000000000000   5.9878863557469947E+02   6.3931358370320060E-02
   47000.0000000000000000   6.1035623881477920E+02   6.3537381736186879E-02
   48000.0000000000000000   6.2197511284837731E+02   6.1813332357849998E-02
   49000.0000000000000000   6.3353090630739882E+02   6.1319725081501596E-02
   50000.0000000000000000   6.4509223919529438E+02   5.9398421337168231E-02
