       0.1000000000000000   1.4684350938805913E+01   1.9825058559748638E-03
       0.2000000000000000   1.2954188634883225E+01   3.8620381202868676E-03
       0.3000000000000000   1.2395618556747362E+01   5.7152546612144195E-03
       0.4000000000000000   1.2197485412843314E+01   7.4717314362283049E-03
       0.5000000000000000   1.2109269567711074E+01   9.1955971778852359E-03
       0.6000000000000000   1.2073860332625809E+01   1.0890722039101667E-02
       0.7000000000000000   1.2068975708505642E+01   1.2560591048953998E-02
       0.7999999999999999   1.2082365248814508E+01   1.4207725020318522E-02
       0.8999999999999999   1.2108326236398247E+01   1.5829848340041228E-02
       0.9999999999999999   1.2141534584939485E+01   1.7433936879834494E-02
       2.0000000000000000   1.2593061328976448E+01   3.2588846237624175E-02
       3.0000000000000000   1.3019884849610175E+01   4.6700619067706214E-02
       4.0000000000000000   1.3369150132981488E+01   6.0261270025750054E-02
       5.0000000000000000   1.3646155634478754E+01   7.3567458670565314E-02
       6.0000000000000000   1.3861721377564617E+01   8.6816840190702682E-02
       7.0000000000000000   1.4026062596557738E+01   1.0014327850371636E-01
       8.0000000000000000   1.4147016604731471E+01   1.1365001981829834E-01
       9.0000000000000000   1.4230896264521496E+01   1.2742007517209170E-01
      10.0000000000000000   1.4282611944413656E+01   1.4152562272450350E-01
      11.0000000000000000   1.4306219838336244E+01   1.5603001040584993E-01
      12.0000000000000000   1.4304996607084796E+01   1.7099166629649074E-01
      13.0000000000000000   1.4281712837184863E+01   1.8646586581308425E-01
      14.0000000000000000   1.4238574031269350E+01   2.0250859836663265E-01
      15.0000000000000000   1.4177469351511453E+01   2.1917583456099748E-01
      16.0000000000000000   1.4100037746677330E+01   2.3652395068476931E-01
      17.0000000000000000   1.4007636018326748E+01   2.5461258836084077E-01
      18.0000000000000000   1.3901475898851315E+01   2.7350369696693400E-01
      19.0000000000000000   1.3782580685821163E+01   2.9326303319879998E-01
      20.0000000000000000   1.3651854905476926E+01   3.1396107525027422E-01
      21.0000000000000000   1.3510084431444445E+01   3.3567362116382349E-01
      22.0000000000000000   1.3357976662333183E+01   3.5848203156934877E-01
      23.0000000000000000   1.3196156017011591E+01   3.8247460666646410E-01
      24.0000000000000000   1.3025172333450124E+01   4.0774776279228708E-01
      25.0000000000000000   1.2845525170332481E+01   4.3440643022992775E-01
      26.0000000000000000   1.2657667209160866E+01   4.6256530961542391E-01
      27.0000000000000000   1.2462012491965405E+01   4.9234995023243705E-01
      28.0000000000000000   1.2258946373995323E+01   5.2389784843110443E-01
      29.0000000000000000   1.2048828977705192E+01   5.5735976567335888E-01
      30.0000000000000000   1.1832008892088560E+01   5.9290079601196344E-01
      31.0000000000000000   1.1608825606391425E+01   6.3070163464522433E-01
      32.0000000000000000   1.1379624922828842E+01   6.7095939421536666E-01
      33.0000000000000000   1.1144762095640123E+01   7.1388857936401395E-01
      34.0000000000000000   1.0904617920508572E+01   7.5972122038373202E-01
      35.0000000000000000   1.0659608960400428E+01   8.0870650224061225E-01
      36.0000000000000000   1.0410202419378349E+01   8.6110928905909956E-01
      37.0000000000000000   1.0156931749203268E+01   9.1720715859478041E-01
      38.0000000000000000   9.9004140263819806E+00   9.7728538291342515E-01
      39.0000000000000000   9.6413672609410437E+00   1.0416292320569032E+00
      40.0000000000000000   9.3806283020203978E+00   1.1105129186930680E+00
      41.0000000000000000   9.1191669533688486E+00   1.1841847313295222E+00
      41.9990000000000023   8.8583558736462820E+00   1.2627668468155804E+00
      42.0000000000000000   8.8580954030098837E+00   1.2628480554719170E+00
      42.0009999999999977   8.8578349340069007E+00   1.2629292692633591E+00
      43.0000000000000000   8.5986682372005028E+00   1.3466387899224794E+00
      44.0000000000000000   8.3422690093700620E+00   1.4356004777374585E+00
      44.9990000000000023   8.0906290690089850E+00   1.5295632719898278E+00
      45.0000000000000000   8.0903799417329498E+00   1.5296598197089986E+00
      45.0009999999999977   8.0901308205008782E+00   1.5297563723277050E+00
      46.0000000000000000   7.8445337661534840E+00   1.6286060737577293E+00
      47.0000000000000000   7.6062487558211824E+00   1.7320787185411111E+00
      48.0000000000000000   7.3769534243169295E+00   1.8395671258489763E+00
      49.0000000000000000   7.1579105438916644E+00   1.9504243621289890E+00
      50.0000000000000000   6.9501517307743912E+00   2.0638945559196027E+00
      51.0000000000000000   6.7544324882032489E+00   2.1791504623140714E+00
      52.0000000000000000   6.5712133868170142E+00   2.2953358556237164E+00
      53.0000000000000000   6.4006672995762015E+00   2.4116069050892852E+00
      54.0000000000000000   6.2427082111977317E+00   2.5271676568405339E+00
      55.0000000000000000   6.0970340307564497E+00   2.6412966551286585E+00
      56.0000000000000000   5.9631756621752530E+00   2.7533637837369378E+00
      57.0000000000000000   5.8405457331723847E+00   2.8628379194563971E+00
      58.0000000000000000   5.7284821132405384E+00   2.9692875320564305E+00
      59.0000000000000000   5.6262846153404933E+00   3.0723756447490969E+00
      60.0000000000000000   5.5332437818930664E+00   3.1718513883396349E+00
      61.0000000000000000   5.4486616745928709E+00   3.2675401580955530E+00
      62.0000000000000000   5.3718667607060553E+00   3.3593327764120393E+00
      63.0000000000000000   5.3022232761317136E+00   3.4471751068161161E+00
      64.0000000000000000   5.2391365708289239E+00   3.5310583655889616E+00
      65.0000000000000000   5.1820555137016040E+00   3.6110104338480613E+00
      66.0000000000000000   5.1304727764414526E+00   3.6870882695134952E+00
      67.0000000000000000   5.0839237036500489E+00   3.7593714118395423E+00
      67.9989999999999952   5.0420240536262222E+00   3.8278897363919708E+00
      68.0000000000000000   5.0419842852502672E+00   3.8279565098186237E+00
      68.0010000000000048   5.0419445210950862E+00   3.8280232796557270E+00
      69.0000000000000000   5.0042686028615071E+00   3.8929527742311718E+00
      70.0000000000000000   4.9704260187270890E+00   3.9544782400125094E+00
      71.0000000000000000   4.9401382910709533E+00   4.0126567274932601E+00
      72.0000000000000000   4.9131167387681867E+00   4.0676153952031946E+00
      73.0000000000000000   4.8890995260350616E+00   4.1194827897819923E+00
      74.0000000000000000   4.8678491148346126E+00   4.1683873086380006E+00
      75.0000000000000000   4.8491498961559243E+00   4.2144560137841367E+00
      76.0000000000000000   4.8328060730794355E+00   4.2578136708427436E+00
      77.0000000000000000   4.8186396286684481E+00   4.2985821233712622E+00
      78.0000000000000000   4.8064885926914167E+00   4.3368797426927417E+00
      79.0000000000000000   4.7962054278129687E+00   4.3728210805875172E+00
      80.0000000000000000   4.7876555898351780E+00   4.4065166298449023E+00
      81.0000000000000000   4.7807162360373985E+00   4.4380726794161385E+00
      82.0000000000000000   4.7752750707039127E+00   4.4675912443750461E+00
      83.0000000000000000   4.7712293095424299E+00   4.4951700544015321E+00
      84.0000000000000000   4.7684847530551675E+00   4.5209025879792071E+00
      85.0000000000000000   4.7669549608794810E+00   4.5448781412206571E+00
      86.0000000000000000   4.7665605106003870E+00   4.5671819230531163E+00
      87.0000000000000000   4.7672283346484878E+00   4.5878951713348375E+00
      88.0000000000000000   4.7688911319531497E+00   4.6070952745078992E+00
      89.0000000000000000   4.7714868285213861E+00   4.6248559190720409E+00
      90.0000000000000000   4.7749581049068368E+00   4.6412472263088365E+00
      91.0000000000000000   4.7792519681433454E+00   4.6563359002633486E+00
      92.0000000000000000   4.7843193666463764E+00   4.6701853749007025E+00
      93.0000000000000000   4.7901148441897616E+00   4.6828559603619695E+00
      94.0000000000000000   4.7965962283062664E+00   4.6944049870230522E+00
      95.0000000000000000   4.8037243493129171E+00   4.7048869463705447E+00
      96.0000000000000000   4.8114627867316262E+00   4.7143536279659317E+00
      97.0000000000000000   4.8197776401128554E+00   4.7228542519752503E+00
      98.0000000000000000   4.8286373213270979E+00   4.7304355969374638E+00
      99.0000000000000000   4.8380123682120111E+00   4.7371421223604040E+00
     100.0000000000000000   4.8478752717628195E+00   4.7430160864864943E+00
     103.9989999999999952   4.8917036556139886E+00   4.7589580015776116E+00
     104.0010000000000048   4.8917271831102349E+00   4.7589631925698272E+00
     110.0000000000000000   4.9684102580079550E+00   4.7638975671439079E+00
     120.0000000000000000   5.1174493194875383E+00   4.7353680915315017E+00
     130.0000000000000000   5.2844831418199307E+00   4.6766890351102557E+00
     140.0000000000000000   5.4633197472223980E+00   4.5998685877163847E+00
     150.0000000000000000   5.6426644280190450E+00   4.5330967431210993E+00
     153.9989999999999952   5.7238370288051987E+00   4.4862839506669765E+00
     154.0010000000000048   5.7238850550411238E+00   4.4862434036990297E+00
     160.0000000000000000   5.8384872994826527E+00   4.4348392562264856E+00
     167.9989999999999952   5.9942467098063466E+00   4.3627473498275346E+00
     168.0010000000000048   5.9942940172450365E+00   4.3627102211843836E+00
     169.9989999999999952   6.0349002409140526E+00   4.3412983645622996E+00
     170.0000000000000000   6.0349238497641995E+00   4.3412800493183248E+00
     170.0010000000000048   6.0349474572586148E+00   4.3412617364232027E+00
     180.0000000000000000   6.2317053296628622E+00   4.2523287719131853E+00
     190.0000000000000000   6.4344131746024971E+00   4.1545333314844077E+00
     200.0000000000000000   6.6364778050358275E+00   4.0626384815357532E+00
     210.0000000000000000   6.8378749614835304E+00   3.9761436234177956E+00
     220.0000000000000000   7.0385963378423204E+00   3.8945935336456978E+00
     230.0000000000000000   7.2386439394203492E+00   3.8175768638960501E+00
     231.9989999999999952   7.2832834665537476E+00   3.7923302722860921E+00
     232.0010000000000048   7.2833281017795439E+00   3.7923051932820036E+00
     233.9989999999999952   7.3231397568913721E+00   3.7777131252578080E+00
     234.0010000000000048   7.3231843195608057E+00   3.7776883182341203E+00
     236.9989999999999952   7.3805590051218166E+00   3.7611332491033354E+00
     237.0010000000000048   7.3806034497887776E+00   3.7611088024962100E+00
     240.0000000000000000   7.4425759829296387E+00   3.7347920081058450E+00
     250.0000000000000000   7.6454826817317585E+00   3.6568119869777540E+00
     260.0000000000000000   7.8474060714907168E+00   3.5832140345110064E+00
     270.0000000000000000   8.0483872269537269E+00   3.5136235888342542E+00
     280.0000000000000000   8.2524778047007246E+00   3.4394392876393787E+00
     290.0000000000000000   8.4515549639240586E+00   3.3772461820212967E+00
     300.0000000000000000   8.6536015763461300E+00   3.3105191695039160E+00
     310.0000000000000000   8.8509363223012141E+00   3.2545651568567044E+00
     320.0000000000000000   9.0511036632040689E+00   3.1941711031776743E+00
     330.0000000000000000   9.2503489373577992E+00   3.1367155115371363E+00
     340.0000000000000000   9.4487084258842238E+00   3.0819797040211312E+00
     350.0000000000000000   9.6462164438542288E+00   3.0297664956588823E+00
     360.0000000000000000   9.8429054300129799E+00   2.9798976170930689E+00
     370.0000000000000000   1.0042059081910596E+01   2.9262300572167588E+00
     380.0000000000000000   1.0237128351587739E+01   2.8807625083345521E+00
     390.0000000000000000   1.0431466818021200E+01   2.8371874916603295E+00
     398.9990000000000236   1.0607903962697687E+01   2.7956522692798718E+00
     399.0009999999999764   1.0607944480445061E+01   2.7956407730690143E+00
     400.0000000000000000   1.0628179258041573E+01   2.7899111566747923E+00
     410.0000000000000000   1.0821063480893740E+01   2.7499229885851602E+00
     415.9990000000000236   1.0938858846378908E+01   2.7224977634836920E+00
     416.0009999999999764   1.0938899077908401E+01   2.7224869867136756E+00
     420.0000000000000000   1.1016269640380827E+01   2.7063077416330428E+00
     430.0000000000000000   1.1210742980511659E+01   2.6644225317268107E+00
     440.0000000000000000   1.1401590245212958E+01   2.6290848117071439E+00
     450.0000000000000000   1.1594694903512838E+01   2.5902350276311119E+00
     460.0000000000000000   1.1787130118972220E+01   2.5528315633484766E+00
     470.0000000000000000   1.1978914764719253E+01   2.5167928850266996E+00
     480.0000000000000000   1.2170067656993055E+01   2.4820423485282901E+00
     490.0000000000000000   1.2357886349551578E+01   2.4528708874466574E+00
     500.0000000000000000   1.2547860386885690E+01   2.4203930141268137E+00
     510.0000000000000000   1.2737253247067112E+01   2.3890110004222671E+00
     510.9989999999999668   1.2756669775573791E+01   2.3851027923564811E+00
     511.0009999999999195   1.2756708641607533E+01   2.3850949822137228E+00
     520.0000000000000000   1.2926080477597152E+01   2.3586680874083314E+00
     530.0000000000000000   1.3116951319905583E+01   2.3253116200694040E+00
     540.0000000000000000   1.3304659775390649E+01   2.2969741596270761E+00
     550.0000000000000000   1.3491845190954024E+01   2.2695251649932664E+00
     560.0000000000000000   1.3678520569283096E+01   2.2429220243153365E+00
     570.0000000000000000   1.3864698455845536E+01   2.2171247678418715E+00
     580.0000000000000000   1.4052859795621034E+01   2.1884690723018525E+00
     590.0000000000000000   1.4238049032989348E+01   2.1642391333337820E+00
     600.0000000000000000   1.4422775123977326E+01   2.1407080382606716E+00
     610.0000000000000000   1.4607048061824271E+01   2.1178459390689297E+00
     620.0000000000000000   1.4793251392543034E+01   2.0922507653844891E+00
     630.0000000000000000   1.4976624001687872E+01   2.0706918221372441E+00
     640.0000000000000000   1.5161904137552503E+01   2.0464688282810473E+00
     650.0000000000000000   1.5344412409417085E+01   2.0261062813710722E+00
     660.0000000000000000   1.5528812974349977E+01   2.0031345702019947E+00
     670.0000000000000000   1.5710489659091694E+01   1.9838745511500511E+00
     680.0000000000000000   1.5894046341115578E+01   1.9620532246766911E+00
     690.0000000000000000   1.6074925462661351E+01   1.9438073395941222E+00
     700.0000000000000000   1.6257668801368258E+01   1.9230498929276312E+00
     710.0000000000000000   1.6437783251013872E+01   1.9057376097280598E+00
     720.0000000000000000   1.6619741666211034E+01   1.8859666261566350E+00
     730.0000000000000000   1.6799123126759341E+01   1.8695145011038370E+00
     740.0000000000000000   1.6980322611514911E+01   1.8506611557042960E+00
     750.0000000000000000   1.7161157224310379E+01   1.8322517481116785E+00
     760.0000000000000000   1.7339467268857859E+01   1.8170033200249212E+00
     770.0000000000000000   1.7519583746235451E+01   1.7994135312255903E+00
     780.0000000000000000   1.7699347960747630E+01   1.7822293313126329E+00
     790.0000000000000000   1.7876648034009232E+01   1.7680526420595482E+00
     800.0000000000000000   1.8055731861692280E+01   1.7516029403880222E+00
     810.0000000000000000   1.8234480819693125E+01   1.7355185267273239E+00
     820.0000000000000000   1.8412892331181258E+01   1.7197965291737378E+00
     830.0000000000000000   1.8588921428632695E+01   1.7068868307221754E+00
     840.0000000000000000   1.8766703921600072E+01   1.6917955228490864E+00
     850.0000000000000000   1.8944170221149275E+01   1.6770262673683924E+00
     860.0000000000000000   1.9121320710481285E+01   1.6625738135649104E+00
     870.0000000000000000   1.9298160422173577E+01   1.6484276511650879E+00
     880.0000000000000000   1.9474699557165657E+01   1.6345715940579999E+00
     890.0000000000000000   1.9648975770484356E+01   1.6232630288724095E+00
     900.0000000000000000   1.9824946260716857E+01   1.6099206094402105E+00
     910.0000000000000000   2.0000626249967691E+01   1.5968464434257152E+00
     920.0000000000000000   2.0176019439101093E+01   1.5840329234554380E+00
     930.0000000000000000   2.0351130449280554E+01   1.5714715829962647E+00
     940.0000000000000000   2.0525964856797184E+01   1.5591531069038413E+00
     950.0000000000000000   2.0700528564202216E+01   1.5470680934256251E+00
     960.0000000000000000   2.0874826528758796E+01   1.5352084347729911E+00
     970.0000000000000000   2.1048862369714541E+01   1.5235676743785815E+00
     980.0000000000000000   2.1222638955469215E+01   1.5121403169813958E+00
     990.0000000000000000   2.1396159057825223E+01   1.5009211022063447E+00
    1000.0000000000000000   2.1569425614602721E+01   1.4899047192133299E+00
    1100.0000000000000000   2.3288823391730666E+01   1.3897803468613688E+00
    1200.0000000000000000   2.4987827154287807E+01   1.3032167777893942E+00
    1300.0000000000000000   2.6668645070390390E+01   1.2273054164697650E+00
    1400.0000000000000000   2.8333114127555142E+01   1.1599102944866129E+00
    1500.0000000000000000   2.9981107902108299E+01   1.1008243622348473E+00
    1600.0000000000000000   3.1615536547198936E+01   1.0473723993008164E+00
    1700.0000000000000000   3.3234622585693650E+01   1.0008393928097998E+00
    1800.0000000000000000   3.4843822701282811E+01   9.5692323548101221E-01
    1843.9990000000000236   3.5546921633259778E+01   9.3978548906410053E-01
    1844.0009999999999764   3.5546953673394384E+01   9.3978462885422409E-01
    1900.0000000000000000   3.6439622776992856E+01   9.1828940078177568E-01
    2000.0000000000000000   3.8025504815505855E+01   8.8237813228846163E-01
    2100.0000000000000000   3.9600999190585085E+01   8.4957380062460008E-01
    2200.0000000000000000   4.1168189819588939E+01   8.1853454775262313E-01
    2300.0000000000000000   4.2724448795252236E+01   7.9100605307297978E-01
    2400.0000000000000000   4.4273446482783733E+01   7.6468875461791519E-01
    2475.9989999999997963   4.5444888206226672E+01   7.4609859280240742E-01
    2476.0010000000002037   4.5444918923703575E+01   7.4609813790212198E-01
    2500.0000000000000000   4.5813865883616153E+01   7.4044995996444474E-01
    2526.9989999999997963   4.6228359720798011E+01   7.3422063370202473E-01
    2527.0010000000002037   4.6228390458224503E+01   7.3422014216101072E-01
    2600.0000000000000000   4.7346445285881515E+01   7.1790059509635906E-01
    2631.9989999999997963   4.7835613625267754E+01   7.1080912709661825E-01
    2632.0010000000002037   4.7835644479373649E+01   7.1080852435749053E-01
    2700.0000000000000000   4.8871568675967453E+01   6.9686189049684577E-01
    2800.0000000000000000   5.0389127490008441E+01   6.7740281324501050E-01
    2871.9989999999997963   5.1478591917253361E+01   6.6357575477373676E-01
    2872.0010000000002037   5.1478622191917850E+01   6.6357534595826340E-01
    2900.0000000000000000   5.1901130419208741E+01   6.5849230567126316E-01
    3000.0000000000000000   5.3405554261550485E+01   6.4128591052271489E-01
    3100.0000000000000000   5.4905237896047652E+01   6.2432578123476978E-01
    3200.0000000000000000   5.6397708626336879E+01   6.0887234125722189E-01
    3300.0000000000000000   5.7885352665832265E+01   5.9385322068856461E-01
    3400.0000000000000000   5.9367202110869044E+01   5.7973185701298879E-01
    3500.0000000000000000   6.0843107590978285E+01   5.6659455699018424E-01
    3600.0000000000000000   6.2314025834211428E+01   5.5404560038151740E-01
    3700.0000000000000000   6.3780766484125458E+01   5.4178981950101723E-01
    3800.0000000000000000   6.5242494360477593E+01   5.3012893090906832E-01
    3900.0000000000000000   6.6698604678898960E+01   5.1944028986420776E-01
    4000.0000000000000000   6.8150896686821625E+01   5.0895994433173886E-01
    4100.0000000000000000   6.9599548034845313E+01   4.9863705563578758E-01
    4200.0000000000000000   7.1043123868309110E+01   4.8903791993673335E-01
    4300.0000000000000000   7.2482034609093304E+01   4.8010761763689791E-01
    4400.0000000000000000   7.3919717734724543E+01   4.7046498740112680E-01
    4500.0000000000000000   7.5350135941754942E+01   4.6246250675432404E-01
    4600.0000000000000000   7.6778815915969076E+01   4.5406886197754726E-01
    4700.0000000000000000   7.8201530409896677E+01   4.4671380529745525E-01
    4800.0000000000000000   7.9623085562912252E+01   4.3886325171428614E-01
    4900.0000000000000000   8.1041272748989158E+01   4.3124992635712667E-01
    5000.0000000000000000   8.2455589170564096E+01   4.2405176047749166E-01
    5100.0000000000000000   8.3866184385856315E+01   4.1723197446668997E-01
    5200.0000000000000000   8.5273137791648296E+01   4.1077801757608789E-01
    5300.0000000000000000   8.6676634727467857E+01   4.0463894022842001E-01
    5400.0000000000000000   8.8076250526814377E+01   3.9895010804179903E-01
    5500.0000000000000000   8.9476275217690954E+01   3.9238799642284850E-01
    5600.0000000000000000   9.0871663881998941E+01   3.8653558221385376E-01
    5700.0000000000000000   9.2261844978871835E+01   3.8151529999082784E-01
    5800.0000000000000000   9.3653331582808747E+01   3.7546488816761431E-01
    5900.0000000000000000   9.5037198336458246E+01   3.7102629056855091E-01
    6000.0000000000000000   9.6423636660785832E+01   3.6524151186670678E-01
    6100.0000000000000000   9.7806209601997466E+01   3.5991740781174147E-01
    6200.0000000000000000   9.9180597168547578E+01   3.5626988277471333E-01
    6300.0000000000000000   1.0055889968534022E+02   3.5099804323300077E-01
    6400.0000000000000000   1.0193296931912987E+02   3.4638089270624517E-01
    6500.0000000000000000   1.0330427600255167E+02   3.4182974582346404E-01
    6600.0000000000000000   1.0467430527168133E+02   3.3726010897297171E-01
    6700.0000000000000000   1.0604038866875352E+02   3.3310969892315562E-01
    6800.0000000000000000   1.0740471281932511E+02   3.2897824625413569E-01
    6900.0000000000000000   1.0876581856029539E+02   3.2520948309521658E-01
    7000.0000000000000000   1.1012457444705771E+02   3.2151581593720818E-01
    7100.0000000000000000   1.1148164306568117E+02   3.1783619506187916E-01
    7200.0000000000000000   1.1283515613137862E+02   3.1456332197362252E-01
    7300.0000000000000000   1.1418650885545193E+02   3.1133391968016011E-01
    7400.0000000000000000   1.1554235339971694E+02   3.0670887512957079E-01
    7500.0000000000000000   1.1688882000528649E+02   3.0377957055638261E-01
    7600.0000000000000000   1.1823457077470059E+02   3.0082567120737369E-01
    7700.0000000000000000   1.1958237723133828E+02   2.9678018716141624E-01
    7800.0000000000000000   1.2092320093222710E+02   2.9405058577643040E-01
    7900.0000000000000000   1.2226231461512278E+02   2.9148057751403245E-01
    8000.0000000000000000   1.2360347931629860E+02   2.8789620743113647E-01
    8100.0000000000000000   1.2493760502779006E+02   2.8551204113790851E-01
    8200.0000000000000000   1.2627604419122201E+02   2.8205084048565920E-01
    8300.0000000000000000   1.2760783021291475E+02   2.7960015514295239E-01
    8400.0000000000000000   1.2894106488038554E+02   2.7636040025073422E-01
    8500.0000000000000000   1.3027241247630707E+02   2.7325533958942738E-01
    8600.0000000000000000   1.3159649491328196E+02   2.7158583809074710E-01
    8700.0000000000000000   1.3292605459976588E+02   2.6846252522070607E-01
    8800.0000000000000000   1.3425300229065809E+02   2.6533577740946018E-01
    8900.0000000000000000   1.3556908652054406E+02   2.6422635404380640E-01
    9000.0000000000000000   1.3689424297314540E+02   2.6093159639739161E-01
    9100.0000000000000000   1.3821384400282139E+02   2.5862046009872380E-01
    9200.0000000000000000   1.3953492751326772E+02   2.5577017455664969E-01
    9300.0000000000000000   1.4085003720466142E+02   2.5387879676913372E-01
    9400.0000000000000000   1.4216132740924093E+02   2.5236131481093038E-01
    9500.0000000000000000   1.4347718679546108E+02   2.4961187315274808E-01
    9600.0000000000000000   1.4479017809291537E+02   2.4723745036526862E-01
    9700.0000000000000000   1.4610059040863482E+02   2.4504616730498016E-01
    9800.0000000000000000   1.4740844702510478E+02   2.4311194388767610E-01
    9900.0000000000000000   1.4871558401045513E+02   2.4108269512403210E-01
   10000.0000000000000000   1.5002173182999579E+02   2.3901942752838934E-01
   11000.0000000000000000   1.6301015027866760E+02   2.2002357739228512E-01
   12000.0000000000000000   1.7586430463065585E+02   2.0489711685019640E-01
   13000.0000000000000000   1.8860506480289874E+02   1.9167806613326113E-01
   14000.0000000000000000   2.0124602461420048E+02   1.7962553706338338E-01
   15000.0000000000000000   2.1378551881965933E+02   1.6955909862973828E-01
   16000.0000000000000000   2.2624355941010180E+02   1.6070278832808732E-01
   17000.0000000000000000   2.3861348420495497E+02   1.5261098037276646E-01
   18000.0000000000000000   2.5090796564028082E+02   1.4615336131002329E-01
   19000.0000000000000000   2.6314335723516393E+02   1.3851386199334248E-01
   20000.0000000000000000   2.7530708093827798E+02   1.3272277571436808E-01
   20005.9989999999997963   2.7538130784830122E+02   1.3252454909814787E-01
   20006.0010000000002037   2.7538133253520084E+02   1.3252449480178422E-01
   21000.0000000000000000   2.8739862613831571E+02   1.2832711657427115E-01
   22000.0000000000000000   2.9944904018828146E+02   1.2215884952666438E-01
   23000.0000000000000000   3.1142356822040614E+02   1.1737093986688100E-01
   24000.0000000000000000   3.2336378044623672E+02   1.1341100802570593E-01
   25000.0000000000000000   3.3524239624108299E+02   1.1032177378609237E-01
   26000.0000000000000000   3.4708049432994363E+02   1.0671541530134292E-01
   27000.0000000000000000   3.5887505476807985E+02   1.0245357699123409E-01
   28000.0000000000000000   3.7060015801093579E+02   9.9778978669823881E-02
   29000.0000000000000000   3.8231486314571691E+02   9.7307397474832830E-02
   30000.0000000000000000   3.9397921340287945E+02   9.3433350658779724E-02
   31000.0000000000000000   4.0562539432867800E+02   9.0933457219212782E-02
   32000.0000000000000000   4.1719703530364910E+02   8.8525889653672238E-02
   33000.0000000000000000   4.2872026169368229E+02   8.7386056504596091E-02
   34000.0000000000000000   4.4023651680995340E+02   8.5193620578314241E-02
   35000.0000000000000000   4.5174278138658241E+02   8.1772021453488497E-02
   36000.0000000000000000   4.6319301694658827E+02   8.0835965400812310E-02
   37000.0000000000000000   4.7464177070525346E+02   7.9270507861000039E-02
   38000.0000000000000000   4.8605456677117644E+02   7.6036086156636803E-02
   39000.0000000000000000   4.9737854778423389E+02   7.4417319734537635E-02
   40000.0000000000000000   5.0877163200406557E+02   7.2588174298744521E-02
   41000.0000000000000000   5.2004354720812375E+02   7.0870593223486170E-02
   42000.0000000000000000   5.3135367511719164E+02   7.0306444456932793E-02
   43000.0000000000000000   5.4256735829518243E+02   6.8198384559354258E-02
   44000.0000000000000000   5.5385215363818338E+02   6.6590296827238632E-02
   45000.0000000000000000   5.6506854484742507E+02   6.5728423536617106E-02
   46000.0000000000000000   5.7620586844069453E+02   6.4373907457262541E-02
   47000.0000000000000000   5.8734154524980636E+02   6.3971621202714504E-02
   48000.0000000000000000   5.9852388966007425E+02   6.2239585630235378E-02
   49000.0000000000000000   6.0964703140274298E+02   6.1738296705868577E-02
   50000.0000000000000000   6.2077453256743331E+02   5.9809598435164923E-02
