       0.1000000000000000   4.7589994835401299E+01   6.1265130062589654E-04
       0.2000000000000000   4.1749011494937839E+01   1.2030695004994851E-03
       0.3000000000000000   3.9725730209944551E+01   1.7950525491808209E-03
       0.4000000000000000   3.8878135583225195E+01   2.3657131443711264E-03
       0.5000000000000000   3.8388364919241937E+01   2.9350087737189372E-03
       0.6000000000000000   3.8070563926160020E+01   3.5039560770051027E-03
       0.7000000000000000   3.7851772924841690E+01   4.0735141104541791E-03
       0.7999999999999999   3.7692120417733889E+01   4.6443451655633827E-03
       0.8999999999999999   3.7573267274526387E+01   5.2155368385570101E-03
       0.9999999999999999   3.7477656404898923E+01   5.7892680775767733E-03
       2.0000000000000000   3.6915815690145628E+01   1.1677128462932654E-02
       3.0000000000000000   3.6322682366783894E+01   1.7978218016980612E-02
       4.0000000000000000   3.5566759577783678E+01   2.4816064011429381E-02
       5.0000000000000000   3.4689564056954410E+01   3.2268440687662749E-02
       6.0000000000000000   3.3738793081986231E+01   4.0389007336754254E-02
       7.0000000000000000   3.2752682836808390E+01   4.9212133769171301E-02
       8.0000000000000000   3.1757186936943242E+01   5.8763429219746907E-02
       9.0000000000000000   3.0769966236210234E+01   6.9062542193382259E-02
      10.0000000000000000   2.9802186584577900E+01   8.0127003619705831E-02
      11.0000000000000000   2.8860915330514615E+01   9.1973019009260804E-02
      12.0000000000000000   2.7950108803027906E+01   1.0461700709966543E-01
      13.0000000000000000   2.7071727126026797E+01   1.1807720615172602E-01
      14.0000000000000000   2.6226049219509786E+01   1.3237566151546387E-01
      15.0000000000000000   2.5412493298593777E+01   1.4753815020110991E-01
      16.0000000000000000   2.4629959036950549E+01   1.6359420954811957E-01
      17.0000000000000000   2.3876877140359642E+01   1.8057914814291243E-01
      18.0000000000000000   2.3151561900884651E+01   1.9853337962835316E-01
      19.0000000000000000   2.2452210516039912E+01   2.1750336692053573E-01
      20.0000000000000000   2.1777017616443171E+01   2.3754236562348130E-01
      21.0000000000000000   2.1124214503595802E+01   2.5871079943430192E-01
      22.0000000000000000   2.0492135112726299E+01   2.8107642484830536E-01
      23.0000000000000000   1.9879198138671050E+01   3.0471538377175089E-01
      24.0000000000000000   1.9283912989931771E+01   3.2971324700308419E-01
      25.0000000000000000   1.8704908030243754E+01   3.5616531003142171E-01
      26.0000000000000000   1.8140920958445196E+01   3.8417769084605624E-01
      27.0000000000000000   1.7590798510684756E+01   4.1386830149967052E-01
      28.0000000000000000   1.7053497111090248E+01   4.4536785463155820E-01
      29.0000000000000000   1.6528075432135900E+01   4.7882106324457802E-01
      30.0000000000000000   1.6013699770526983E+01   5.1438766844413064E-01
      31.0000000000000000   1.5509637664183879E+01   5.5224361096500152E-01
      32.0000000000000000   1.5015265925846490E+01   5.9258182625988598E-01
      33.0000000000000000   1.4530065865947464E+01   6.3561313951670650E-01
      34.0000000000000000   1.4053633199013833E+01   6.8156638713827411E-01
      35.0000000000000000   1.3585682699061657E+01   7.3068800818561019E-01
      36.0000000000000000   1.3126057491406788E+01   7.8324055385715807E-01
      37.0000000000000000   1.2674739571233644E+01   8.3949970907354354E-01
      38.0000000000000000   1.2231861920110079E+01   8.9974926897867191E-01
      39.0000000000000000   1.1797720469650436E+01   9.6427344117726510E-01
      40.0000000000000000   1.1372785498033664E+01   1.0333457984073056E+00
      41.0000000000000000   1.0957707880787964E+01   1.1072144057369824E+00
      41.9990000000000023   1.0553717583466449E+01   1.1860014220759165E+00
      42.0000000000000000   1.0553318853191245E+01   1.1860828401614272E+00
      42.0009999999999977   1.0552920134592156E+01   1.1861642633909173E+00
      43.0000000000000000   1.0160617839556862E+01   1.2700875882818272E+00
      44.0000000000000000   9.7807447073370000E+00   1.3592731363271340E+00
      44.9990000000000023   9.4152911982091521E+00   1.4534706240525987E+00
      45.0000000000000000   9.4149328313605185E+00   1.4535674126996645E+00
      45.0009999999999977   9.4145744798390982E+00   1.4536642062587521E+00
      46.0000000000000000   9.0644438750532501E+00   1.5527610926132742E+00
      47.0000000000000000   8.7304868749399311E+00   1.6564951346797383E+00
      48.0000000000000000   8.4141306488191407E+00   1.7642603118701914E+00
      49.0000000000000000   8.1162213561541101E+00   1.8754108704955943E+00
      50.0000000000000000   7.8373179021079071E+00   1.9891917765796356E+00
      51.0000000000000000   7.5776549786308243E+00   2.1047761955003570E+00
      52.0000000000000000   7.3371379501248892E+00   2.2213078500352368E+00
      53.0000000000000000   7.1153670836499598E+00   2.3379424080959970E+00
      54.0000000000000000   6.9116838242811340E+00   2.4538830167873042E+00
      55.0000000000000000   6.7252293157603447E+00   2.5684070014753044E+00
      56.0000000000000000   6.5550059359715540E+00   2.6808827980734051E+00
      57.0000000000000000   6.3999347383096881E+00   2.7907776938116764E+00
      58.0000000000000000   6.2589039262434856E+00   2.8976585070252390E+00
      59.0000000000000000   6.1308075200007321E+00   3.0011866128711713E+00
      60.0000000000000000   6.0145737359523919E+00   3.1011095483515989E+00
      61.0000000000000000   5.9091836956592658E+00   3.1972512024228230E+00
      62.0000000000000000   5.8136833151666254E+00   3.2895010022896480E+00
      63.0000000000000000   5.7271891236217920E+00   3.3778035393961914E+00
      64.0000000000000000   5.6488899393504983E+00   3.4621488850663602E+00
      65.0000000000000000   5.5780456628273622E+00   3.5425639014213872E+00
      66.0000000000000000   5.5139841772469564E+00   3.6191046481026423E+00
      67.0000000000000000   5.4560971258206408E+00   3.6918498791784780E+00
      67.9989999999999952   5.4038847330738013E+00   3.7608283295582985E+00
      68.0000000000000000   5.4038351116231489E+00   3.7608955626169269E+00
      68.0010000000000048   5.4037854952979867E+00   3.7609627920839079E+00
      69.0000000000000000   5.3567026951950103E+00   3.8263503227113813E+00
      70.0000000000000000   5.3142534429917543E+00   3.8883316930394813E+00
      71.0000000000000000   5.2760851816840342E+00   3.9469630682366690E+00
      72.0000000000000000   5.2418355546099846E+00   4.0023712482235618E+00
      73.0000000000000000   5.2111779220979377E+00   4.0546844800336395E+00
      74.0000000000000000   5.1838176238825344E+00   4.1040309131438439E+00
      75.0000000000000000   5.1594885878277035E+00   4.1505374066313969E+00
      76.0000000000000000   5.1379503397692590E+00   4.1943285626104645E+00
      77.0000000000000000   5.1189852137001015E+00   4.2355260948397015E+00
      78.0000000000000000   5.1023959757267860E+00   4.2742482742779124E+00
      79.0000000000000000   5.0880036537844608E+00   4.3106095776438940E+00
      80.0000000000000000   5.0756456195624891E+00   4.3447204444266267E+00
      81.0000000000000000   5.0651738848562822E+00   4.3766871289478297E+00
      82.0000000000000000   5.0564535898639278E+00   4.4066116276200065E+00
      83.0000000000000000   5.0493616604018321E+00   4.4345916651448434E+00
      84.0000000000000000   5.0437856148144862E+00   4.4607207266031832E+00
      85.0000000000000000   5.0396225054114101E+00   4.4850881245777483E+00
      86.0000000000000000   5.0367779760108791E+00   4.5077790928038901E+00
      87.0000000000000000   5.0351654219636730E+00   4.5288749009652722E+00
      88.0000000000000000   5.0347052502326104E+00   4.5484529752423226E+00
      89.0000000000000000   5.0353242023948876E+00   4.5665870447666554E+00
      90.0000000000000000   5.0369547666060015E+00   4.5833472775097865E+00
      91.0000000000000000   5.0395346444705211E+00   4.5988004275469541E+00
      92.0000000000000000   5.0430062747929352E+00   4.6130099815800047E+00
      93.0000000000000000   5.0473164068748488E+00   4.6260363046526276E+00
      94.0000000000000000   5.0524157175626359E+00   4.6379367837441237E+00
      95.0000000000000000   5.0582584670835562E+00   4.6487659682454954E+00
      96.0000000000000000   5.0648021893558735E+00   4.6585757065803701E+00
      97.0000000000000000   5.0720074129295059E+00   4.6674152784402443E+00
      98.0000000000000000   5.0798374090012022E+00   4.6753315222852700E+00
      99.0000000000000000   5.0882579647446695E+00   4.6823689577865979E+00
     100.0000000000000000   5.0972371762129827E+00   4.6885699033141632E+00
     103.9989999999999952   5.1381622234558497E+00   4.7057813423194697E+00
     104.0010000000000048   5.1381845282857626E+00   4.7057871533865381E+00
     110.0000000000000000   5.2120611834924135E+00   4.7125181078451090E+00
     120.0000000000000000   5.3593687912759043E+00   4.6867249035697913E+00
     130.0000000000000000   5.5271361051286618E+00   4.6305007889581518E+00
     140.0000000000000000   5.7083204493308131E+00   4.5558949248459122E+00
     150.0000000000000000   5.8906977521846953E+00   4.4909714518584902E+00
     153.9989999999999952   5.9740328154763738E+00   4.4448423811893338E+00
     154.0010000000000048   5.9740825963662250E+00   4.4448021699816165E+00
     160.0000000000000000   6.0913626867993074E+00   4.3943785444121755E+00
     167.9989999999999952   6.2510834692236887E+00   4.3235163579751363E+00
     168.0010000000000048   6.2511325160603306E+00   4.3234795263692725E+00
     169.9989999999999952   6.2928976434628572E+00   4.3023619167902387E+00
     170.0000000000000000   6.2929221210732686E+00   4.3023437475807267E+00
     170.0010000000000048   6.2929465972108831E+00   4.3023255807188381E+00
     180.0000000000000000   6.4950509153723281E+00   4.2147940166328750E+00
     190.0000000000000000   6.7037814097541837E+00   4.1182918594045743E+00
     200.0000000000000000   6.9119537308358581E+00   4.0275944163763810E+00
     210.0000000000000000   7.1195275461179843E+00   3.9422116571153127E+00
     220.0000000000000000   7.3264821341474793E+00   3.8616974242748925E+00
     230.0000000000000000   7.5328097594499761E+00   3.7856481883165323E+00
     231.9989999999999952   7.5791014743130098E+00   3.7605873930840841E+00
     232.0010000000000048   7.5791477618568486E+00   3.7605624987538984E+00
     233.9989999999999952   7.6202158452377695E+00   3.7461537226500163E+00
     234.0010000000000048   7.6202620574181150E+00   3.7461290979113344E+00
     236.9989999999999952   7.6793336458051860E+00   3.7298446418823650E+00
     237.0010000000000048   7.6793797350385722E+00   3.7298203740659992E+00
     240.0000000000000000   7.7434360299253937E+00   3.7037691204237566E+00
     250.0000000000000000   7.9530352374401412E+00   3.6266391440726529E+00
     260.0000000000000000   8.1616474276223983E+00   3.5538406578928550E+00
     270.0000000000000000   8.3693122176836390E+00   3.4850036383625977E+00
     280.0000000000000000   8.5804053058580507E+00   3.4115307275002289E+00
     290.0000000000000000   8.7861406192250016E+00   3.3500105232132804E+00
     300.0000000000000000   8.9951436730987986E+00   3.2839210760942268E+00
     310.0000000000000000   9.1991108650367082E+00   3.2285721056478738E+00
     320.0000000000000000   9.4061903089070018E+00   3.1687530883393284E+00
     330.0000000000000000   9.6123228633218094E+00   3.1118447872493058E+00
     340.0000000000000000   9.8175455874330186E+00   3.0576305594053386E+00
     350.0000000000000000   1.0021893576210115E+01   3.0059150572489473E+00
     360.0000000000000000   1.0225400040457240E+01   2.9565216748871790E+00
     370.0000000000000000   1.0431606667337681E+01   2.9033089110032035E+00
     380.0000000000000000   1.0633444479560145E+01   2.8582768315124381E+00
     390.0000000000000000   1.0834531348003235E+01   2.8151192102078602E+00
     398.9990000000000236   1.1017194235681153E+01   2.7739450991181522E+00
     399.0009999999999764   1.1017236242848641E+01   2.7739336816974429E+00
     400.0000000000000000   1.1038214848056647E+01   2.7682433412797436E+00
     410.0000000000000000   1.1237803380668527E+01   2.7286397582510524E+00
     415.9990000000000236   1.1359800242721571E+01   2.7014380279827290E+00
     416.0009999999999764   1.1359841952199556E+01   2.7014273248502074E+00
     420.0000000000000000   1.1439929244596806E+01   2.6853941773163528E+00
     430.0000000000000000   1.1641296431274613E+01   2.6438645987748055E+00
     440.0000000000000000   1.1838784546289874E+01   2.6088692900343773E+00
     450.0000000000000000   1.2038736346625877E+01   2.5703494487226690E+00
     460.0000000000000000   1.2237995027778860E+01   2.5332641532987892E+00
     470.0000000000000000   1.2436580114990980E+01   2.4975325129297397E+00
     480.0000000000000000   1.2634511113366864E+01   2.4630784796228937E+00
     490.0000000000000000   1.2828874898389859E+01   2.4341935404984252E+00
     500.0000000000000000   1.3025587001677097E+01   2.4019927225913942E+00
     510.0000000000000000   1.3221697407319587E+01   2.3708787769923978E+00
     510.9989999999999668   1.3241824799336998E+01   2.3669968726159674E+00
     511.0009999999999195   1.3241865088296159E+01   2.3669891150480726E+00
     520.0000000000000000   1.3417222235212733E+01   2.3407953915944613E+00
     530.0000000000000000   1.3614971998830949E+01   2.3076903285056884E+00
     540.0000000000000000   1.3809337154360827E+01   2.2795965388305039E+00
     550.0000000000000000   1.4003160899351887E+01   2.2523838463352273E+00
     560.0000000000000000   1.4196456715015080E+01   2.2260099809917029E+00
     570.0000000000000000   1.4389237612003861E+01   2.2004352936521099E+00
     580.0000000000000000   1.4584175184111176E+01   2.1719957620678261E+00
     590.0000000000000000   1.4775931489144655E+01   2.1479758648076648E+00
     600.0000000000000000   1.4967208489791085E+01   2.1246489553870935E+00
     610.0000000000000000   1.5158016523177430E+01   2.1019854364807156E+00
     620.0000000000000000   1.5350921807804474E+01   2.0765834740235705E+00
     630.0000000000000000   1.5540797003661266E+01   2.0552125959034977E+00
     640.0000000000000000   1.5732743833550531E+01   2.0311727316216830E+00
     650.0000000000000000   1.5921723461138276E+01   2.0109885777312391E+00
     660.0000000000000000   1.6112757396395153E+01   1.9881907112656911E+00
     670.0000000000000000   1.6300875339926144E+01   1.9691001668066439E+00
     680.0000000000000000   1.6491033492570878E+01   1.9474441136546643E+00
     690.0000000000000000   1.6678325101833359E+01   1.9293594607093154E+00
     700.0000000000000000   1.6867639129092005E+01   1.9087593568975789E+00
     710.0000000000000000   1.7054138618926132E+01   1.8916006715090106E+00
     720.0000000000000000   1.7242637975973260E+01   1.8719796777631454E+00
     730.0000000000000000   1.7428378336435429E+01   1.8556740648748364E+00
     740.0000000000000000   1.7616089938748676E+01   1.8369638779824555E+00
     750.0000000000000000   1.7803422957575471E+01   1.8186943933056434E+00
     760.0000000000000000   1.7988052857317221E+01   1.8035827650268901E+00
     770.0000000000000000   1.8174640560762921E+01   1.7861267601586801E+00
     780.0000000000000000   1.8360862554186564E+01   1.7690734305848383E+00
     790.0000000000000000   1.8544446002677319E+01   1.7550247957028857E+00
     800.0000000000000000   1.8729961969369587E+01   1.7387004256631724E+00
     810.0000000000000000   1.8915130308291257E+01   1.7227387099757301E+00
     820.0000000000000000   1.9099948048070893E+01   1.7071368619004632E+00
     830.0000000000000000   1.9282214636922518E+01   1.6943448458942396E+00
     840.0000000000000000   1.9466380022786431E+01   1.6793688313949904E+00
     850.0000000000000000   1.9650217113459650E+01   1.6647125548658614E+00
     860.0000000000000000   1.9833726144199126E+01   1.6503708371046828E+00
     870.0000000000000000   2.0016912357571197E+01   1.6363332363795680E+00
     880.0000000000000000   2.0199786560994188E+01   1.6225836323044349E+00
     890.0000000000000000   2.0380237458110447E+01   1.6113794745609133E+00
     900.0000000000000000   2.0562522177607732E+01   1.5981394774977764E+00
     910.0000000000000000   2.0744505247952755E+01   1.5851658068879015E+00
     920.0000000000000000   2.0926190499770893E+01   1.5724509111780391E+00
     930.0000000000000000   2.1107582757440820E+01   1.5599863774798097E+00
     940.0000000000000000   2.1288687876307492E+01   1.5477629422242687E+00
     950.0000000000000000   2.1469512065981867E+01   1.5357712532649108E+00
     960.0000000000000000   2.1650060522434575E+01   1.5240032505439507E+00
     970.0000000000000000   2.1830337005551797E+01   1.5124525234384751E+00
     980.0000000000000000   2.2010344470728121E+01   1.5011136209292619E+00
     990.0000000000000000   2.2190085772537508E+01   1.4899813252593939E+00
    1000.0000000000000000   2.2369563947091738E+01   1.4790503666579715E+00
    1100.0000000000000000   2.4150576781313411E+01   1.3797060871322817E+00
    1200.0000000000000000   2.5910494028585799E+01   1.2938091068942204E+00
    1300.0000000000000000   2.7651602566255953E+01   1.2184745785326105E+00
    1400.0000000000000000   2.9375805503209875E+01   1.1515840025951745E+00
    1500.0000000000000000   3.1082907181577056E+01   1.0929434816452837E+00
    1600.0000000000000000   3.2775985186357481E+01   1.0398878967695409E+00
    1700.0000000000000000   3.4453085964278976E+01   9.9371012888763333E-01
    1800.0000000000000000   3.6120036413365924E+01   9.5011433347060847E-01
    1843.9990000000000236   3.6848318158760208E+01   9.3310782846648743E-01
    1844.0009999999999764   3.6848351351482833E+01   9.3310697409692733E-01
    1900.0000000000000000   3.7773027429620619E+01   9.1177101964421625E-01
    2000.0000000000000000   3.9415772035431814E+01   8.7612452848338507E-01
    2100.0000000000000000   4.1047740142260530E+01   8.4356260048339360E-01
    2200.0000000000000000   4.2671148046630819E+01   8.1274617582152109E-01
    2300.0000000000000000   4.4283152153910372E+01   7.8542327773956799E-01
    2400.0000000000000000   4.5887677390886360E+01   7.5929632312755191E-01
    2475.9989999999997963   4.7101095018920802E+01   7.4084166466687718E-01
    2476.0010000000002037   4.7101126835107813E+01   7.4084121323525032E-01
    2500.0000000000000000   4.7483292341395305E+01   7.3523430240719434E-01
    2526.9989999999997963   4.7912634481453452E+01   7.2905056880346608E-01
    2527.0010000000002037   4.7912666322021195E+01   7.2905008060774257E-01
    2600.0000000000000000   4.9070775102559821E+01   7.1284958220824524E-01
    2631.9989999999997963   4.9577478689948130E+01   7.0580844480170057E-01
    2632.0010000000002037   4.9577510661685899E+01   7.0580784517430561E-01
    2700.0000000000000000   5.0650524444436527E+01   6.9196463388266549E-01
    2800.0000000000000000   5.2222411229434790E+01   6.7264949935891361E-01
    2871.9989999999997963   5.3350912933393722E+01   6.5892053200106115E-01
    2872.0010000000002037   5.3350944295049466E+01   6.5892012584943915E-01
    2900.0000000000000000   5.3788581433613530E+01   6.5387405689574607E-01
    3000.0000000000000000   5.5346851355115504E+01   6.3679466817656838E-01
    3100.0000000000000000   5.6900260216259170E+01   6.1995420646012434E-01
    3200.0000000000000000   5.8446143207415425E+01   6.0461373058581180E-01
    3300.0000000000000000   5.9987054621134938E+01   5.8970143373879413E-01
    3400.0000000000000000   6.1521947072878874E+01   5.7568125427307115E-01
    3500.0000000000000000   6.3050652831789478E+01   5.6263994603534284E-01
    3600.0000000000000000   6.4574192461893091E+01   5.5018218918179707E-01
    3700.0000000000000000   6.6093428933644020E+01   5.3801317572045426E-01
    3800.0000000000000000   6.7607459321421857E+01   5.2643494629158272E-01
    3900.0000000000000000   6.9115628542653440E+01   5.1582514895765630E-01
    4000.0000000000000000   7.0619863277775806E+01   5.0542009692753698E-01
    4100.0000000000000000   7.2120349182046681E+01   4.9516919240372997E-01
    4200.0000000000000000   7.3615540792262408E+01   4.8563895081806469E-01
    4300.0000000000000000   7.5105874312657050E+01   4.7677465262713536E-01
    4400.0000000000000000   7.6595036286563726E+01   4.6719531941054643E-01
    4500.0000000000000000   7.8076540399348872E+01   4.5925359628075013E-01
    4600.0000000000000000   7.9556316743787448E+01   4.5091832336496729E-01
    4700.0000000000000000   8.1029822995465267E+01   4.4361939438644787E-01
    4800.0000000000000000   8.2502215769052469E+01   4.3582285471751797E-01
    4900.0000000000000000   8.3971120417302870E+01   4.2826154981609466E-01
    5000.0000000000000000   8.5435993957517667E+01   4.2111352217611647E-01
    5100.0000000000000000   8.6896993940611040E+01   4.1434209519378329E-01
    5200.0000000000000000   8.8354202722722405E+01   4.0793481364275458E-01
    5300.0000000000000000   8.9807816519241328E+01   4.0184081665839683E-01
    5400.0000000000000000   9.1257376789506935E+01   3.9619555236298754E-01
    5500.0000000000000000   9.2707486483306624E+01   3.8967557299709554E-01
    5600.0000000000000000   9.4152727231115989E+01   3.8386392704963224E-01
    5700.0000000000000000   9.5592483201410118E+01   3.7888311599001168E-01
    5800.0000000000000000   9.7033743959353060E+01   3.7287094076323740E-01
    5900.0000000000000000   9.8466926001808801E+01   3.6846940371536097E-01
    6000.0000000000000000   9.9902967586245055E+01   3.6272056435063643E-01
    6100.0000000000000000   1.0133495673760252E+02   3.5743132984815879E-01
    6200.0000000000000000   1.0275825428125735E+02   3.5381765286860756E-01
    6300.0000000000000000   1.0418584746718987E+02   3.4857868527713054E-01
    6400.0000000000000000   1.0560898820463733E+02   3.4399347329581170E-01
    6500.0000000000000000   1.0702925266512857E+02   3.3947337176810188E-01
    6600.0000000000000000   1.0844823377312490E+02   3.3493392498881108E-01
    6700.0000000000000000   1.0986306556572173E+02   3.3081288548945548E-01
    6800.0000000000000000   1.1127609362784131E+02   3.2671001762052759E-01
    6900.0000000000000000   1.1268575020017207E+02   3.2296908542696190E-01
    7000.0000000000000000   1.1409296613145213E+02   3.1930252558709654E-01
    7100.0000000000000000   1.1549845120588714E+02   3.1564931695847165E-01
    7200.0000000000000000   1.1690019871601707E+02   3.1240218811651260E-01
    7300.0000000000000000   1.1829970491400893E+02   3.0919788773379442E-01
    7400.0000000000000000   1.1970410850581271E+02   3.0459732710793763E-01
    7500.0000000000000000   1.2109852130844840E+02   3.0169191159157199E-01
    7600.0000000000000000   1.2249223948869059E+02   2.9876132839564207E-01
    7700.0000000000000000   1.2388823654467767E+02   2.9473860848093747E-01
    7800.0000000000000000   1.2527681025768335E+02   2.9203123907142881E-01
    7900.0000000000000000   1.2666361884492588E+02   2.8948294954044357E-01
    8000.0000000000000000   1.2805269789446467E+02   2.8591980295935249E-01
    8100.0000000000000000   1.2943429015625836E+02   2.8355638210853812E-01
    8200.0000000000000000   1.3082057898615307E+02   2.8011546521456454E-01
    8300.0000000000000000   1.3219979320340323E+02   2.7768461757213536E-01
    8400.0000000000000000   1.3358062725942193E+02   2.7446426924191586E-01
    8500.0000000000000000   1.3495950008927861E+02   2.7137819825741771E-01
    8600.0000000000000000   1.3633063877874184E+02   2.6972728317393374E-01
    8700.0000000000000000   1.3770771819035252E+02   2.6662216648619197E-01
    8800.0000000000000000   1.3908205568864321E+02   2.6351323709057611E-01
    8900.0000000000000000   1.4044479476510290E+02   2.6242126630789492E-01
    9000.0000000000000000   1.4181733012091453E+02   2.5914360684192067E-01
    9100.0000000000000000   1.4318396218930064E+02   2.5684922527392307E-01
    9200.0000000000000000   1.4455224338372403E+02   2.5401536151301035E-01
    9300.0000000000000000   1.4591417077786122E+02   2.5214008262821941E-01
    9400.0000000000000000   1.4727205573137184E+02   2.5063838635806918E-01
    9500.0000000000000000   1.4863490017268336E+02   2.4790442645027119E-01
    9600.0000000000000000   1.4999472174209774E+02   2.4554519038505765E-01
    9700.0000000000000000   1.5135183003190463E+02   2.4336880757917326E-01
    9800.0000000000000000   1.5270624937047975E+02   2.4144920617645826E-01
    9900.0000000000000000   1.5405994952011054E+02   2.3943430909951374E-01
   10000.0000000000000000   1.5541264056800023E+02   2.3738513047364063E-01
   11000.0000000000000000   1.6886389713837065E+02   2.1851720616678810E-01
   12000.0000000000000000   1.8217569316212325E+02   2.0349899856667947E-01
   13000.0000000000000000   1.9536996405279055E+02   1.9037282394387664E-01
   14000.0000000000000000   2.0846091459383831E+02   1.7840091314853587E-01
   15000.0000000000000000   2.2144643690262052E+02   1.6840515650875185E-01
   16000.0000000000000000   2.3434772955857107E+02   1.5961135619231026E-01
   17000.0000000000000000   2.4715740867054387E+02   1.5157525273421019E-01
   18000.0000000000000000   2.5988886581640094E+02   1.4516760765645539E-01
   19000.0000000000000000   2.7255946608744671E+02   1.3757320959369165E-01
   20000.0000000000000000   2.8515555591304263E+02   1.3182304494402339E-01
   20005.9989999999997963   2.8523247498842289E+02   1.3162505240174591E-01
   20006.0010000000002037   2.8523250056853550E+02   1.3162499818339840E-01
   21000.0000000000000000   2.9767644666136687E+02   1.2746469416836040E-01
   22000.0000000000000000   3.1015531965810226E+02   1.2133058970188962E-01
   23000.0000000000000000   3.2255477642454264E+02   1.1657408624136589E-01
   24000.0000000000000000   3.3491930963806720E+02   1.1264313127967034E-01
   25000.0000000000000000   3.4721956029308785E+02   1.0958072138868591E-01
   26000.0000000000000000   3.5947805534820651E+02   1.0599927059494242E-01
   27000.0000000000000000   3.7169147713414100E+02   1.0176062561022392E-01
   28000.0000000000000000   3.8383195058548438E+02   9.9107680764731421E-02
   29000.0000000000000000   3.9596276187068707E+02   9.6656364573137268E-02
   30000.0000000000000000   4.0804098896982129E+02   9.2801326260025505E-02
   31000.0000000000000000   4.2010109959849984E+02   9.0319300421060705E-02
   32000.0000000000000000   4.3208257558663001E+02   8.7928561255801549E-02
   33000.0000000000000000   4.4401339231393445E+02   8.6804607151967916E-02
   34000.0000000000000000   4.5593795700839496E+02   8.4627180593489795E-02
   35000.0000000000000000   4.6785298768922479E+02   8.1219792076137359E-02
   36000.0000000000000000   4.7970906360295800E+02   8.0297211206092609E-02
   37000.0000000000000000   4.9156465408737557E+02   7.8744550170687488E-02
   38000.0000000000000000   5.0338274541488516E+02   7.5522297290384816E-02
   39000.0000000000000000   5.1510661182841056E+02   7.3915117975411490E-02
   40000.0000000000000000   5.2690559908051409E+02   7.2097019468698786E-02
   41000.0000000000000000   5.3857559988898583E+02   7.0389982781855723E-02
   42000.0000000000000000   5.5028753115472227E+02   6.9835910049172181E-02
   43000.0000000000000000   5.6189694111960796E+02   6.7737488954833336E-02
   44000.0000000000000000   5.7358351395451973E+02   6.6138631194418790E-02
   45000.0000000000000000   5.8519759098675104E+02   6.5285605011786915E-02
   46000.0000000000000000   5.9672771380476513E+02   6.3939576969533729E-02
   47000.0000000000000000   6.0825689561311981E+02   6.3545441523405660E-02
   48000.0000000000000000   6.1983693143133917E+02   6.1821239619317361E-02
   49000.0000000000000000   6.3135425670111908E+02   6.1327485731958530E-02
   50000.0000000000000000   6.4287702196377120E+02   5.9406040948779090E-02
