       0.1000000000000000   1.0000000000000000E+30   0.0000000000000000E+00
       0.2000000000000000   1.0000000000000000E+30   0.0000000000000000E+00
       0.3000000000000000   1.0000000000000000E+30   0.0000000000000000E+00
       0.4000000000000000   1.0000000000000000E+30   0.0000000000000000E+00
       0.5000000000000000   1.0000000000000000E+30   0.0000000000000000E+00
       0.6000000000000000   1.0000000000000000E+30   0.0000000000000000E+00
       0.7000000000000000   1.0000000000000000E+30   0.0000000000000000E+00
       0.7999999999999999   1.0000000000000000E+30   0.0000000000000000E+00
       0.8999999999999999   1.0000000000000000E+30   0.0000000000000000E+00
       0.9999999999999999   1.0000000000000000E+30   0.0000000000000000E+00
       2.0000000000000000   1.0000000000000000E+30   0.0000000000000000E+00
       3.0000000000000000   1.0000000000000000E+30   0.0000000000000000E+00
       4.0000000000000000   1.0000000000000000E+30   0.0000000000000000E+00
       5.0000000000000000   1.0000000000000000E+30   0.0000000000000000E+00
       6.0000000000000000   1.0000000000000000E+30   0.0000000000000000E+00
       7.0000000000000000   1.0000000000000000E+30   0.0000000000000000E+00
       8.0000000000000000   1.0000000000000000E+30   0.0000000000000000E+00
       9.0000000000000000   1.0000000000000000E+30   0.0000000000000000E+00
      10.0000000000000000   1.0000000000000000E+30   0.0000000000000000E+00
      11.0000000000000000   1.0000000000000000E+30   0.0000000000000000E+00
      12.0000000000000000   1.0000000000000000E+30   0.0000000000000000E+00
      13.0000000000000000   1.0000000000000000E+30   0.0000000000000000E+00
      14.0000000000000000   1.0000000000000000E+30   0.0000000000000000E+00
      15.0000000000000000   1.0000000000000000E+30   0.0000000000000000E+00
      16.0000000000000000   1.0000000000000000E+30   0.0000000000000000E+00
      17.0000000000000000   1.0000000000000000E+30   0.0000000000000000E+00
      18.0000000000000000   1.0000000000000000E+30   0.0000000000000000E+00
      19.0000000000000000   1.0000000000000000E+30   0.0000000000000000E+00
      20.0000000000000000   1.0000000000000000E+30   0.0000000000000000E+00
      21.0000000000000000   1.0000000000000000E+30   0.0000000000000000E+00
      22.0000000000000000   1.0000000000000000E+30   0.0000000000000000E+00
      23.0000000000000000   1.0000000000000000E+30   0.0000000000000000E+00
      24.0000000000000000   1.0000000000000000E+30   0.0000000000000000E+00
      25.0000000000000000   1.0000000000000000E+30   0.0000000000000000E+00
      26.0000000000000000   1.0000000000000000E+30   0.0000000000000000E+00
      27.0000000000000000   1.0000000000000000E+30   0.0000000000000000E+00
      28.0000000000000000   1.0000000000000000E+30   0.0000000000000000E+00
      29.0000000000000000   1.0000000000000000E+30   0.0000000000000000E+00
      30.0000000000000000   1.0000000000000000E+30   0.0000000000000000E+00
      31.0000000000000000   1.0000000000000000E+30   0.0000000000000000E+00
      32.0000000000000000   1.0000000000000000E+30   0.0000000000000000E+00
      33.0000000000000000   1.0000000000000000E+30   0.0000000000000000E+00
      34.0000000000000000   1.0000000000000000E+30   0.0000000000000000E+00
      35.0000000000000000   1.0000000000000000E+30   0.0000000000000000E+00
      36.0000000000000000   1.0000000000000000E+30   0.0000000000000000E+00
      37.0000000000000000   1.0000000000000000E+30   0.0000000000000000E+00
      38.0000000000000000   1.0000000000000000E+30   0.0000000000000000E+00
      39.0000000000000000   1.0000000000000000E+30   0.0000000000000000E+00
      40.0000000000000000   1.0000000000000000E+30   0.0000000000000000E+00
      41.0000000000000000   1.0000000000000000E+30   0.0000000000000000E+00
      41.9990000000000023   1.0000000000000000E+30   0.0000000000000000E+00
      42.0000000000000000   1.0000000000000000E+30   0.0000000000000000E+00
      42.0009999999999977   1.0000000000000000E+30   0.0000000000000000E+00
      43.0000000000000000   1.0000000000000000E+30   0.0000000000000000E+00
      44.0000000000000000   1.0000000000000000E+30   0.0000000000000000E+00
      44.9990000000000023   1.0000000000000000E+30   0.0000000000000000E+00
      45.0000000000000000   1.0000000000000000E+30   0.0000000000000000E+00
      45.0009999999999977   1.0000000000000000E+30   0.0000000000000000E+00
      46.0000000000000000   1.0000000000000000E+30   0.0000000000000000E+00
      47.0000000000000000   1.0000000000000000E+30   0.0000000000000000E+00
      48.0000000000000000   1.0000000000000000E+30   0.0000000000000000E+00
      49.0000000000000000   1.0000000000000000E+30   0.0000000000000000E+00
      50.0000000000000000   1.0000000000000000E+30   0.0000000000000000E+00
      51.0000000000000000   1.0000000000000000E+30   0.0000000000000000E+00
      52.0000000000000000   1.0000000000000000E+30   0.0000000000000000E+00
      53.0000000000000000   1.0000000000000000E+30   0.0000000000000000E+00
      54.0000000000000000   1.0000000000000000E+30   0.0000000000000000E+00
      55.0000000000000000   1.0000000000000000E+30   0.0000000000000000E+00
      56.0000000000000000   1.0000000000000000E+30   0.0000000000000000E+00
      57.0000000000000000   1.0000000000000000E+30   0.0000000000000000E+00
      58.0000000000000000   1.0000000000000000E+30   0.0000000000000000E+00
      59.0000000000000000   1.0000000000000000E+30   0.0000000000000000E+00
      60.0000000000000000   1.0000000000000000E+30   0.0000000000000000E+00
      61.0000000000000000   1.0000000000000000E+30   0.0000000000000000E+00
      62.0000000000000000   1.0000000000000000E+30   0.0000000000000000E+00
      63.0000000000000000   1.0000000000000000E+30   0.0000000000000000E+00
      64.0000000000000000   1.0000000000000000E+30   0.0000000000000000E+00
      65.0000000000000000   1.0000000000000000E+30   0.0000000000000000E+00
      66.0000000000000000   1.0000000000000000E+30   0.0000000000000000E+00
      67.0000000000000000   1.0000000000000000E+30   0.0000000000000000E+00
      67.9989999999999952   1.0000000000000000E+30   0.0000000000000000E+00
      68.0000000000000000   1.0000000000000000E+30   0.0000000000000000E+00
      68.0010000000000048   1.0000000000000000E+30   0.0000000000000000E+00
      69.0000000000000000   1.0000000000000000E+30   0.0000000000000000E+00
      70.0000000000000000   1.0000000000000000E+30   0.0000000000000000E+00
      71.0000000000000000   1.0000000000000000E+30   0.0000000000000000E+00
      72.0000000000000000   1.0000000000000000E+30   0.0000000000000000E+00
      73.0000000000000000   1.0000000000000000E+30   0.0000000000000000E+00
      74.0000000000000000   1.0000000000000000E+30   0.0000000000000000E+00
      75.0000000000000000   1.0000000000000000E+30   0.0000000000000000E+00
      76.0000000000000000   1.0000000000000000E+30   0.0000000000000000E+00
      77.0000000000000000   1.0000000000000000E+30   0.0000000000000000E+00
      78.0000000000000000   1.0000000000000000E+30   0.0000000000000000E+00
      79.0000000000000000   1.0000000000000000E+30   0.0000000000000000E+00
      80.0000000000000000   1.0000000000000000E+30   0.0000000000000000E+00
      81.0000000000000000   1.0000000000000000E+30   0.0000000000000000E+00
      82.0000000000000000   1.0000000000000000E+30   0.0000000000000000E+00
      83.0000000000000000   1.0000000000000000E+30   0.0000000000000000E+00
      84.0000000000000000   1.0000000000000000E+30   0.0000000000000000E+00
      85.0000000000000000   1.0000000000000000E+30   0.0000000000000000E+00
      86.0000000000000000   1.0000000000000000E+30   0.0000000000000000E+00
      87.0000000000000000   1.0000000000000000E+30   0.0000000000000000E+00
      88.0000000000000000   1.0000000000000000E+30   0.0000000000000000E+00
      89.0000000000000000   1.0000000000000000E+30   0.0000000000000000E+00
      90.0000000000000000   1.0000000000000000E+30   0.0000000000000000E+00
      91.0000000000000000   1.0000000000000000E+30   0.0000000000000000E+00
      92.0000000000000000   1.0000000000000000E+30   0.0000000000000000E+00
      93.0000000000000000   1.0000000000000000E+30   0.0000000000000000E+00
      94.0000000000000000   1.0000000000000000E+30   0.0000000000000000E+00
      95.0000000000000000   1.0000000000000000E+30   0.0000000000000000E+00
      96.0000000000000000   1.0000000000000000E+30   0.0000000000000000E+00
      97.0000000000000000   1.0000000000000000E+30   0.0000000000000000E+00
      98.0000000000000000   1.0000000000000000E+30   0.0000000000000000E+00
      99.0000000000000000   1.0000000000000000E+30   0.0000000000000000E+00
     100.0000000000000000   1.0000000000000000E+30   0.0000000000000000E+00
     103.9989999999999952   1.0000000000000000E+30   0.0000000000000000E+00
     104.0010000000000048   1.0000000000000000E+30   0.0000000000000000E+00
     110.0000000000000000   1.0000000000000000E+30   0.0000000000000000E+00
     120.0000000000000000   1.0000000000000000E+30   0.0000000000000000E+00
     130.0000000000000000   1.0000000000000000E+30   0.0000000000000000E+00
     140.0000000000000000   1.0000000000000000E+30   0.0000000000000000E+00
     150.0000000000000000   1.0000000000000000E+30   0.0000000000000000E+00
     153.9989999999999952   1.0000000000000000E+30   0.0000000000000000E+00
     154.0010000000000048   1.0000000000000000E+30   0.0000000000000000E+00
     160.0000000000000000   1.0000000000000000E+30   0.0000000000000000E+00
     167.9989999999999952   1.0000000000000000E+30   0.0000000000000000E+00
     168.0010000000000048   1.0000000000000000E+30   0.0000000000000000E+00
     169.9989999999999952   1.0000000000000000E+30   0.0000000000000000E+00
     170.0000000000000000   1.0000000000000000E+30   0.0000000000000000E+00
     170.0010000000000048   1.0000000000000000E+30   0.0000000000000000E+00
     180.0000000000000000   1.0000000000000000E+30   0.0000000000000000E+00
     190.0000000000000000   1.0000000000000000E+30   0.0000000000000000E+00
     200.0000000000000000   1.0000000000000000E+30   0.0000000000000000E+00
     210.0000000000000000   1.0000000000000000E+30   0.0000000000000000E+00
     220.0000000000000000   1.0000000000000000E+30   0.0000000000000000E+00
     230.0000000000000000   1.0000000000000000E+30   0.0000000000000000E+00
     231.9989999999999952   1.0000000000000000E+30   0.0000000000000000E+00
     232.0010000000000048   1.0000000000000000E+30   0.0000000000000000E+00
     233.9989999999999952   1.0000000000000000E+30   0.0000000000000000E+00
     234.0010000000000048   1.0000000000000000E+30   0.0000000000000000E+00
     236.9989999999999952   1.0000000000000000E+30   0.0000000000000000E+00
     237.0010000000000048   1.0000000000000000E+30   0.0000000000000000E+00
     240.0000000000000000   1.0000000000000000E+30   0.0000000000000000E+00
     250.0000000000000000   1.0000000000000000E+30   0.0000000000000000E+00
     260.0000000000000000   1.0000000000000000E+30   0.0000000000000000E+00
     270.0000000000000000   1.0000000000000000E+30   0.0000000000000000E+00
     280.0000000000000000   1.0000000000000000E+30   0.0000000000000000E+00
     290.0000000000000000   1.0000000000000000E+30   0.0000000000000000E+00
     300.0000000000000000   1.0000000000000000E+30   0.0000000000000000E+00
     310.0000000000000000   1.0000000000000000E+30   0.0000000000000000E+00
     320.0000000000000000   1.0000000000000000E+30   0.0000000000000000E+00
     330.0000000000000000   1.0000000000000000E+30   0.0000000000000000E+00
     340.0000000000000000   1.0000000000000000E+30   0.0000000000000000E+00
     350.0000000000000000   1.0000000000000000E+30   0.0000000000000000E+00
     360.0000000000000000   1.0000000000000000E+30   0.0000000000000000E+00
     370.0000000000000000   1.0000000000000000E+30   0.0000000000000000E+00
     380.0000000000000000   1.0000000000000000E+30   0.0000000000000000E+00
     390.0000000000000000   1.0000000000000000E+30   0.0000000000000000E+00
     398.9990000000000236   1.0000000000000000E+30   0.0000000000000000E+00
     399.0009999999999764   1.0000000000000000E+30   0.0000000000000000E+00
     400.0000000000000000   1.0000000000000000E+30   0.0000000000000000E+00
     410.0000000000000000   1.0000000000000000E+30   0.0000000000000000E+00
     415.9990000000000236   1.0000000000000000E+30   0.0000000000000000E+00
     416.0009999999999764   1.0000000000000000E+30   0.0000000000000000E+00
     420.0000000000000000   1.0000000000000000E+30   0.0000000000000000E+00
     430.0000000000000000   1.0000000000000000E+30   0.0000000000000000E+00
     440.0000000000000000   1.0000000000000000E+30   0.0000000000000000E+00
     450.0000000000000000   1.0000000000000000E+30   0.0000000000000000E+00
     460.0000000000000000   1.0000000000000000E+30   0.0000000000000000E+00
     470.0000000000000000   1.0000000000000000E+30   0.0000000000000000E+00
     480.0000000000000000   1.0000000000000000E+30   0.0000000000000000E+00
     490.0000000000000000   1.0000000000000000E+30   0.0000000000000000E+00
     500.0000000000000000   1.0000000000000000E+30   0.0000000000000000E+00
     510.0000000000000000   1.0000000000000000E+30   0.0000000000000000E+00
     510.9989999999999668   1.0000000000000000E+30   0.0000000000000000E+00
     511.0009999999999195   1.4339875110996279E+12   3.5634898912623626E-10
     520.0000000000000000   9.2488165673725940E+06   5.5476371469791093E-05
     530.0000000000000000   2.9781155693311850E+06   1.7305871866495531E-04
     540.0000000000000000   1.5588233633618178E+06   3.3208658602900505E-04
     550.0000000000000000   9.8755632643168909E+05   5.2647425309154997E-04
     560.0000000000000000   6.9359615408355906E+05   7.5283901769060825E-04
     570.0000000000000000   5.1983295652452466E+05   1.0087838379280515E-03
     580.0000000000000000   4.0749565944450977E+05   1.2923357719252116E-03
     590.0000000000000000   3.3011119703087688E+05   1.6019931004924274E-03
     600.0000000000000000   2.7424646928390465E+05   1.9363781094794315E-03
     610.0000000000000000   2.3243210981220246E+05   2.2942130113749160E-03
     620.0000000000000000   2.0021197030841702E+05   2.6744115866007044E-03
     630.0000000000000000   1.7479067411141394E+05   3.0759511365093112E-03
     640.0000000000000000   1.5434066909524603E+05   3.4977424990805042E-03
     650.0000000000000000   1.3761232183243852E+05   3.9388860681317389E-03
     660.0000000000000000   1.2372928944879372E+05   4.3985889669089255E-03
     670.0000000000000000   1.1206729959061558E+05   4.8759023081591064E-03
     680.0000000000000000   1.0216258712456161E+05   5.3701170079731636E-03
     690.0000000000000000   9.3671389405926777E+04   5.8803561939594308E-03
     700.0000000000000000   8.6330206601030572E+04   6.4058482395362203E-03
     710.0000000000000000   7.9932716088034591E+04   6.9460494494064211E-03
     720.0000000000000000   7.4322004119462799E+04   7.5000111391392019E-03
     730.0000000000000000   6.9369234454722318E+04   8.0672142501177664E-03
     740.0000000000000000   6.4973138858224636E+04   8.6469286217145773E-03
     750.0000000000000000   6.1050549336911718E+04   9.2385918880596319E-03
     760.0000000000000000   5.7534858263008187E+04   9.8414206837624252E-03
     770.0000000000000000   5.4369601938267238E+04   1.0454912712833097E-02
     780.0000000000000000   5.1508439573134034E+04   1.1078475057462529E-02
     790.0000000000000000   4.8913173228950065E+04   1.1711375551671420E-02
     800.0000000000000000   4.6550432230533348E+04   1.2353196097049744E-02
     810.0000000000000000   4.4393138282361484E+04   1.3003184795107944E-02
     820.0000000000000000   4.2416862075090401E+04   1.3661026620795566E-02
     830.0000000000000000   4.0602137718472201E+04   1.4325919526024525E-02
     840.0000000000000000   3.8930996199569883E+04   1.4997481684379307E-02
     850.0000000000000000   3.7388576386428336E+04   1.5675097717151171E-02
     860.0000000000000000   3.5961733672331764E+04   1.6358240861092350E-02
     870.0000000000000000   3.4638916548707020E+04   1.7046428910686983E-02
     880.0000000000000000   3.3410122807462678E+04   1.7739134821139233E-02
     890.0000000000000000   3.2266591367568231E+04   1.8435807755280979E-02
     900.0000000000000000   3.1200395057545338E+04   1.9136030347824965E-02
     910.0000000000000000   3.0204714483858177E+04   1.9839259751492928E-02
     920.0000000000000000   2.9273389030055172E+04   2.0545037994986810E-02
     930.0000000000000000   2.8400948028794210E+04   2.1252892876280915E-02
     940.0000000000000000   2.7582535764055934E+04   2.1962344067183729E-02
     950.0000000000000000   2.6813726255861297E+04   2.2672977605481780E-02
     960.0000000000000000   2.6090603133960838E+04   2.3384342828424533E-02
     970.0000000000000000   2.5409636089503932E+04   2.4095992583691418E-02
     980.0000000000000000   2.4767624482773397E+04   2.4807513329454012E-02
     990.0000000000000000   2.4161664033373028E+04   2.5518506899647030E-02
    1000.0000000000000000   2.3589135698519985E+04   2.6228566790357198E-02
    1100.0000000000000000   1.9267259793592399E+04   3.3199767935626373E-02
    1200.0000000000000000   1.6601375369748621E+04   3.9735904026840678E-02
    1300.0000000000000000   1.4864876694223458E+04   4.5649944967547464E-02
    1400.0000000000000000   1.3691080927628833E+04   5.0862842845040251E-02
    1500.0000000000000000   1.2877960528274931E+04   5.5370809395236691E-02
    1600.0000000000000000   1.2306739223926268E+04   5.9214263816950538E-02
    1700.0000000000000000   1.1903933163925563E+04   6.2455020956387726E-02
    1800.0000000000000000   1.1622123310180043E+04   6.5162031298652182E-02
    1843.9990000000000236   1.1527889753411802E+04   6.6201672311145487E-02
    1844.0009999999999764   1.1527885829640030E+04   6.6201717595290491E-02
    1900.0000000000000000   1.1429607247827973E+04   6.7403289536328861E-02
    2000.0000000000000000   1.1304523303134050E+04   6.9241870303708097E-02
    2100.0000000000000000   1.1231385606607892E+04   7.0734292579022015E-02
    2200.0000000000000000   1.1198972121027837E+04   7.1930068446107748E-02
    2300.0000000000000000   1.1198972159093795E+04   7.2872115574150367E-02
    2400.0000000000000000   1.1225116550418927E+04   7.3597357533267932E-02
    2475.9989999999997963   1.1259472977736730E+04   7.4023147117262780E-02
    2476.0010000000002037   1.1259474028665738E+04   7.4023157022058195E-02
    2500.0000000000000000   1.1272601295161279E+04   7.4137378747703223E-02
    2526.9989999999997963   1.1288574643782955E+04   7.4255025747291814E-02
    2527.0010000000002037   1.1288575873143835E+04   7.4255034045041010E-02
    2600.0000000000000000   1.1337688396486745E+04   7.4519162855104071E-02
    2631.9989999999997963   1.1361733464435783E+04   7.4611774025208424E-02
    2632.0010000000002037   1.1361735012562800E+04   7.4611779393811029E-02
    2700.0000000000000000   1.1417430171319587E+04   7.4765745766859917E-02
    2800.0000000000000000   1.1509475724074187E+04   7.4896779368935434E-02
    2871.9989999999997963   1.1582286275674418E+04   7.4929102653985710E-02
    2872.0010000000002037   1.1582288367540285E+04   7.4929102892112492E-02
    2900.0000000000000000   1.1611927947917678E+04   7.4929057241674771E-02
    3000.0000000000000000   1.1723241960054478E+04   7.4876935179157125E-02
    3100.0000000000000000   1.1842147820699876E+04   7.4752707839402840E-02
    3200.0000000000000000   1.1967593268497538E+04   7.4566914909321338E-02
    3300.0000000000000000   1.2098699574670258E+04   7.4328611717850948E-02
    3400.0000000000000000   1.2234727402342467E+04   7.4045593703702478E-02
    3500.0000000000000000   1.2375052122055362E+04   7.3724567101540781E-02
    3600.0000000000000000   1.2519141206699984E+04   7.3371328447317918E-02
    3700.0000000000000000   1.2666539457867466E+04   7.2990882376490845E-02
    3800.0000000000000000   1.2816854688142585E+04   7.2587564491371798E-02
    3900.0000000000000000   1.2969748513648487E+04   7.2165127359541531E-02
    4000.0000000000000000   1.3124926600484388E+04   7.1726832105106678E-02
    4100.0000000000000000   1.3282132881832931E+04   7.1275504231253922E-02
    4200.0000000000000000   1.3441142943499832E+04   7.0813604481204911E-02
    4300.0000000000000000   1.3601759859416781E+04   7.0343271222560969E-02
    4400.0000000000000000   1.3763810066708436E+04   6.9866365182058493E-02
    4500.0000000000000000   1.3927140022035523E+04   6.9384508067395725E-02
    4600.0000000000000000   1.4091613925979604E+04   6.8899107654067329E-02
    4700.0000000000000000   1.4257110528189534E+04   6.8411395986575280E-02
    4800.0000000000000000   1.4423522328114957E+04   6.7922439087317571E-02
    4900.0000000000000000   1.4590752707153024E+04   6.7433169840839857E-02
    5000.0000000000000000   1.4758715495167671E+04   6.6944395572272927E-02
    5100.0000000000000000   1.4927333248325913E+04   6.6456818509163504E-02
    5200.0000000000000000   1.5096536280576451E+04   6.5971047526372881E-02
    5300.0000000000000000   1.5266261737175017E+04   6.5487609928496990E-02
    5400.0000000000000000   1.5436452891197710E+04   6.5006961015848158E-02
    5500.0000000000000000   1.5607058523707936E+04   6.4529492024349822E-02
    5600.0000000000000000   1.5778032137986249E+04   6.4055538931662562E-02
    5700.0000000000000000   1.5949331599931860E+04   6.3585388665063830E-02
    5800.0000000000000000   1.6119806853780621E+04   6.3141523102858824E-02
    5900.0000000000000000   1.6283478080867375E+04   6.2792722180120178E-02
    6000.0000000000000000   1.6447180910192754E+04   6.2449740491605878E-02
    6100.0000000000000000   1.6629690654501443E+04   6.1886848164794832E-02
    6200.0000000000000000   1.6793063455951382E+04   6.1559601901432871E-02
    6300.0000000000000000   1.6974767853938378E+04   6.1020228833891466E-02
    6400.0000000000000000   1.7137827156825548E+04   6.0707615004352268E-02
    6500.0000000000000000   1.7318754498296294E+04   6.0190205875183700E-02
    6600.0000000000000000   1.7499255487187063E+04   5.9684924865857185E-02
    6700.0000000000000000   1.7661695178883805E+04   5.9394352627113664E-02
    6800.0000000000000000   1.7841461538258496E+04   5.8908850116056365E-02
    6900.0000000000000000   1.8003633780361972E+04   5.8630451383471199E-02
    7000.0000000000000000   1.8182692643390914E+04   5.8163489606110792E-02
    7100.0000000000000000   1.8361360133908987E+04   5.7706825573689120E-02
    7200.0000000000000000   1.8522990590232897E+04   5.7446916696182723E-02
    7300.0000000000000000   1.8700990450635560E+04   5.7007044392691622E-02
    7400.0000000000000000   1.8878618743948155E+04   5.6576533621358470E-02
    7500.0000000000000000   1.9055881686786921E+04   5.6155076085124031E-02
    7600.0000000000000000   1.9216751000796412E+04   5.5918038225847254E-02
    7700.0000000000000000   1.9393396738011845E+04   5.5511322823394688E-02
    7800.0000000000000000   1.9569695708758863E+04   5.5112872116547980E-02
    7900.0000000000000000   1.9745653797834097E+04   5.4722424695342338E-02
    8000.0000000000000000   1.9921276820225736E+04   5.4339729723607996E-02
    8100.0000000000000000   2.0081230639564728E+04   5.4127920425490486E-02
    8200.0000000000000000   2.0256294139772377E+04   5.3757825543147536E-02
    8300.0000000000000000   2.0431039384227479E+04   5.3394843349654185E-02
    8400.0000000000000000   2.0605471696138549E+04   5.3038760607796942E-02
    8500.0000000000000000   2.0779596339910047E+04   5.2689372023938710E-02
    8600.0000000000000000   2.0953418476727438E+04   5.2346480543794288E-02
    8700.0000000000000000   2.1126943144568821E+04   5.2009897058462574E-02
    8800.0000000000000000   2.1285693801444842E+04   5.1828097080885795E-02
    8900.0000000000000000   2.1458730204456358E+04   5.1501729635856280E-02
    9000.0000000000000000   2.1631483551409394E+04   5.1181186640014628E-02
    9100.0000000000000000   2.1803958564835393E+04   5.0866304298707150E-02
    9200.0000000000000000   2.1976159710812884E+04   5.0556926350278079E-02
    9300.0000000000000000   2.2148091487001886E+04   5.0252901213104023E-02
    9400.0000000000000000   2.2319758234021861E+04   4.9954083523191369E-02
    9500.0000000000000000   2.2491164178988314E+04   4.9660333380587063E-02
    9600.0000000000000000   2.2662313527462611E+04   4.9371515387313138E-02
    9700.0000000000000000   2.2833210363852941E+04   4.9087499305504996E-02
    9800.0000000000000000   2.3003858697796149E+04   4.8808159458942638E-02
    9900.0000000000000000   2.3174262403406923E+04   4.8533374944226500E-02
   10000.0000000000000000   2.3344425341346181E+04   4.8263028609501310E-02
   11000.0000000000000000   2.5046102281404914E+04   4.5665103027097344E-02
   12000.0000000000000000   2.6737770541745591E+04   4.3324588903286720E-02
   13000.0000000000000000   2.8409025619051976E+04   4.1290474098089378E-02
   14000.0000000000000000   3.0073198825256532E+04   3.9415481802120969E-02
   15000.0000000000000000   3.1720301139681684E+04   3.7756806488886560E-02
   16000.0000000000000000   3.3362276861657541E+04   3.6201237302792885E-02
   17000.0000000000000000   3.4989564539477615E+04   3.4806392478183665E-02
   18000.0000000000000000   3.6603406129504227E+04   3.3547767331604902E-02
   19000.0000000000000000   3.8214327404484844E+04   3.2342204333646131E-02
   20000.0000000000000000   3.9813310273112715E+04   3.1244038719200146E-02
   20005.9989999999997963   3.9823146595571845E+04   3.1235943097064747E-02
   20006.0010000000002037   3.9823149874830502E+04   3.1235940398810922E-02
   21000.0000000000000000   4.1401191012143274E+04   3.0239103899653463E-02
   22000.0000000000000000   4.2987598364617210E+04   2.9261411209977859E-02
   23000.0000000000000000   4.4555210604666936E+04   2.8412162185604859E-02
   24000.0000000000000000   4.6122258078315564E+04   2.7576645848076436E-02
   25000.0000000000000000   4.7680395550023692E+04   2.6801499976977054E-02
   26000.0000000000000000   4.9230108842454101E+04   2.6080243000117010E-02
   27000.0000000000000000   5.0780009412148705E+04   2.5363686208954222E-02
   28000.0000000000000000   5.2314023446092964E+04   2.4735858173237389E-02
   29000.0000000000000000   5.3848789859152872E+04   2.4106725319892826E-02
   30000.0000000000000000   5.5368594639053721E+04   2.3555027660784662E-02
   31000.0000000000000000   5.6889585288306997E+04   2.2997795570372064E-02
   32000.0000000000000000   5.8404104578387400E+04   2.2472407070193726E-02
   33000.0000000000000000   5.9912411249134908E+04   2.1976185927260736E-02
   34000.0000000000000000   6.1414757137638779E+04   2.1506706403050142E-02
   35000.0000000000000000   6.2911379058151724E+04   2.1061800648031453E-02
   36000.0000000000000000   6.4402494659504679E+04   2.0639548551727040E-02
   37000.0000000000000000   6.5888303376994227E+04   2.0238247960625282E-02
   38000.0000000000000000   6.7376166114056541E+04   1.9825848036428083E-02
   39000.0000000000000000   6.8851879089037946E+04   1.9462550315929680E-02
   40000.0000000000000000   7.0329810606475541E+04   1.9087288667762280E-02
   41000.0000000000000000   7.1796086629086640E+04   1.8756833133802251E-02
   42000.0000000000000000   7.3264748422517267E+04   1.8413667701454566E-02
   43000.0000000000000000   7.4729043677768277E+04   1.8085038873476605E-02
   44000.0000000000000000   7.6182159540740147E+04   1.7796563482312650E-02
   45000.0000000000000000   7.7637965140147076E+04   1.7494334541322730E-02
   46000.0000000000000000   7.9089755576876647E+04   1.7204148317092032E-02
   47000.0000000000000000   8.0537611825973465E+04   1.6925392757928318E-02
   48000.0000000000000000   8.1981626584705082E+04   1.6657443679691228E-02
   49000.0000000000000000   8.3421902391256022E+04   1.6399675555652964E-02
   50000.0000000000000000   8.4858540711677124E+04   1.6151497845954443E-02
