       0.1000000000000000   7.8715634786123573E+01   3.7093518805940613E-04
       0.2000000000000000   6.8685890508447372E+01   7.3399584004464299E-04
       0.3000000000000000   6.5007493731586749E+01   1.1037551193615945E-03
       0.4000000000000000   6.3289241457814384E+01   1.4657886975419550E-03
       0.5000000000000000   6.2168950890436868E+01   1.8323470689100671E-03
       0.6000000000000000   6.1337982981880607E+01   2.2040207049734630E-03
       0.7000000000000000   6.0674510378453988E+01   2.5813969601307051E-03
       0.7999999999999999   6.0112334397139740E+01   2.9648797644836631E-03
       0.8999999999999999   5.9621308028287118E+01   3.3538592714797404E-03
       0.9999999999999999   5.9171987976580070E+01   3.7497332638909524E-03
       2.0000000000000000   5.5539113111623863E+01   8.0923829186313467E-03
       3.0000000000000000   5.2270455121398562E+01   1.3218803272322261E-02
       4.0000000000000000   4.9162544961060085E+01   1.9197738326749560E-02
       5.0000000000000000   4.6257496697090779E+01   2.6058220233022133E-02
       6.0000000000000000   4.3585548728762461E+01   3.3806234839842290E-02
       7.0000000000000000   4.1153826769967374E+01   4.2430973774085959E-02
       8.0000000000000000   3.8950818181838983E+01   5.1916819330494815E-02
       9.0000000000000000   3.6956865314650344E+01   6.2247995154217729E-02
      10.0000000000000000   3.5149031503971642E+01   7.3412963891556396E-02
      11.0000000000000000   3.3504924271680267E+01   8.5405197317613576E-02
      12.0000000000000000   3.2003772734996275E+01   9.8223831726955702E-02
      13.0000000000000000   3.0627179816651907E+01   1.1187450120225302E-01
      14.0000000000000000   2.9358798717420761E+01   1.2637020027987206E-01
      15.0000000000000000   2.8184604983135685E+01   1.4173050063490647E-01
      16.0000000000000000   2.7092663261595426E+01   1.5798081923057777E-01
      17.0000000000000000   2.6072640107836040E+01   1.7515384017914093E-01
      18.0000000000000000   2.5115771080086631E+01   1.9328844280079410E-01
      19.0000000000000000   2.4214516504359498E+01   2.1243029183731407E-01
      20.0000000000000000   2.3362395297718404E+01   2.3263235582390551E-01
      21.0000000000000000   2.2553817652858257E+01   2.5395509888623002E-01
      22.0000000000000000   2.1783981734872562E+01   2.7646653340546568E-01
      23.0000000000000000   2.1048716396217813E+01   3.0024317935451700E-01
      24.0000000000000000   2.0344381732666196E+01   3.2537105358516416E-01
      25.0000000000000000   1.9667814805222793E+01   3.5194592662295471E-01
      26.0000000000000000   1.9016252230287794E+01   3.8007439502846052E-01
      27.0000000000000000   1.8387277148171457E+01   4.0987483764781041E-01
      28.0000000000000000   1.7778777424414180E+01   4.4147841256623832E-01
      29.0000000000000000   1.7188903982212540E+01   4.7503025047952918E-01
      30.0000000000000000   1.6616048772560127E+01   5.1069048229682046E-01
      31.0000000000000000   1.6058816437637290E+01   5.4863540835423985E-01
      32.0000000000000000   1.5516014134380189E+01   5.8905829600382109E-01
      33.0000000000000000   1.4986632198435069E+01   6.3217027425218786E-01
      34.0000000000000000   1.4469841794404159E+01   6.7820045851532595E-01
      35.0000000000000000   1.3964989825445326E+01   7.2739554288970776E-01
      36.0000000000000000   1.3471599876667893E+01   7.8001831222765938E-01
      37.0000000000000000   1.2989375841367417E+01   8.3634466534999341E-01
      38.0000000000000000   1.2518208155468640E+01   8.9665859343167142E-01
      39.0000000000000000   1.2058180813672676E+01   9.6124448375636284E-01
      40.0000000000000000   1.1609578329834662E+01   1.0303760741275090E+00
      41.0000000000000000   1.1172888019599014E+01   1.1043015812560715E+00
      41.9990000000000023   1.0749213649294887E+01   1.1831432499098966E+00
      42.0000000000000000   1.0748796125778702E+01   1.1832247216493530E+00
      42.0009999999999977   1.0748378615717590E+01   1.1833061985307243E+00
      43.0000000000000000   1.0338172156474144E+01   1.2672821107092989E+00
      44.0000000000000000   9.9420378547110246E+00   1.3565183533299991E+00
      44.9990000000000023   9.5618893976741237E+00   1.4507646510129140E+00
      45.0000000000000000   9.5615170623612080E+00   1.4508614876349646E+00
      45.0009999999999977   9.5611447438236734E+00   1.4509583291673036E+00
      46.0000000000000000   9.1977676331129619E+00   1.5501022904113826E+00
      47.0000000000000000   8.8518980733819781E+00   1.6538818143542653E+00
      48.0000000000000000   8.5248781631804089E+00   1.7616909198182717E+00
      49.0000000000000000   8.2174555316224893E+00   1.8728839342964763E+00
      50.0000000000000000   7.9300909538530551E+00   1.9867058993725304E+00
      51.0000000000000000   7.6629220472667576E+00   2.1023300507702052E+00
      52.0000000000000000   7.4157593523439163E+00   2.2189001769217271E+00
      53.0000000000000000   7.1881120062181214E+00   2.3355720070607320E+00
      54.0000000000000000   6.9792353979000845E+00   2.4515487456350207E+00
      55.0000000000000000   6.7881908033978755E+00   2.5661077716904850E+00
      56.0000000000000000   6.6139076487151787E+00   2.6786175714551668E+00
      57.0000000000000000   6.4552412823094141E+00   2.7885454793736102E+00
      58.0000000000000000   6.3110214151810364E+00   2.8954583581093156E+00
      59.0000000000000000   6.1800904918183823E+00   2.9990176244931770E+00
      60.0000000000000000   6.0613315887838501E+00   3.0989708547701666E+00
      61.0000000000000000   5.9536865352919666E+00   3.1951419748372643E+00
      62.0000000000000000   5.8561671806194049E+00   3.2874204467295227E+00
      63.0000000000000000   5.7678605900825177E+00   3.3757508947823029E+00
      64.0000000000000000   5.6879301365728026E+00   3.4601234213634511E+00
      65.0000000000000000   5.6156137538416049E+00   3.5405649179478025E+00
      66.0000000000000000   5.5502203560482695E+00   3.6171314719478462E+00
      67.0000000000000000   5.4911251912899610E+00   3.6899018637254533E+00
      67.9989999999999952   5.4378153420215858E+00   3.7589048288731437E+00
      68.0000000000000000   5.4377646725781750E+00   3.7589720861682072E+00
      68.0010000000000048   5.4377140083574229E+00   3.7590393398710251E+00
      69.0000000000000000   5.3896310575429949E+00   3.8244507871924442E+00
      70.0000000000000000   5.3462672248873089E+00   3.8864555228072959E+00
      71.0000000000000000   5.3072616959352281E+00   3.9451097089386753E+00
      72.0000000000000000   5.2722439931803367E+00   4.0005401657443498E+00
      73.0000000000000000   5.2408803724886761E+00   4.0528751595028973E+00
      74.0000000000000000   5.2128699427036844E+00   4.1022428580050301E+00
      75.0000000000000000   5.1879411529667667E+00   4.1487701377606552E+00
      76.0000000000000000   5.1658486997280226E+00   4.1925816175121779E+00
      77.0000000000000000   5.1463706487703904E+00   4.2337990268534487E+00
      78.0000000000000000   5.1293059846820803E+00   4.2725406518555662E+00
      79.0000000000000000   5.1144723766991547E+00   4.3089209836623272E+00
      80.0000000000000000   5.1017042060656452E+00   4.3430504755394574E+00
      81.0000000000000000   5.0908508157131127E+00   4.3750353949735894E+00
      82.0000000000000000   5.0817749581817546E+00   4.4049777509621988E+00
      83.0000000000000000   5.0743514184931886E+00   4.4329752802523066E+00
      84.0000000000000000   5.0684657913650604E+00   4.4591214794469511E+00
      85.0000000000000000   5.0640133967102443E+00   4.4835056721645037E+00
      86.0000000000000000   5.0608983149789122E+00   4.5062131027129206E+00
      87.0000000000000000   5.0590325276470134E+00   4.5273250509104672E+00
      88.0000000000000000   5.0583351607963998E+00   4.5469189526548481E+00
      89.0000000000000000   5.0587317929356539E+00   4.5650685464035590E+00
      90.0000000000000000   5.0601538545449465E+00   4.5818440090766739E+00
      91.0000000000000000   5.0625380834529476E+00   4.5973121033433770E+00
      92.0000000000000000   5.0658260387549428E+00   4.6115363241615404E+00
      93.0000000000000000   5.0699636654114446E+00   4.6245770445096168E+00
      94.0000000000000000   5.0749009036236803E+00   4.6364916589960394E+00
      95.0000000000000000   5.0805913378963377E+00   4.6473347243500687E+00
      96.0000000000000000   5.0869918813464601E+00   4.6571580960565990E+00
      97.0000000000000000   5.0940624913234434E+00   4.6660110606045011E+00
      98.0000000000000000   5.1017659127198609E+00   4.6739404629977725E+00
      99.0000000000000000   5.1100674469917164E+00   4.6809908292175715E+00
     100.0000000000000000   5.1189347414896300E+00   4.6872044837088538E+00
     103.9989999999999952   5.1594753881008533E+00   4.7044646433400876E+00
     104.0010000000000048   5.1594975236200904E+00   4.7044704779680178E+00
     110.0000000000000000   5.2329521951607632E+00   4.7112687739400165E+00
     120.0000000000000000   5.3798491931602053E+00   4.6855748037091667E+00
     130.0000000000000000   5.5474495374119606E+00   4.6294365882015338E+00
     140.0000000000000000   5.7286256302412744E+00   4.5549058762508308E+00
     150.0000000000000000   5.9110923750708260E+00   4.4900366150618529E+00
     153.9989999999999952   5.9945476012592378E+00   4.4439268544990220E+00
     154.0010000000000048   5.9945974990423450E+00   4.4438866527304413E+00
     160.0000000000000000   6.1120129035061037E+00   4.3934904129944279E+00
     167.9989999999999952   6.2719511012195399E+00   4.3226620772608682E+00
     168.0010000000000048   6.2720002652008624E+00   4.3226252537665388E+00
     169.9989999999999952   6.3138344437974681E+00   4.3015156643285346E+00
     170.0000000000000000   6.3138589799847873E+00   4.3014974990918908E+00
     170.0010000000000048   6.3138835146896133E+00   4.3014793362028305E+00
     180.0000000000000000   6.5162991847062797E+00   4.2139855593991795E+00
     190.0000000000000000   6.7254016071922091E+00   4.1175176899520176E+00
     200.0000000000000000   6.9339566136664228E+00   4.0268515102900944E+00
     210.0000000000000000   7.1419219275698582E+00   3.9414973842970160E+00
     220.0000000000000000   7.3492753097525485E+00   3.8610094822989716E+00
     230.0000000000000000   7.5560078221093772E+00   3.7849845494113117E+00
     231.9989999999999952   7.6024126619457313E+00   3.7599283902306149E+00
     232.0010000000000048   7.6024590626296931E+00   3.7599035005034875E+00
     233.9989999999999952   7.6436084774178674E+00   3.7454992881416627E+00
     234.0010000000000048   7.6436548025641855E+00   3.7454746679368167E+00
     236.9989999999999952   7.7028334363966549E+00   3.7291969320991267E+00
     237.0010000000000048   7.7028796382842177E+00   3.7291726687157438E+00
     240.0000000000000000   7.7670742104466521E+00   3.7031279888479878E+00
     250.0000000000000000   7.9771148995914141E+00   3.6260189215212164E+00
     260.0000000000000000   8.1861695852416894E+00   3.5532399151715000E+00
     270.0000000000000000   8.3942776068874405E+00   3.4844210920093786E+00
     280.0000000000000000   8.6058401854610818E+00   3.4109652203457914E+00
     290.0000000000000000   8.8120185368803305E+00   3.3494610081053762E+00
     300.0000000000000000   9.0214889098332183E+00   3.2833866021843647E+00
     310.0000000000000000   9.2258985509362095E+00   3.2280518067680335E+00
     320.0000000000000000   9.4334429820204999E+00   3.1682461730958336E+00
     330.0000000000000000   9.6400390354548797E+00   3.1113505305363383E+00
     340.0000000000000000   9.8457237870348422E+00   3.0571482950993616E+00
     350.0000000000000000   1.0050532353626961E+01   3.0054441718911442E+00
     360.0000000000000000   1.0254497971690283E+01   2.9560616021968555E+00
     370.0000000000000000   1.0461182286101112E+01   2.9028591270935311E+00
     380.0000000000000000   1.0663475971808007E+01   2.8578368507028813E+00
     390.0000000000000000   1.0865017393294654E+01   2.8146885813455373E+00
     398.9990000000000236   1.1048101290589690E+01   2.7735225263134073E+00
     399.0009999999999764   1.1048143399487833E+01   2.7735111106469184E+00
     400.0000000000000000   1.1069172808508362E+01   2.7678216444968351E+00
     410.0000000000000000   1.1269212864034452E+01   2.7282266020974220E+00
     415.9990000000000236   1.1391494473316953E+01   2.7010298183575001E+00
     416.0009999999999764   1.1391536283663330E+01   2.7010191168527502E+00
     420.0000000000000000   1.1471806956248843E+01   2.6849891962160393E+00
     430.0000000000000000   1.1673640481454965E+01   2.6434674507632843E+00
     440.0000000000000000   1.1871575655926863E+01   2.6084796547399556E+00
     450.0000000000000000   1.2071990400756391E+01   2.5699670255609317E+00
     460.0000000000000000   1.2271710279036762E+01   2.5328886598534677E+00
     470.0000000000000000   1.2470754859704515E+01   2.4971636834972823E+00
     480.0000000000000000   1.2669143694916711E+01   2.4627160639011381E+00
     490.0000000000000000   1.2863947651605885E+01   2.4338373024024884E+00
     500.0000000000000000   1.3061114637490430E+01   2.4016424391821802E+00
     510.0000000000000000   1.3257678392669176E+01   2.3705342375050193E+00
     510.9989999999999668   1.3277854088818364E+01   2.3666528958083832E+00
     511.0009999999999195   1.3277894474464858E+01   2.3666451393649854E+00
     520.0000000000000000   1.3453655076925823E+01   2.3404563965555454E+00
     530.0000000000000000   1.3651870411239912E+01   2.3073566889299322E+00
     540.0000000000000000   1.3846684334090495E+01   2.2792680754880346E+00
     550.0000000000000000   1.4040955464919367E+01   2.2520603890823812E+00
     560.0000000000000000   1.4234697318706184E+01   2.2256913681586918E+00
     570.0000000000000000   1.4427922939061883E+01   2.2001213714818526E+00
     580.0000000000000000   1.4623318243144272E+01   2.1716863842008589E+00
     590.0000000000000000   1.4815516539760633E+01   2.1476708918086458E+00
     600.0000000000000000   1.5007234308292215E+01   2.1243482543089049E+00
     610.0000000000000000   1.5198481910292918E+01   2.1016888804626261E+00
     620.0000000000000000   1.5391839232227811E+01   2.0762909419202904E+00
     630.0000000000000000   1.5582151515591903E+01   2.0549239719422938E+00
     640.0000000000000000   1.5774547668486735E+01   2.0308879050850548E+00
     650.0000000000000000   1.5963961996438178E+01   2.0107074426628637E+00
     660.0000000000000000   1.6155442685785516E+01   1.9879131661976266E+00
     670.0000000000000000   1.6343993026213671E+01   1.9688261145059489E+00
     680.0000000000000000   1.6534595471259742E+01   1.9471734608878006E+00
     690.0000000000000000   1.6722317272273550E+01   1.9290921180228460E+00
     700.0000000000000000   1.6912073214791192E+01   1.9084952384138103E+00
     710.0000000000000000   1.7099000789577502E+01   1.8913396947353813E+00
     720.0000000000000000   1.7287939763311545E+01   1.8717217634142473E+00
     730.0000000000000000   1.7474106199178141E+01   1.8554191367060822E+00
     740.0000000000000000   1.7662255189893656E+01   1.8367118626344749E+00
     750.0000000000000000   1.7850024530895151E+01   1.8184452201585897E+00
     760.0000000000000000   1.8035077500509786E+01   1.8033363660639052E+00
     770.0000000000000000   1.8222099422868894E+01   1.7858830698378292E+00
     780.0000000000000000   1.8408754590548956E+01   1.7688323857188852E+00
     790.0000000000000000   1.8592758295921215E+01   1.7547863353463462E+00
     800.0000000000000000   1.8778705450826777E+01   1.7384644910061116E+00
     810.0000000000000000   1.8964303986245753E+01   1.7225052442438249E+00
     820.0000000000000000   1.9149550902538973E+01   1.7069058102608932E+00
     830.0000000000000000   1.9332234203365260E+01   1.6941161553669963E+00
     840.0000000000000000   1.9516826954310972E+01   1.6791424507692376E+00
     850.0000000000000000   1.9701090469520580E+01   1.6644884346209978E+00
     860.0000000000000000   1.9885024974166424E+01   1.6501489293357918E+00
     870.0000000000000000   2.0068635727038828E+01   1.6361134947269755E+00
     880.0000000000000000   2.0251933580830585E+01   1.6223660118870835E+00
     890.0000000000000000   2.0432796324490020E+01   1.6111639319133277E+00
     900.0000000000000000   2.0615503073413556E+01   1.5979259705103734E+00
     910.0000000000000000   2.0797907306893052E+01   1.5849542947504409E+00
     920.0000000000000000   2.0980012865791604E+01   1.5722413543260174E+00
     930.0000000000000000   2.1161824590084823E+01   1.5597787375436087E+00
     940.0000000000000000   2.1343348356231889E+01   1.5475571819808966E+00
     950.0000000000000000   2.1524590396966740E+01   1.5355673365921714E+00
     960.0000000000000000   2.1705555926353703E+01   1.5238011423769025E+00
     970.0000000000000000   2.1886248715190071E+01   1.5122521897280345E+00
     980.0000000000000000   2.2066671725857237E+01   1.5009150286028341E+00
     990.0000000000000000   2.2246827819603020E+01   1.4897844421834028E+00
    1000.0000000000000000   2.2426720040338008E+01   1.4788551616021877E+00
    1100.0000000000000000   2.4211834337086746E+01   1.3795261209645926E+00
    1200.0000000000000000   2.5975797690526409E+01   1.2936420400356223E+00
    1300.0000000000000000   2.7720903078623586E+01   1.2183185816633268E+00
    1400.0000000000000000   2.9449058746973062E+01   1.1514376169995251E+00
    1500.0000000000000000   3.1160064455875428E+01   1.0928055245245925E+00
    1600.0000000000000000   3.2857010108052918E+01   1.0397573951404611E+00
    1700.0000000000000000   3.4537929938850951E+01   9.9358627226411400E-01
    1800.0000000000000000   3.6208677428432509E+01   9.4999643924627386E-01
    1843.9990000000000236   3.6938612790200864E+01   9.3299236845633005E-01
    1844.0009999999999764   3.6938646058634262E+01   9.3299151419498483E-01
    1900.0000000000000000   3.7865422802777239E+01   9.1165850727829700E-01
    2000.0000000000000000   3.9511895667033073E+01   8.7601689992390208E-01
    2100.0000000000000000   4.1147561863077030E+01   8.4345942509584759E-01
    2200.0000000000000000   4.2774647179215549E+01   8.1264707862891661E-01
    2300.0000000000000000   4.4390293050714405E+01   7.8532793013420776E-01
    2400.0000000000000000   4.5998442420671289E+01   7.5920443545396077E-01
    2475.9989999999997963   4.7214597116653430E+01   7.4075223326306361E-01
    2476.0010000000002037   4.7214629004438031E+01   7.4075178189423985E-01
    2500.0000000000000000   4.7597655997664212E+01   7.3514561797963829E-01
    2526.9989999999997963   4.8027965584907413E+01   7.2896270895965087E-01
    2527.0010000000002037   4.8027997497359863E+01   7.2896222082440598E-01
    2600.0000000000000000   4.9188714801013411E+01   7.1276387244100325E-01
    2631.9989999999997963   4.9696559918263269E+01   7.0572364265451293E-01
    2632.0010000000002037   4.9696591962850171E+01   7.0572304308320721E-01
    2700.0000000000000000   5.0772018757190708E+01   6.9188169429263313E-01
    2800.0000000000000000   5.2347437415936923E+01   6.7256914625878650E-01
    2871.9989999999997963   5.3478475391972104E+01   6.5884193763349730E-01
    2872.0010000000002037   5.3478506824248129E+01   6.5884153152959435E-01
    2900.0000000000000000   5.3917126399260610E+01   6.5379612463884118E-01
    3000.0000000000000000   5.5478890955235521E+01   6.3671900684599436E-01
    3100.0000000000000000   5.7035784289601303E+01   6.1988067991864915E-01
    3200.0000000000000000   5.8585128368155594E+01   6.0454221482065351E-01
    3300.0000000000000000   6.0129489194706004E+01   5.8963181544916743E-01
    3400.0000000000000000   6.1667813961237265E+01   5.7561342965881757E-01
    3500.0000000000000000   6.3199933747060989E+01   5.6257381975310738E-01
    3600.0000000000000000   6.4726873586736602E+01   5.5011767344158102E-01
    3700.0000000000000000   6.6249500177616497E+01   5.3795018950039208E-01
    3800.0000000000000000   6.7766905986700976E+01   5.2637341465278142E-01
    3900.0000000000000000   6.9278432537700411E+01   5.1576500244411261E-01
    4000.0000000000000000   7.0786015315463459E+01   5.0536127103871276E-01
    4100.0000000000000000   7.2289840563579730E+01   4.9511162712943602E-01
    4200.0000000000000000   7.3788355284520662E+01   4.8558259022698941E-01
    4300.0000000000000000   7.5281997501193231E+01   4.7671944450173054E-01
    4400.0000000000000000   7.6774470827475284E+01   4.6714121492211619E-01
    4500.0000000000000000   7.8259258293222473E+01   4.5920054969952423E-01
    4600.0000000000000000   7.9742317596028784E+01   4.5086629180071514E-01
    4700.0000000000000000   8.1219084940649751E+01   4.4356833755583819E-01
    4800.0000000000000000   8.2694740881506206E+01   4.3577273473496669E-01
    4900.0000000000000000   8.4166899474009057E+01   4.2821233100530232E-01
    5000.0000000000000000   8.5635015031629962E+01   4.2106517089987389E-01
    5100.0000000000000000   8.7099245683775024E+01   4.1429457969995626E-01
    5200.0000000000000000   8.8559674020494072E+01   4.0788810392462599E-01
    5300.0000000000000000   9.0016497027124373E+01   4.0179488432778465E-01
    5400.0000000000000000   9.1469253893186803E+01   3.9615037053475455E-01
    5500.0000000000000000   9.2922568824181724E+01   3.8963111618384211E-01
    5600.0000000000000000   9.4370998130371660E+01   3.8382017106550725E-01
    5700.0000000000000000   9.5813923018283319E+01   3.7884003786270681E-01
    5800.0000000000000000   9.7258365355746292E+01   3.7282851865334105E-01
    5900.0000000000000000   9.8694697092007274E+01   3.6842761684234188E-01
    6000.0000000000000000   1.0013390705318861E+02   3.6267939292480988E-01
    6100.0000000000000000   1.0156905113344010E+02   3.5739075500806400E-01
    6200.0000000000000000   1.0299546862421688E+02   3.5377765662328381E-01
    6300.0000000000000000   1.0442620672425990E+02   3.4853925045283929E-01
    6400.0000000000000000   1.0585247680117398E+02   3.4395458348679708E-01
    6500.0000000000000000   1.0727586222314427E+02   3.3943501129102643E-01
    6600.0000000000000000   1.0869796317389573E+02   3.3489607884054184E-01
    6700.0000000000000000   1.1011590038888630E+02   3.3077553930790693E-01
    6800.0000000000000000   1.1153203018693462E+02   3.2667315764829902E-01
    6900.0000000000000000   1.1294477750849578E+02   3.2293269847753303E-01
    7000.0000000000000000   1.1435507741531389E+02   3.1926659901336513E-01
    7100.0000000000000000   1.1576364288117477E+02   3.1561383862344350E-01
    7200.0000000000000000   1.1716845790180234E+02   3.1236714636596696E-01
    7300.0000000000000000   1.1857102554215597E+02   3.0916327137076671E-01
    7400.0000000000000000   1.1997851720663775E+02   3.0456312536887603E-01
    7500.0000000000000000   1.2137597629568219E+02   3.0165811412403759E-01
    7600.0000000000000000   1.2277274159365820E+02   2.9872792523743347E-01
    7700.0000000000000000   1.2417180015420811E+02   2.9470559004053087E-01
    7800.0000000000000000   1.2556340522674650E+02   2.9199859610963719E-01
    7900.0000000000000000   1.2695324091277030E+02   2.8945067315320105E-01
    8000.0000000000000000   1.2834536120954002E+02   2.8588788456154529E-01
    8100.0000000000000000   1.2972996415494734E+02   2.8352481341880426E-01
    8200.0000000000000000   1.3111928878791130E+02   2.8008423824099327E-01
    8300.0000000000000000   1.3250151004250074E+02   2.7765372459880389E-01
    8400.0000000000000000   1.3388536206611525E+02   2.7443370281620427E-01
    8500.0000000000000000   1.3526724737352987E+02   2.7134795117804872E-01
    8600.0000000000000000   1.3664136665772631E+02   2.6969734847968746E-01
    8700.0000000000000000   1.3802145715127995E+02   2.6659253744525169E-01
    8800.0000000000000000   1.3939879653741585E+02   2.6348390719046078E-01
    8900.0000000000000000   1.4076448790219266E+02   2.6239222924594285E-01
    9000.0000000000000000   1.4214002343412872E+02   2.5911485651628485E-01
    9100.0000000000000000   1.4350963196232408E+02   2.5682075577504915E-01
    9200.0000000000000000   1.4488090026384430E+02   2.5398716711556313E-01
    9300.0000000000000000   1.4624578893687553E+02   2.5211215778343160E-01
    9400.0000000000000000   1.4760661984190614E+02   2.5061072568648618E-01
    9500.0000000000000000   1.4897243581329045E+02   2.4787702473486592E-01
    9600.0000000000000000   1.5033521813859517E+02   2.4551804256469464E-01
    9700.0000000000000000   1.5169527778813210E+02   2.4334190874239967E-01
    9800.0000000000000000   1.5305263917147514E+02   2.4142255155560310E-01
    9900.0000000000000000   1.5440928096532340E+02   2.3940789406507662E-01
   10000.0000000000000000   1.5576491190342125E+02   2.3735895052895284E-01
   11000.0000000000000000   1.6924537240040300E+02   2.1849315568184208E-01
   12000.0000000000000000   1.8258598975931028E+02   2.0347674262948318E-01
   13000.0000000000000000   1.9580877470555410E+02   1.9035210197091873E-01
   14000.0000000000000000   2.0892797612298511E+02   1.7838151825994900E-01
   15000.0000000000000000   2.2194146010327745E+02   1.6838692162050600E-01
   16000.0000000000000000   2.3487050610626773E+02   1.5959414435442948E-01
   17000.0000000000000000   2.4770768509703598E+02   1.5155895024504945E-01
   18000.0000000000000000   2.6046643796287674E+02   1.4515211904543027E-01
   19000.0000000000000000   2.7316419775656766E+02   1.3755845389377375E-01
   20000.0000000000000000   2.8578724199139157E+02   1.3180895287452879E-01
   20005.9989999999997963   2.8586432914034373E+02   1.3161096412445863E-01
   20006.0010000000002037   2.8586435477620716E+02   1.3161090990737506E-01
   21000.0000000000000000   2.9833487191922080E+02   1.2745120597296827E-01
   22000.0000000000000000   3.1084040938057342E+02   1.2131765346664487E-01
   23000.0000000000000000   3.2326628459846251E+02   1.1656165656987298E-01
   24000.0000000000000000   3.3565718166244795E+02   1.1263116823790757E-01
   25000.0000000000000000   3.4798360715618128E+02   1.0956918965598281E-01
   26000.0000000000000000   3.6026818304908096E+02   1.0598813877446324E-01
   27000.0000000000000000   3.7250757302465848E+02   1.0174986566419766E-01
   28000.0000000000000000   3.8467377595545008E+02   9.9097267548211590E-02
   29000.0000000000000000   3.9683035267675223E+02   9.6646275446301000E-02
   30000.0000000000000000   4.0893418953501885E+02   9.2791540763605976E-02
   31000.0000000000000000   4.2101990245952851E+02   9.0309800002929444E-02
   32000.0000000000000000   4.3302670561080214E+02   8.7919329039294433E-02
   33000.0000000000000000   4.4498269465895532E+02   8.6795627738511252E-02
   34000.0000000000000000   4.5693246861290714E+02   8.4618439893589498E-02
   35000.0000000000000000   4.6887272869886800E+02   8.1211277163962634E-02
   36000.0000000000000000   4.8075383639782484E+02   8.0288910193796623E-02
   37000.0000000000000000   4.9263451418904162E+02   7.8736452099326226E-02
   38000.0000000000000000   5.0447758510280403E+02   7.5514392034862973E-02
   39000.0000000000000000   5.1622607492873613E+02   7.3907396161338956E-02
   40000.0000000000000000   5.2805006481746477E+02   7.2089472399405025E-02
   41000.0000000000000000   5.3974455809810024E+02   7.0382602374103903E-02
   42000.0000000000000000   5.5148121340240550E+02   6.9828688776353773E-02
   43000.0000000000000000   5.6311495010311091E+02   6.7730419796619507E-02
   44000.0000000000000000   5.7482623110800284E+02   6.6131707592004402E-02
   45000.0000000000000000   5.8646474696027497E+02   6.5278820827996006E-02
   46000.0000000000000000   5.9801898881088232E+02   6.3932926453163966E-02
   47000.0000000000000000   6.0957232868637948E+02   6.3538919277281308E-02
   48000.0000000000000000   6.2117678453661949E+02   6.1814840571595503E-02
   49000.0000000000000000   6.3271829908119207E+02   6.1321205110297920E-02
   50000.0000000000000000   6.4426531682887526E+02   5.9399874257034704E-02
