       0.1000000000000000   1.0000000000000000E+30
       0.2000000000000000   1.0000000000000000E+30
       0.3000000000000000   1.0000000000000000E+30
       0.4000000000000000   1.0000000000000000E+30
       0.5000000000000000   1.0000000000000000E+30
       0.6000000000000000   1.0000000000000000E+30
       0.7000000000000000   1.0000000000000000E+30
       0.7999999999999999   1.0000000000000000E+30
       0.8999999999999999   1.0000000000000000E+30
       0.9999999999999999   1.0000000000000000E+30
       2.0000000000000000   1.0000000000000000E+30
       3.0000000000000000   1.0000000000000000E+30
       4.0000000000000000   1.0000000000000000E+30
       5.0000000000000000   1.0000000000000000E+30
       6.0000000000000000   1.0000000000000000E+30
       7.0000000000000000   1.0000000000000000E+30
       8.0000000000000000   1.0000000000000000E+30
       9.0000000000000000   1.0000000000000000E+30
      10.0000000000000000   1.0000000000000000E+30
      11.0000000000000000   1.0000000000000000E+30
      12.0000000000000000   1.0000000000000000E+30
      13.0000000000000000   1.0000000000000000E+30
      14.0000000000000000   1.0000000000000000E+30
      15.0000000000000000   1.0000000000000000E+30
      16.0000000000000000   1.0000000000000000E+30
      17.0000000000000000   1.0000000000000000E+30
      18.0000000000000000   1.0000000000000000E+30
      19.0000000000000000   1.0000000000000000E+30
      20.0000000000000000   1.0000000000000000E+30
      21.0000000000000000   1.0000000000000000E+30
      22.0000000000000000   1.0000000000000000E+30
      23.0000000000000000   1.0000000000000000E+30
      24.0000000000000000   1.0000000000000000E+30
      25.0000000000000000   1.0000000000000000E+30
      26.0000000000000000   1.0000000000000000E+30
      27.0000000000000000   1.0000000000000000E+30
      28.0000000000000000   1.0000000000000000E+30
      29.0000000000000000   1.0000000000000000E+30
      30.0000000000000000   1.0000000000000000E+30
      31.0000000000000000   1.0000000000000000E+30
      32.0000000000000000   1.0000000000000000E+30
      33.0000000000000000   1.0000000000000000E+30
      34.0000000000000000   1.0000000000000000E+30
      35.0000000000000000   1.0000000000000000E+30
      36.0000000000000000   1.0000000000000000E+30
      37.0000000000000000   1.0000000000000000E+30
      38.0000000000000000   1.0000000000000000E+30
      39.0000000000000000   1.0000000000000000E+30
      40.0000000000000000   1.0000000000000000E+30
      41.0000000000000000   1.0000000000000000E+30
      41.9990000000000023   1.0000000000000000E+30
      42.0000000000000000   1.0000000000000000E+30
      42.0009999999999977   1.0000000000000000E+30
      43.0000000000000000   1.0000000000000000E+30
      44.0000000000000000   1.0000000000000000E+30
      44.9990000000000023   1.0000000000000000E+30
      45.0000000000000000   1.0000000000000000E+30
      45.0009999999999977   1.0000000000000000E+30
      46.0000000000000000   1.0000000000000000E+30
      47.0000000000000000   1.0000000000000000E+30
      48.0000000000000000   1.0000000000000000E+30
      49.0000000000000000   1.0000000000000000E+30
      50.0000000000000000   1.0000000000000000E+30
      51.0000000000000000   1.0000000000000000E+30
      52.0000000000000000   1.0000000000000000E+30
      53.0000000000000000   1.0000000000000000E+30
      54.0000000000000000   1.0000000000000000E+30
      55.0000000000000000   1.0000000000000000E+30
      56.0000000000000000   1.0000000000000000E+30
      57.0000000000000000   1.0000000000000000E+30
      58.0000000000000000   1.0000000000000000E+30
      59.0000000000000000   1.0000000000000000E+30
      60.0000000000000000   1.0000000000000000E+30
      61.0000000000000000   1.0000000000000000E+30
      62.0000000000000000   1.0000000000000000E+30
      63.0000000000000000   1.0000000000000000E+30
      64.0000000000000000   1.0000000000000000E+30
      65.0000000000000000   1.0000000000000000E+30
      66.0000000000000000   1.0000000000000000E+30
      67.0000000000000000   1.0000000000000000E+30
      67.9989999999999952   1.0000000000000000E+30
      68.0000000000000000   1.0000000000000000E+30
      68.0010000000000048   1.0000000000000000E+30
      69.0000000000000000   1.0000000000000000E+30
      70.0000000000000000   1.0000000000000000E+30
      71.0000000000000000   1.0000000000000000E+30
      72.0000000000000000   1.0000000000000000E+30
      73.0000000000000000   1.0000000000000000E+30
      74.0000000000000000   1.0000000000000000E+30
      75.0000000000000000   1.0000000000000000E+30
      76.0000000000000000   1.0000000000000000E+30
      77.0000000000000000   1.0000000000000000E+30
      78.0000000000000000   1.0000000000000000E+30
      79.0000000000000000   1.0000000000000000E+30
      80.0000000000000000   1.0000000000000000E+30
      81.0000000000000000   1.0000000000000000E+30
      82.0000000000000000   1.0000000000000000E+30
      83.0000000000000000   1.0000000000000000E+30
      84.0000000000000000   1.0000000000000000E+30
      85.0000000000000000   1.0000000000000000E+30
      86.0000000000000000   1.0000000000000000E+30
      87.0000000000000000   1.0000000000000000E+30
      88.0000000000000000   1.0000000000000000E+30
      89.0000000000000000   1.0000000000000000E+30
      90.0000000000000000   1.0000000000000000E+30
      91.0000000000000000   1.0000000000000000E+30
      92.0000000000000000   1.0000000000000000E+30
      93.0000000000000000   1.0000000000000000E+30
      94.0000000000000000   1.0000000000000000E+30
      95.0000000000000000   1.0000000000000000E+30
      96.0000000000000000   1.0000000000000000E+30
      97.0000000000000000   1.0000000000000000E+30
      98.0000000000000000   1.0000000000000000E+30
      99.0000000000000000   1.0000000000000000E+30
     100.0000000000000000   1.0000000000000000E+30
     103.9989999999999952   1.0000000000000000E+30
     104.0010000000000048   1.0000000000000000E+30
     110.0000000000000000   1.0000000000000000E+30
     120.0000000000000000   1.0000000000000000E+30
     130.0000000000000000   1.0000000000000000E+30
     140.0000000000000000   1.0000000000000000E+30
     150.0000000000000000   1.0000000000000000E+30
     153.9989999999999952   1.0000000000000000E+30
     154.0010000000000048   1.0000000000000000E+30
     160.0000000000000000   1.0000000000000000E+30
     167.9989999999999952   1.0000000000000000E+30
     168.0010000000000048   1.0000000000000000E+30
     169.9989999999999952   1.0000000000000000E+30
     170.0000000000000000   1.0000000000000000E+30
     170.0010000000000048   1.0000000000000000E+30
     180.0000000000000000   1.0000000000000000E+30
     190.0000000000000000   1.0000000000000000E+30
     200.0000000000000000   1.0000000000000000E+30
     210.0000000000000000   1.0000000000000000E+30
     220.0000000000000000   1.0000000000000000E+30
     230.0000000000000000   1.0000000000000000E+30
     231.9989999999999952   1.0000000000000000E+30
     232.0010000000000048   1.0000000000000000E+30
     233.9989999999999952   1.0000000000000000E+30
     234.0010000000000048   1.0000000000000000E+30
     236.9989999999999952   1.0000000000000000E+30
     237.0010000000000048   1.0000000000000000E+30
     240.0000000000000000   1.0000000000000000E+30
     250.0000000000000000   1.0000000000000000E+30
     260.0000000000000000   1.0000000000000000E+30
     270.0000000000000000   1.0000000000000000E+30
     280.0000000000000000   1.0000000000000000E+30
     290.0000000000000000   1.0000000000000000E+30
     300.0000000000000000   1.0000000000000000E+30
     310.0000000000000000   1.0000000000000000E+30
     320.0000000000000000   1.0000000000000000E+30
     330.0000000000000000   1.0000000000000000E+30
     340.0000000000000000   1.0000000000000000E+30
     350.0000000000000000   1.0000000000000000E+30
     360.0000000000000000   1.0000000000000000E+30
     370.0000000000000000   1.0000000000000000E+30
     380.0000000000000000   1.0000000000000000E+30
     390.0000000000000000   1.0000000000000000E+30
     398.9990000000000236   1.0000000000000000E+30
     399.0009999999999764   1.0000000000000000E+30
     400.0000000000000000   1.0000000000000000E+30
     410.0000000000000000   1.0000000000000000E+30
     415.9990000000000236   1.0000000000000000E+30
     416.0009999999999764   1.0000000000000000E+30
     420.0000000000000000   1.0000000000000000E+30
     430.0000000000000000   1.0000000000000000E+30
     440.0000000000000000   1.0000000000000000E+30
     450.0000000000000000   1.0000000000000000E+30
     460.0000000000000000   1.0000000000000000E+30
     470.0000000000000000   1.0000000000000000E+30
     480.0000000000000000   1.0000000000000000E+30
     490.0000000000000000   1.0000000000000000E+30
     500.0000000000000000   1.0000000000000000E+30
     510.0000000000000000   1.0000000000000000E+30
     510.9989999999999668   1.0000000000000000E+30
     511.0009999999999195   1.1517444452629010E+05
     520.0000000000000000   1.1726439246272751E+05
     530.0000000000000000   1.1967761864273314E+05
     540.0000000000000000   1.2219225712501400E+05
     550.0000000000000000   1.2481483766694392E+05
     560.0000000000000000   1.2755246290742044E+05
     570.0000000000000000   1.2947766216408799E+05
     580.0000000000000000   1.3212950791797190E+05
     590.0000000000000000   1.3489225042933688E+05
     600.0000000000000000   1.3742858592464615E+05
     610.0000000000000000   1.4031747986272819E+05
     620.0000000000000000   1.4261788267383326E+05
     630.0000000000000000   1.4544357822419883E+05
     640.0000000000000000   1.4838350841825455E+05
     650.0000000000000000   1.5144474343033275E+05
     660.0000000000000000   1.5330148047163742E+05
     670.0000000000000000   1.5624862545516840E+05
     680.0000000000000000   1.5931130636289815E+05
     690.0000000000000000   1.6249645300167490E+05
     700.0000000000000000   1.6402266013057920E+05
     710.0000000000000000   1.6700528888549629E+05
     720.0000000000000000   1.7033460114588073E+05
     730.0000000000000000   1.7364067010365918E+05
     740.0000000000000000   1.7707761600575849E+05
     750.0000000000000000   1.7971477947255937E+05
     760.0000000000000000   1.8311217874898377E+05
     770.0000000000000000   1.8599272788477651E+05
     780.0000000000000000   1.8940042834521344E+05
     790.0000000000000000   1.9293532896649459E+05
     800.0000000000000000   1.9577425951711248E+05
     810.0000000000000000   1.9927148547054167E+05
     820.0000000000000000   2.0289592983526684E+05
     830.0000000000000000   2.0550656892957646E+05
     840.0000000000000000   2.0905643132276743E+05
     850.0000000000000000   2.1273108801694211E+05
     860.0000000000000000   2.1653723740899091E+05
     870.0000000000000000   2.1882848134237382E+05
     880.0000000000000000   2.2247612650930657E+05
     890.0000000000000000   2.2624743803519889E+05
     900.0000000000000000   2.2969697937305996E+05
     910.0000000000000000   2.3359965368118696E+05
     920.0000000000000000   2.3763723720902114E+05
     930.0000000000000000   2.4181684838744544E+05
     940.0000000000000000   2.4437523311114512E+05
     950.0000000000000000   2.4838019577469712E+05
     960.0000000000000000   2.5251861692216710E+05
     970.0000000000000000   2.5679728049638798E+05
     980.0000000000000000   2.6003967073910832E+05
     990.0000000000000000   2.6431858433937276E+05
    1000.0000000000000000   2.6874067159773345E+05
    1100.0000000000000000   3.0950343471762852E+05
    1200.0000000000000000   3.5336920888408838E+05
    1300.0000000000000000   4.0141452359717729E+05
    1400.0000000000000000   4.5337998435119999E+05
    1500.0000000000000000   5.0694933537820028E+05
    1600.0000000000000000   5.6582615756623854E+05
    1700.0000000000000000   6.2395305753463972E+05
    1800.0000000000000000   6.8841830965427682E+05
    1843.9990000000000236   7.1677310729551304E+05
    1844.0009999999999764   7.1677451798087882E+05
    1900.0000000000000000   7.5857662681320426E+05
    2000.0000000000000000   8.2651911615634186E+05
    2100.0000000000000000   9.0020728167392139E+05
    2200.0000000000000000   9.7910261889921129E+05
    2300.0000000000000000   1.0586842763628464E+06
    2400.0000000000000000   1.1449425639214590E+06
    2475.9989999999997963   1.2118892039642225E+06
    2476.0010000000002037   1.2118911290426378E+06
    2500.0000000000000000   1.2316633779115109E+06
    2526.9989999999997963   1.2572126761407177E+06
    2527.0010000000002037   1.2572146080142073E+06
    2600.0000000000000000   1.3238698164499265E+06
    2631.9989999999997963   1.3564555046771138E+06
    2632.0010000000002037   1.3564575914799927E+06
    2700.0000000000000000   1.4191751354368192E+06
    2800.0000000000000000   1.5242725146966826E+06
    2871.9989999999997963   1.5965550995789319E+06
    2872.0010000000002037   1.5965574304575885E+06
    2900.0000000000000000   1.6208886494807159E+06
    3000.0000000000000000   1.7297390664481719E+06
    3100.0000000000000000   1.8412208395174770E+06
    3200.0000000000000000   1.9502905847246915E+06
    3300.0000000000000000   2.0797752650442701E+06
    3400.0000000000000000   2.1904275201062020E+06
    3500.0000000000000000   2.3174773513387442E+06
    3600.0000000000000000   2.4462435666779126E+06
    3700.0000000000000000   2.5772606570372749E+06
    3800.0000000000000000   2.7184668883014550E+06
    3900.0000000000000000   2.8581800005313684E+06
    4000.0000000000000000   3.0031004144397657E+06
    4100.0000000000000000   3.1535036997452118E+06
    4200.0000000000000000   3.3048075580464881E+06
    4300.0000000000000000   3.4760286419852972E+06
    4400.0000000000000000   3.6305932781666364E+06
    4500.0000000000000000   3.8016654788441104E+06
    4600.0000000000000000   3.9664501010476807E+06
    4700.0000000000000000   4.1381619514513332E+06
    4800.0000000000000000   4.3171627364633260E+06
    4900.0000000000000000   4.5148477953805737E+06
    5000.0000000000000000   4.6954152584357606E+06
    5100.0000000000000000   4.8780267226208644E+06
    5200.0000000000000000   5.0768604709225399E+06
    5300.0000000000000000   5.2799952668706942E+06
    5400.0000000000000000   5.5032797592232302E+06
    5500.0000000000000000   5.7039068059732970E+06
    5600.0000000000000000   5.9134046932784189E+06
    5700.0000000000000000   6.1321972104354911E+06
    5800.0000000000000000   6.3710922179373065E+06
    5900.0000000000000000   6.5904251796716964E+06
    6000.0000000000000000   6.8136950231610797E+06
    6100.0000000000000000   7.0664737557053920E+06
    6200.0000000000000000   7.3113851143011311E+06
    6300.0000000000000000   7.5592545605859552E+06
    6400.0000000000000000   7.8378950941281728E+06
    6500.0000000000000000   8.0774725689130705E+06
    6600.0000000000000000   8.3312044496856369E+06
    6700.0000000000000000   8.6179481602835171E+06
    6800.0000000000000000   8.8840271417633463E+06
    6900.0000000000000000   9.1499373457089402E+06
    7000.0000000000000000   9.4520868028758485E+06
    7100.0000000000000000   9.7200591324813515E+06
    7200.0000000000000000   1.0033626693734856E+07
    7300.0000000000000000   1.0330480962916212E+07
    7400.0000000000000000   1.0631826722843910E+07
    7500.0000000000000000   1.0967530367901415E+07
    7600.0000000000000000   1.1258149072473748E+07
    7700.0000000000000000   1.1606665431708300E+07
    7800.0000000000000000   1.1909761279384794E+07
    7900.0000000000000000   1.2235673590407489E+07
    8000.0000000000000000   1.2589571435950739E+07
    8100.0000000000000000   1.2964550925815424E+07
    8200.0000000000000000   1.3280504123330358E+07
    8300.0000000000000000   1.3670003992312219E+07
    8400.0000000000000000   1.3984348373221222E+07
    8500.0000000000000000   1.4343854977905786E+07
    8600.0000000000000000   1.4740365188940110E+07
    8700.0000000000000000   1.5105529913334295E+07
    8800.0000000000000000   1.5518889540266596E+07
    8900.0000000000000000   1.5955508655463303E+07
    9000.0000000000000000   1.6289865350978795E+07
    9100.0000000000000000   1.6734064777764913E+07
    9200.0000000000000000   1.7089766194036707E+07
    9300.0000000000000000   1.7487746344775371E+07
    9400.0000000000000000   1.7925608363801841E+07
    9500.0000000000000000   1.8385960054200023E+07
    9600.0000000000000000   1.8767449399741266E+07
    9700.0000000000000000   1.9237338781919524E+07
    9800.0000000000000000   1.9626322557647321E+07
    9900.0000000000000000   2.0097931500797283E+07
   10000.0000000000000000   2.0540132543240976E+07
   11000.0000000000000000   2.5473888919862531E+07
   12000.0000000000000000   3.1042585022614960E+07
   13000.0000000000000000   3.7364019938550837E+07
   14000.0000000000000000   4.4416527977849804E+07
   15000.0000000000000000   5.2202611214929871E+07
   16000.0000000000000000   6.0687920111616358E+07
   17000.0000000000000000   7.0124956528947800E+07
   18000.0000000000000000   8.0623174937344953E+07
   19000.0000000000000000   9.1610439808775097E+07
   20000.0000000000000000   1.0413328239201401E+08
   20005.9989999999997963   1.0421708709324296E+08
   20006.0010000000002037   1.0421711505529273E+08
   21000.0000000000000000   1.1742183126228316E+08
   22000.0000000000000000   1.3121491978652930E+08
   23000.0000000000000000   1.4674513632849914E+08
   24000.0000000000000000   1.6326360836353874E+08
   25000.0000000000000000   1.8083322226872396E+08
   26000.0000000000000000   1.9922659460427693E+08
   27000.0000000000000000   2.1933169471366891E+08
   28000.0000000000000000   2.4037438359154132E+08
   29000.0000000000000000   2.6268864477148148E+08
   30000.0000000000000000   2.8702997230381155E+08
   31000.0000000000000000   3.1162923180600625E+08
   32000.0000000000000000   3.3818337849286854E+08
   33000.0000000000000000   3.6655556681964010E+08
   34000.0000000000000000   3.9548574054156429E+08
   35000.0000000000000000   4.2675577100707656E+08
   36000.0000000000000000   4.5956576229866678E+08
   37000.0000000000000000   4.9299767391684705E+08
   38000.0000000000000000   5.2960575335797566E+08
   39000.0000000000000000   5.6706021851686800E+08
   40000.0000000000000000   6.0639109300300622E+08
   41000.0000000000000000   6.4824850099957955E+08
   42000.0000000000000000   6.9121724880328512E+08
   43000.0000000000000000   7.3513508001116014E+08
   44000.0000000000000000   7.7918880573220766E+08
   45000.0000000000000000   8.2811219768434215E+08
   46000.0000000000000000   8.7949108701651204E+08
   47000.0000000000000000   9.3142681324696791E+08
   48000.0000000000000000   9.8547574952088451E+08
   49000.0000000000000000   1.0400199959861079E+09
   50000.0000000000000000   1.1050614279296317E+09
