       0.1000000000000000   1.1111111111111111E+29
       0.2000000000000000   1.1111111111111111E+29
       0.3000000000000000   1.1111111111111111E+29
       0.4000000000000000   1.1111111111111111E+29
       0.5000000000000000   1.1111111111111111E+29
       0.6000000000000000   1.1111111111111111E+29
       0.7000000000000000   1.1111111111111111E+29
       0.7999999999999999   1.1111111111111111E+29
       0.8999999999999999   1.1111111111111111E+29
       0.9999999999999999   1.1111111111111111E+29
       2.0000000000000000   1.1111111111111111E+29
       3.0000000000000000   1.1111111111111111E+29
       4.0000000000000000   1.1111111111111111E+29
       5.0000000000000000   1.1111111111111111E+29
       6.0000000000000000   1.1111111111111111E+29
       7.0000000000000000   1.1111111111111111E+29
       8.0000000000000000   1.1111111111111111E+29
       9.0000000000000000   1.0059788908134725E+02
      10.0000000000000000   1.3493555185878344E+02
      11.0000000000000000   7.7096619408797352E+01
      12.0000000000000000   8.9001014062393963E+01
      13.0000000000000000   1.0551574299248502E+02
      14.0000000000000000   1.2912567847813077E+02
      15.0000000000000000   1.5995834232106466E+02
      16.0000000000000000   1.9764092381655192E+02
      17.0000000000000000   2.4016990736173616E+02
      18.0000000000000000   2.8346030710112223E+02
      19.0000000000000000   3.2489698512695617E+02
      20.0000000000000000   3.6264343034881949E+02
      21.0000000000000000   3.9395811448831182E+02
      22.0000000000000000   4.2075203790584931E+02
      23.0000000000000000   4.4312735388476347E+02
      24.0000000000000000   4.6478248642762696E+02
      25.0000000000000000   4.8454452688928535E+02
      26.0000000000000000   5.0469817187498677E+02
      27.0000000000000000   5.2712042850605246E+02
      28.0000000000000000   5.5034107917360609E+02
      29.0000000000000000   5.7527562378557559E+02
      30.0000000000000000   6.0284849849136492E+02
      31.0000000000000000   6.3316095953477395E+02
      32.0000000000000000   6.6599603409560700E+02
      33.0000000000000000   6.9886230875744116E+02
      34.0000000000000000   7.3488741766866644E+02
      35.0000000000000000   7.7284055369361749E+02
      36.0000000000000000   8.1283869700911055E+02
      37.0000000000000000   8.5470145951248014E+02
      38.0000000000000000   8.9726421055432434E+02
      39.0000000000000000   9.4124201640576848E+02
      40.0000000000000000   9.8725433850609636E+02
      41.0000000000000000   1.0342050722365104E+03
      41.9990000000000023   1.0820053134819443E+03
      42.0000000000000000   1.0820548151448133E+03
      42.0009999999999977   1.0821043213372843E+03
      43.0000000000000000   1.1310086445541504E+03
      44.0000000000000000   1.1775992415849755E+03
      44.9990000000000023   1.2281916124915044E+03
      45.0000000000000000   1.2282424065266634E+03
      45.0009999999999977   1.2282932047633506E+03
      46.0000000000000000   1.2797276515740496E+03
      47.0000000000000000   1.3311877195270167E+03
      48.0000000000000000   1.3801988262979385E+03
      49.0000000000000000   1.4321921772787925E+03
      50.0000000000000000   1.4843715745677464E+03
      51.0000000000000000   1.5380778169623804E+03
      52.0000000000000000   1.5892167607210822E+03
      53.0000000000000000   1.6399221409865650E+03
      54.0000000000000000   1.6941647276627673E+03
      55.0000000000000000   1.7468503668613030E+03
      56.0000000000000000   1.8018306529947170E+03
      57.0000000000000000   1.8531278702884219E+03
      58.0000000000000000   1.9035816164697576E+03
      59.0000000000000000   1.9575512764814994E+03
      60.0000000000000000   2.0112783358609531E+03
      61.0000000000000000   2.0628379106106827E+03
      62.0000000000000000   2.1142311216716053E+03
      63.0000000000000000   2.1674462941778465E+03
      64.0000000000000000   2.2190604929766268E+03
      65.0000000000000000   2.2707044777955084E+03
      66.0000000000000000   2.3247257628613038E+03
      67.0000000000000000   2.3749658472805872E+03
      67.9989999999999952   2.4253817480866574E+03
      68.0000000000000000   2.4254332178071732E+03
      68.0010000000000048   2.4254846897122416E+03
      69.0000000000000000   2.4786291413498016E+03
      70.0000000000000000   2.5298000260780150E+03
      71.0000000000000000   2.5813262567583138E+03
      72.0000000000000000   2.6353326410774685E+03
      73.0000000000000000   2.6888389458451502E+03
      74.0000000000000000   2.7349401503164559E+03
      75.0000000000000000   2.7857495979191863E+03
      76.0000000000000000   2.8358377408105976E+03
      77.0000000000000000   2.8887108134174550E+03
      78.0000000000000000   2.9411745771034584E+03
      79.0000000000000000   2.9883798436755264E+03
      80.0000000000000000   3.0398972672145537E+03
      81.0000000000000000   3.0922118878130973E+03
      82.0000000000000000   3.1411274727506129E+03
      83.0000000000000000   3.1912846537267260E+03
      84.0000000000000000   3.2422222860322941E+03
      85.0000000000000000   3.2952899257977365E+03
      86.0000000000000000   3.3490119814269419E+03
      87.0000000000000000   3.3989757918304804E+03
      88.0000000000000000   3.4471644081761560E+03
      89.0000000000000000   3.5010790796948386E+03
      90.0000000000000000   3.5547425519433127E+03
      91.0000000000000000   3.6053952592435990E+03
      92.0000000000000000   3.6584510335271993E+03
      93.0000000000000000   3.7042530484123563E+03
      94.0000000000000000   3.7537350968243013E+03
      95.0000000000000000   3.8073445325357397E+03
      96.0000000000000000   3.8588256692396681E+03
      97.0000000000000000   3.9128607068544238E+03
      98.0000000000000000   3.9686642155105828E+03
      99.0000000000000000   4.0179497654126180E+03
     100.0000000000000000   4.0670757859668956E+03
     103.9989999999999952   4.2829718680691940E+03
     104.0010000000000048   4.2829416857921542E+03
     110.0000000000000000   4.6045734263608365E+03
     120.0000000000000000   5.1805462049461685E+03
     130.0000000000000000   5.7717248030835608E+03
     140.0000000000000000   6.4026294705210285E+03
     150.0000000000000000   7.0719654871288558E+03
     153.9989999999999952   7.3549867860764180E+03
     154.0010000000000048   7.3589913765182491E+03
     160.0000000000000000   7.7803977582167190E+03
     167.9989999999999952   8.3728867620279852E+03
     168.0010000000000048   8.3730477318768826E+03
     169.9989999999999952   8.5294547145676661E+03
     170.0000000000000000   8.5295370306384648E+03
     170.0010000000000048   8.5296193482981089E+03
     180.0000000000000000   9.2898963506827022E+03
     190.0000000000000000   1.0106239875478854E+04
     200.0000000000000000   1.0953003103884663E+04
     210.0000000000000000   1.1863376014798863E+04
     220.0000000000000000   1.2801288297359206E+04
     230.0000000000000000   1.3769781866668149E+04
     231.9989999999999952   1.3988019481293835E+04
     232.0010000000000048   1.3988237309631591E+04
     233.9989999999999952   1.4209290108641731E+04
     234.0010000000000048   1.4209514883012165E+04
     236.9989999999999952   1.4489910476777681E+04
     237.0010000000000048   1.4490129898771271E+04
     240.0000000000000000   1.4816733763710034E+04
     250.0000000000000000   1.5894548045636826E+04
     260.0000000000000000   1.7039922246072823E+04
     270.0000000000000000   1.8223080295732390E+04
     280.0000000000000000   1.9465198242663588E+04
     290.0000000000000000   2.0725710658457214E+04
     300.0000000000000000   2.2066204900233755E+04
     310.0000000000000000   2.3470797844740580E+04
     320.0000000000000000   2.4948145472736331E+04
     330.0000000000000000   2.6454512831471919E+04
     340.0000000000000000   2.7997507868514909E+04
     350.0000000000000000   2.9678482984534359E+04
     360.0000000000000000   3.1323427589402723E+04
     370.0000000000000000   3.3054334523379322E+04
     380.0000000000000000   3.4834420711408726E+04
     390.0000000000000000   3.6758826976545097E+04
     398.9990000000000236   3.8433601969752061E+04
     399.0009999999999764   3.8434020560375822E+04
     400.0000000000000000   3.8644252555729319E+04
     410.0000000000000000   4.0629530012702045E+04
     415.9990000000000236   4.1854907055192729E+04
     416.0009999999999764   4.1855350336548021E+04
     420.0000000000000000   4.2665719408060097E+04
     430.0000000000000000   4.4765250747097329E+04
     440.0000000000000000   4.6942234947588651E+04
     450.0000000000000000   4.9145145948861442E+04
     460.0000000000000000   5.1516985631041913E+04
     470.0000000000000000   5.3842676274356723E+04
     480.0000000000000000   5.6206431423882612E+04
     490.0000000000000000   5.8742162791366012E+04
     500.0000000000000000   6.1338916350653555E+04
     510.0000000000000000   6.3947359789630806E+04
     510.9989999999999668   6.4234709055417799E+04
     511.0009999999999195   6.4235286919430735E+04
     520.0000000000000000   6.6596191811039418E+04
     530.0000000000000000   6.9547138707192309E+04
     540.0000000000000000   7.2336494459988986E+04
     550.0000000000000000   7.5165622048008270E+04
     560.0000000000000000   7.8278058346822916E+04
     570.0000000000000000   8.1357482270118489E+04
     580.0000000000000000   8.4502542508646889E+04
     590.0000000000000000   8.7825988144622897E+04
     600.0000000000000000   9.1200142816037172E+04
     610.0000000000000000   9.4435931136524116E+04
     620.0000000000000000   9.7977394323881643E+04
     630.0000000000000000   1.0148582753313570E+05
     640.0000000000000000   1.0509199322022429E+05
     650.0000000000000000   1.0879587504285455E+05
     660.0000000000000000   1.1265047596847617E+05
     670.0000000000000000   1.1661688149692136E+05
     680.0000000000000000   1.2060517351165174E+05
     690.0000000000000000   1.2463691931859589E+05
     700.0000000000000000   1.2886819862207094E+05
     710.0000000000000000   1.3291651805869176E+05
     720.0000000000000000   1.3733503077117889E+05
     730.0000000000000000   1.4173195151238263E+05
     740.0000000000000000   1.4628843806588560E+05
     750.0000000000000000   1.5072713331057722E+05
     760.0000000000000000   1.5549535885381364E+05
     770.0000000000000000   1.6029867068496344E+05
     780.0000000000000000   1.6520886944720146E+05
     790.0000000000000000   1.7014239276597829E+05
     800.0000000000000000   1.7530397343252730E+05
     810.0000000000000000   1.8037568035592113E+05
     820.0000000000000000   1.8586884238579709E+05
     830.0000000000000000   1.9123083331618636E+05
     840.0000000000000000   1.9645606475184800E+05
     850.0000000000000000   2.0224748562035360E+05
     860.0000000000000000   2.0780198704150645E+05
     870.0000000000000000   2.1351479496019601E+05
     880.0000000000000000   2.1958371152058357E+05
     890.0000000000000000   2.2524101176392660E+05
     900.0000000000000000   2.3150877079706444E+05
     910.0000000000000000   2.3728035919435674E+05
     920.0000000000000000   2.4399892181600872E+05
     930.0000000000000000   2.4978342598093415E+05
     940.0000000000000000   2.5663241524655186E+05
     950.0000000000000000   2.6314513961534458E+05
     960.0000000000000000   2.6958830145795876E+05
     970.0000000000000000   2.7671578397696809E+05
     980.0000000000000000   2.8329867956727516E+05
     990.0000000000000000   2.9064052459952160E+05
    1000.0000000000000000   2.9803655025474500E+05
    1100.0000000000000000   3.7521879654362914E+05
    1200.0000000000000000   4.6535992083455558E+05
    1300.0000000000000000   5.6733995065043936E+05
    1400.0000000000000000   6.8367497396481747E+05
    1500.0000000000000000   8.1443754721397313E+05
    1600.0000000000000000   9.6195674230477330E+05
    1700.0000000000000000   1.1240103495869609E+06
    1800.0000000000000000   1.3013278915938288E+06
    1843.9990000000000236   1.3851941522510427E+06
    1844.0009999999999764   1.3851983271406996E+06
    1900.0000000000000000   1.4983633360735925E+06
    2000.0000000000000000   1.7109939069103212E+06
    2100.0000000000000000   1.9480945746147153E+06
    2200.0000000000000000   2.2046555549163837E+06
    2300.0000000000000000   2.4771213245409955E+06
    2400.0000000000000000   2.7745648292353726E+06
    2475.9989999999997963   3.0133045581946741E+06
    2476.0010000000002037   3.0133115098010488E+06
    2500.0000000000000000   3.0948353883918258E+06
    2526.9989999999997963   3.1826200536386305E+06
    2527.0010000000002037   3.1826272258122708E+06
    2600.0000000000000000   3.4375801323876698E+06
    2631.9989999999997963   3.5465681249719094E+06
    2632.0010000000002037   3.5465757333563482E+06
    2700.0000000000000000   3.7994726786939376E+06
    2800.0000000000000000   4.1928277464206954E+06
    2871.9989999999997963   4.4884042780617615E+06
    2872.0010000000002037   4.4884132949628402E+06
    2900.0000000000000000   4.6107384847224895E+06
    3000.0000000000000000   5.0547576373683773E+06
    3100.0000000000000000   5.5249874894427778E+06
    3200.0000000000000000   6.0189825672951229E+06
    3300.0000000000000000   6.5527940369126787E+06
    3400.0000000000000000   7.1218290359256584E+06
    3500.0000000000000000   7.7002112460624902E+06
    3600.0000000000000000   8.3162552466192553E+06
    3700.0000000000000000   8.9563049275015425E+06
    3800.0000000000000000   9.6526194448895026E+06
    3900.0000000000000000   1.0365374437769921E+07
    4000.0000000000000000   1.1124762495645840E+07
    4100.0000000000000000   1.1918942555038996E+07
    4200.0000000000000000   1.2744514262892539E+07
    4300.0000000000000000   1.3620176768332025E+07
    4400.0000000000000000   1.4476313587786991E+07
    4500.0000000000000000   1.5426128873289933E+07
    4600.0000000000000000   1.6394506604028741E+07
    4700.0000000000000000   1.7411718645865645E+07
    4800.0000000000000000   1.8476119087466080E+07
    4900.0000000000000000   1.9572418585846465E+07
    5000.0000000000000000   2.0723977474629324E+07
    5100.0000000000000000   2.1907085858410675E+07
    5200.0000000000000000   2.3142688617361844E+07
    5300.0000000000000000   2.4407985047874343E+07
    5400.0000000000000000   2.5741501977840237E+07
    5500.0000000000000000   2.7091922464078777E+07
    5600.0000000000000000   2.8497759665891841E+07
    5700.0000000000000000   2.9951817767438281E+07
    5800.0000000000000000   3.1512278209046610E+07
    5900.0000000000000000   3.3029126452187099E+07
    6000.0000000000000000   3.4672630807215810E+07
    6100.0000000000000000   3.6340531617280744E+07
    6200.0000000000000000   3.8058481135230362E+07
    6300.0000000000000000   3.9924621864629507E+07
    6400.0000000000000000   4.1675613559669852E+07
    6500.0000000000000000   4.3571414458874144E+07
    6600.0000000000000000   4.5464815979650654E+07
    6700.0000000000000000   4.7413830213457875E+07
    6800.0000000000000000   4.9538448797841653E+07
    6900.0000000000000000   5.1615678784507155E+07
    7000.0000000000000000   5.3727427812312566E+07
    7100.0000000000000000   5.6050308529802166E+07
    7200.0000000000000000   5.8297822771205343E+07
    7300.0000000000000000   6.0634213220208436E+07
    7400.0000000000000000   6.3081122085988969E+07
    7500.0000000000000000   6.5614675630745605E+07
    7600.0000000000000000   6.8130638795748517E+07
    7700.0000000000000000   7.0635801239395738E+07
    7800.0000000000000000   7.3288892960642979E+07
    7900.0000000000000000   7.6155390231346130E+07
    8000.0000000000000000   7.8844393474713460E+07
    8100.0000000000000000   8.1906452319921836E+07
    8200.0000000000000000   8.4666097015527323E+07
    8300.0000000000000000   8.7918229638908461E+07
    8400.0000000000000000   9.0877363736080363E+07
    8500.0000000000000000   9.3918741974738404E+07
    8600.0000000000000000   9.7396707780875847E+07
    8700.0000000000000000   1.0056277005132629E+08
    8800.0000000000000000   1.0391107813252999E+08
    8900.0000000000000000   1.0757895751089725E+08
    9000.0000000000000000   1.1087050608520368E+08
    9100.0000000000000000   1.1475959737289624E+08
    9200.0000000000000000   1.1817444325064749E+08
    9300.0000000000000000   1.2185790397042084E+08
    9400.0000000000000000   1.2589518280677724E+08
    9500.0000000000000000   1.2961816238026503E+08
    9600.0000000000000000   1.3386510082632013E+08
    9700.0000000000000000   1.3762100065412918E+08
    9800.0000000000000000   1.4205386407229748E+08
    9900.0000000000000000   1.4610034789042404E+08
   10000.0000000000000000   1.5073355724231869E+08
   11000.0000000000000000   1.9905659766274181E+08
   12000.0000000000000000   2.5630468536896113E+08
   13000.0000000000000000   3.2481198038040257E+08
   14000.0000000000000000   4.0409587980587804E+08
   15000.0000000000000000   4.9644907430884397E+08
   16000.0000000000000000   6.0035250735834491E+08
   17000.0000000000000000   7.2141689429842973E+08
   18000.0000000000000000   8.5433494463318324E+08
   19000.0000000000000000   1.0068167832489741E+09
   20000.0000000000000000   1.1734772130232718E+09
   20005.9989999999997963   1.1746281707753479E+09
   20006.0010000000002037   1.1746285548683631E+09
   21000.0000000000000000   1.3587878655062714E+09
   22000.0000000000000000   1.5637577254379535E+09
   23000.0000000000000000   1.7915067734408250E+09
   24000.0000000000000000   2.0364203463318813E+09
   25000.0000000000000000   2.3047587941973443E+09
   26000.0000000000000000   2.5988144088950458E+09
   27000.0000000000000000   2.9120899607997880E+09
   28000.0000000000000000   3.2540874323528719E+09
   29000.0000000000000000   3.6221040853077974E+09
   30000.0000000000000000   4.0202713748103571E+09
   31000.0000000000000000   4.4373566737190542E+09
   32000.0000000000000000   4.8952391795966902E+09
   33000.0000000000000000   5.3827828960901089E+09
   34000.0000000000000000   5.9041804387063341E+09
   35000.0000000000000000   6.4554705788619823E+09
   36000.0000000000000000   7.0496221977515306E+09
   37000.0000000000000000   7.6565809669249153E+09
   38000.0000000000000000   8.3339646084717293E+09
   39000.0000000000000000   8.9987572594861031E+09
   40000.0000000000000000   9.7501964160571995E+09
   41000.0000000000000000   1.0532916717462067E+10
   42000.0000000000000000   1.1350088048295902E+10
   43000.0000000000000000   1.2225306608498276E+10
   44000.0000000000000000   1.3097507472383492E+10
   45000.0000000000000000   1.4034032973162968E+10
   46000.0000000000000000   1.5018667256314260E+10
   47000.0000000000000000   1.6051553970125790E+10
   48000.0000000000000000   1.7149895815118130E+10
   49000.0000000000000000   1.8277419332191154E+10
   50000.0000000000000000   1.9532520302960121E+10
