       0.1000000000000000   1.0000000000000000E+30
       0.2000000000000000   1.0000000000000000E+30
       0.3000000000000000   1.0000000000000000E+30
       0.4000000000000000   1.0000000000000000E+30
       0.5000000000000000   1.0000000000000000E+30
       0.6000000000000000   1.0000000000000000E+30
       0.7000000000000000   1.0000000000000000E+30
       0.7999999999999999   1.0000000000000000E+30
       0.8999999999999999   1.0000000000000000E+30
       0.9999999999999999   1.0000000000000000E+30
       2.0000000000000000   1.0000000000000000E+30
       3.0000000000000000   1.0000000000000000E+30
       4.0000000000000000   1.0000000000000000E+30
       5.0000000000000000   1.0000000000000000E+30
       6.0000000000000000   1.0000000000000000E+30
       7.0000000000000000   1.0000000000000000E+30
       8.0000000000000000   1.0000000000000000E+30
       9.0000000000000000   1.0000000000000000E+30
      10.0000000000000000   1.0000000000000000E+30
      11.0000000000000000   1.0000000000000000E+30
      12.0000000000000000   1.0000000000000000E+30
      13.0000000000000000   1.0000000000000000E+30
      14.0000000000000000   1.0000000000000000E+30
      15.0000000000000000   1.0000000000000000E+30
      16.0000000000000000   1.0000000000000000E+30
      17.0000000000000000   1.0000000000000000E+30
      18.0000000000000000   1.0000000000000000E+30
      19.0000000000000000   1.0000000000000000E+30
      20.0000000000000000   1.0000000000000000E+30
      21.0000000000000000   1.0000000000000000E+30
      22.0000000000000000   1.0000000000000000E+30
      23.0000000000000000   1.0000000000000000E+30
      24.0000000000000000   1.0000000000000000E+30
      25.0000000000000000   1.0000000000000000E+30
      26.0000000000000000   1.0000000000000000E+30
      27.0000000000000000   1.0000000000000000E+30
      28.0000000000000000   1.0000000000000000E+30
      29.0000000000000000   1.0000000000000000E+30
      30.0000000000000000   1.0000000000000000E+30
      31.0000000000000000   1.0000000000000000E+30
      32.0000000000000000   1.0000000000000000E+30
      33.0000000000000000   1.0000000000000000E+30
      34.0000000000000000   1.0000000000000000E+30
      35.0000000000000000   1.0000000000000000E+30
      36.0000000000000000   1.0000000000000000E+30
      37.0000000000000000   1.0000000000000000E+30
      38.0000000000000000   1.0000000000000000E+30
      39.0000000000000000   1.0000000000000000E+30
      40.0000000000000000   1.0000000000000000E+30
      41.0000000000000000   1.0000000000000000E+30
      41.9990000000000023   1.0000000000000000E+30
      42.0000000000000000   1.0000000000000000E+30
      42.0009999999999977   1.0000000000000000E+30
      43.0000000000000000   1.0000000000000000E+30
      44.0000000000000000   1.0000000000000000E+30
      44.9990000000000023   1.0000000000000000E+30
      45.0000000000000000   1.0000000000000000E+30
      45.0009999999999977   1.0000000000000000E+30
      46.0000000000000000   1.0000000000000000E+30
      47.0000000000000000   1.0000000000000000E+30
      48.0000000000000000   1.0000000000000000E+30
      49.0000000000000000   1.0000000000000000E+30
      50.0000000000000000   1.0000000000000000E+30
      51.0000000000000000   1.0000000000000000E+30
      52.0000000000000000   1.0000000000000000E+30
      53.0000000000000000   1.0000000000000000E+30
      54.0000000000000000   1.0000000000000000E+30
      55.0000000000000000   1.0000000000000000E+30
      56.0000000000000000   1.0000000000000000E+30
      57.0000000000000000   1.0000000000000000E+30
      58.0000000000000000   1.0000000000000000E+30
      59.0000000000000000   1.0000000000000000E+30
      60.0000000000000000   1.0000000000000000E+30
      61.0000000000000000   1.0000000000000000E+30
      62.0000000000000000   1.0000000000000000E+30
      63.0000000000000000   1.0000000000000000E+30
      64.0000000000000000   1.0000000000000000E+30
      65.0000000000000000   1.0000000000000000E+30
      66.0000000000000000   1.0000000000000000E+30
      67.0000000000000000   1.0000000000000000E+30
      67.9989999999999952   1.0000000000000000E+30
      68.0000000000000000   1.0000000000000000E+30
      68.0010000000000048   1.0000000000000000E+30
      69.0000000000000000   1.0000000000000000E+30
      70.0000000000000000   1.0000000000000000E+30
      71.0000000000000000   1.0000000000000000E+30
      72.0000000000000000   1.0000000000000000E+30
      73.0000000000000000   1.0000000000000000E+30
      74.0000000000000000   1.0000000000000000E+30
      75.0000000000000000   1.0000000000000000E+30
      76.0000000000000000   1.0000000000000000E+30
      77.0000000000000000   1.0000000000000000E+30
      78.0000000000000000   1.0000000000000000E+30
      79.0000000000000000   1.0000000000000000E+30
      80.0000000000000000   1.0000000000000000E+30
      81.0000000000000000   1.0000000000000000E+30
      82.0000000000000000   1.0000000000000000E+30
      83.0000000000000000   1.0000000000000000E+30
      84.0000000000000000   1.0000000000000000E+30
      85.0000000000000000   1.0000000000000000E+30
      86.0000000000000000   1.0000000000000000E+30
      87.0000000000000000   1.0000000000000000E+30
      88.0000000000000000   1.0000000000000000E+30
      89.0000000000000000   1.0000000000000000E+30
      90.0000000000000000   1.0000000000000000E+30
      91.0000000000000000   1.0000000000000000E+30
      92.0000000000000000   1.0000000000000000E+30
      93.0000000000000000   1.0000000000000000E+30
      94.0000000000000000   1.0000000000000000E+30
      95.0000000000000000   1.0000000000000000E+30
      96.0000000000000000   1.0000000000000000E+30
      97.0000000000000000   1.0000000000000000E+30
      98.0000000000000000   1.0000000000000000E+30
      99.0000000000000000   1.0000000000000000E+30
     100.0000000000000000   1.0000000000000000E+30
     103.9989999999999952   1.0000000000000000E+30
     104.0010000000000048   1.0000000000000000E+30
     110.0000000000000000   1.0000000000000000E+30
     120.0000000000000000   1.0000000000000000E+30
     130.0000000000000000   1.0000000000000000E+30
     140.0000000000000000   1.0000000000000000E+30
     150.0000000000000000   1.0000000000000000E+30
     153.9989999999999952   1.0000000000000000E+30
     154.0010000000000048   1.0000000000000000E+30
     160.0000000000000000   1.0000000000000000E+30
     167.9989999999999952   1.0000000000000000E+30
     168.0010000000000048   1.0000000000000000E+30
     169.9989999999999952   1.0000000000000000E+30
     170.0000000000000000   1.0000000000000000E+30
     170.0010000000000048   1.0000000000000000E+30
     180.0000000000000000   1.0000000000000000E+30
     190.0000000000000000   1.0000000000000000E+30
     200.0000000000000000   1.0000000000000000E+30
     210.0000000000000000   1.0000000000000000E+30
     220.0000000000000000   1.0000000000000000E+30
     230.0000000000000000   1.0000000000000000E+30
     231.9989999999999952   1.0000000000000000E+30
     232.0010000000000048   1.0000000000000000E+30
     233.9989999999999952   1.0000000000000000E+30
     234.0010000000000048   1.0000000000000000E+30
     236.9989999999999952   1.0000000000000000E+30
     237.0010000000000048   1.0000000000000000E+30
     240.0000000000000000   1.0000000000000000E+30
     250.0000000000000000   1.0000000000000000E+30
     260.0000000000000000   1.0000000000000000E+30
     270.0000000000000000   1.0000000000000000E+30
     280.0000000000000000   1.0000000000000000E+30
     290.0000000000000000   1.0000000000000000E+30
     300.0000000000000000   1.0000000000000000E+30
     310.0000000000000000   1.0000000000000000E+30
     320.0000000000000000   1.0000000000000000E+30
     330.0000000000000000   1.0000000000000000E+30
     340.0000000000000000   1.0000000000000000E+30
     350.0000000000000000   1.0000000000000000E+30
     360.0000000000000000   1.0000000000000000E+30
     370.0000000000000000   1.0000000000000000E+30
     380.0000000000000000   1.0000000000000000E+30
     390.0000000000000000   1.0000000000000000E+30
     398.9990000000000236   1.0000000000000000E+30
     399.0009999999999764   3.9515178623044296E+04
     400.0000000000000000   3.9326017857138424E+04
     410.0000000000000000   3.8210670912967544E+04
     415.9990000000000236   3.7571427056969565E+04
     416.0009999999999764   3.7571217506662389E+04
     420.0000000000000000   3.7156845077789061E+04
     430.0000000000000000   3.7201070302819870E+04
     440.0000000000000000   3.7304237146541316E+04
     450.0000000000000000   3.7137314842372900E+04
     460.0000000000000000   3.8082756074195422E+04
     470.0000000000000000   3.8367831869842914E+04
     480.0000000000000000   3.8657207834636516E+04
     490.0000000000000000   3.9860634101018499E+04
     500.0000000000000000   4.0422484548773748E+04
     510.0000000000000000   4.1198608572470788E+04
     510.9989999999999668   4.1265803439686228E+04
     511.0009999999999195   4.1265938183793747E+04
     520.0000000000000000   4.1881261666442042E+04
     530.0000000000000000   4.2462823185667788E+04
     540.0000000000000000   4.3138224155148666E+04
     550.0000000000000000   4.3835457841049123E+04
     560.0000000000000000   4.4494921309195495E+04
     570.0000000000000000   4.5219287162972440E+04
     580.0000000000000000   4.6081103517696109E+04
     590.0000000000000000   4.6907353340997237E+04
     600.0000000000000000   4.7623177862254495E+04
     610.0000000000000000   4.8447041265414686E+04
     620.0000000000000000   4.9363535460921383E+04
     630.0000000000000000   5.0276412251756919E+04
     640.0000000000000000   5.1069677162341242E+04
     650.0000000000000000   5.1983614711000460E+04
     660.0000000000000000   5.2933837852613084E+04
     670.0000000000000000   5.3917592571230874E+04
     680.0000000000000000   5.4938605106892246E+04
     690.0000000000000000   5.5741998363993320E+04
     700.0000000000000000   5.6746828222434349E+04
     710.0000000000000000   5.7826017071044436E+04
     720.0000000000000000   5.8923682740356773E+04
     730.0000000000000000   5.9879787922455755E+04
     740.0000000000000000   6.0974259814138233E+04
     750.0000000000000000   6.2109485717283591E+04
     760.0000000000000000   6.3287785104973809E+04
     770.0000000000000000   6.4497130337159120E+04
     780.0000000000000000   6.5764916806967114E+04
     790.0000000000000000   6.7083543043083613E+04
     800.0000000000000000   6.7945491431680828E+04
     810.0000000000000000   6.9217112620929227E+04
     820.0000000000000000   7.0537239182464124E+04
     830.0000000000000000   7.1908700397850815E+04
     840.0000000000000000   7.2995975827203889E+04
     850.0000000000000000   7.4388998356232463E+04
     860.0000000000000000   7.5836222888865595E+04
     870.0000000000000000   7.7340875661533588E+04
     880.0000000000000000   7.8092991578147761E+04
     890.0000000000000000   7.9516055374181436E+04
     900.0000000000000000   8.0991945894490535E+04
     910.0000000000000000   8.2287357073881547E+04
     920.0000000000000000   8.3806282706436163E+04
     930.0000000000000000   8.5382337963425962E+04
     940.0000000000000000   8.6483745371608806E+04
     950.0000000000000000   8.8019552073556755E+04
     960.0000000000000000   8.9535804748158334E+04
     970.0000000000000000   9.1153872235846124E+04
     980.0000000000000000   9.2831498635678247E+04
     990.0000000000000000   9.4121894407201995E+04
    1000.0000000000000000   9.5778919613999562E+04
    1100.0000000000000000   1.1249121364611635E+05
    1200.0000000000000000   1.3113231028304950E+05
    1300.0000000000000000   1.5192100550929358E+05
    1400.0000000000000000   1.7442889343536471E+05
    1500.0000000000000000   1.9911941899789145E+05
    1600.0000000000000000   2.2714446462161219E+05
    1700.0000000000000000   2.5672384377219164E+05
    1800.0000000000000000   2.8848561585904256E+05
    1843.9990000000000236   3.0307661076538014E+05
    1844.0009999999999764   3.0307732595098123E+05
    1900.0000000000000000   3.2327537902661291E+05
    2000.0000000000000000   3.6090603218337183E+05
    2100.0000000000000000   4.0097907456115889E+05
    2200.0000000000000000   4.4419749321035802E+05
    2300.0000000000000000   4.9119522032630519E+05
    2400.0000000000000000   5.4098097615274659E+05
    2475.9989999999997963   5.8118427210130740E+05
    2476.0010000000002037   5.8118544743797847E+05
    2500.0000000000000000   5.9563968570265069E+05
    2526.9989999999997963   6.0764867289469123E+05
    2527.0010000000002037   6.0764984096850548E+05
    2600.0000000000000000   6.4966650544103875E+05
    2631.9989999999997963   6.7027846544492978E+05
    2632.0010000000002037   6.7027979460881255E+05
    2700.0000000000000000   7.0929043548448198E+05
    2800.0000000000000000   7.7413708148016897E+05
    2871.9989999999997963   8.2164220329177787E+05
    2872.0010000000002037   8.2164368961233122E+05
    2900.0000000000000000   8.4299211168079183E+05
    3000.0000000000000000   9.1204166743494524E+05
    3100.0000000000000000   9.8558712216253043E+05
    3200.0000000000000000   1.0650743353317589E+06
    3300.0000000000000000   1.1508861294418322E+06
    3400.0000000000000000   1.2362208681717496E+06
    3500.0000000000000000   1.3292737674532784E+06
    3600.0000000000000000   1.4261637404785114E+06
    3700.0000000000000000   1.5262015356232163E+06
    3800.0000000000000000   1.6341837631174044E+06
    3900.0000000000000000   1.7446257421736487E+06
    4000.0000000000000000   1.8588192494713098E+06
    4100.0000000000000000   1.9840809964433266E+06
    4200.0000000000000000   2.1121208748049070E+06
    4300.0000000000000000   2.2460665450404114E+06
    4400.0000000000000000   2.3877086882036254E+06
    4500.0000000000000000   2.5328922735994342E+06
    4600.0000000000000000   2.6751898611991690E+06
    4700.0000000000000000   2.8459632318259436E+06
    4800.0000000000000000   3.0071990135698309E+06
    4900.0000000000000000   3.1646642119772425E+06
    5000.0000000000000000   3.3528222258101474E+06
    5100.0000000000000000   3.5331925522667267E+06
    5200.0000000000000000   3.7162589675170970E+06
    5300.0000000000000000   3.9190641164047192E+06
    5400.0000000000000000   4.1177396735833851E+06
    5500.0000000000000000   4.3255815811185697E+06
    5600.0000000000000000   4.5442376669355193E+06
    5700.0000000000000000   4.7655096317194104E+06
    5800.0000000000000000   5.0183901145501602E+06
    5900.0000000000000000   5.2472802191805001E+06
    6000.0000000000000000   5.4891761232498344E+06
    6100.0000000000000000   5.7647259415609119E+06
    6200.0000000000000000   6.0243584706950774E+06
    6300.0000000000000000   6.2944805175897237E+06
    6400.0000000000000000   6.6053497146177022E+06
    6500.0000000000000000   6.8767978080059038E+06
    6600.0000000000000000   7.2173307877065493E+06
    6700.0000000000000000   7.4896640956830243E+06
    6800.0000000000000000   7.8102056415688116E+06
    6900.0000000000000000   8.1417944751266465E+06
    7000.0000000000000000   8.4690007990187146E+06
    7100.0000000000000000   8.8520474656709209E+06
    7200.0000000000000000   9.1706497473602723E+06
    7300.0000000000000000   9.5588470804609843E+06
    7400.0000000000000000   9.9254197793398350E+06
    7500.0000000000000000   1.0300621793539267E+07
    7600.0000000000000000   1.0724058971220700E+07
    7700.0000000000000000   1.1137081833202904E+07
    7800.0000000000000000   1.1558749617404705E+07
    7900.0000000000000000   1.2037468458046308E+07
    8000.0000000000000000   1.2452071084987231E+07
    8100.0000000000000000   1.2889453234094476E+07
    8200.0000000000000000   1.3352972155815791E+07
    8300.0000000000000000   1.3864640654818611E+07
    8400.0000000000000000   1.4332922107403383E+07
    8500.0000000000000000   1.4884666345309980E+07
    8600.0000000000000000   1.5357671877925895E+07
    8700.0000000000000000   1.5883838917032102E+07
    8800.0000000000000000   1.6423271388856927E+07
    8900.0000000000000000   1.7020392685485095E+07
    9000.0000000000000000   1.7551072345347006E+07
    9100.0000000000000000   1.8183365589414302E+07
    9200.0000000000000000   1.8740350483933017E+07
    9300.0000000000000000   1.9339109961951304E+07
    9400.0000000000000000   2.0000629354141664E+07
    9500.0000000000000000   2.0601196244576816E+07
    9600.0000000000000000   2.1302844068647493E+07
    9700.0000000000000000   2.1912701141704507E+07
    9800.0000000000000000   2.2644306648188166E+07
    9900.0000000000000000   2.3323762859202445E+07
   10000.0000000000000000   2.4022076121778969E+07
   11000.0000000000000000   3.2006154779407732E+07
   12000.0000000000000000   4.1812308865881622E+07
   13000.0000000000000000   5.3687021273799255E+07
   14000.0000000000000000   6.7504227284566760E+07
   15000.0000000000000000   8.3863465828653827E+07
   16000.0000000000000000   1.0289359487583488E+08
   17000.0000000000000000   1.2496952473360665E+08
   18000.0000000000000000   1.5082178134586787E+08
   19000.0000000000000000   1.7889162930841732E+08
   20000.0000000000000000   2.1141733834866422E+08
   20005.9989999999997963   2.1163472561381620E+08
   20006.0010000000002037   2.1163479816286290E+08
   21000.0000000000000000   2.4812307870595595E+08
   22000.0000000000000000   2.8897157260020477E+08
   23000.0000000000000000   3.3519405862150931E+08
   24000.0000000000000000   3.8581889858033788E+08
   25000.0000000000000000   4.4304381844605470E+08
   26000.0000000000000000   5.0505086591576970E+08
   27000.0000000000000000   5.7228266781327152E+08
   28000.0000000000000000   6.4742181842338419E+08
   29000.0000000000000000   7.3096674059071374E+08
   30000.0000000000000000   8.1931181631866920E+08
   31000.0000000000000000   9.1188266134836555E+08
   32000.0000000000000000   1.0197667024513642E+09
   33000.0000000000000000   1.1306456082394772E+09
   34000.0000000000000000   1.2527344532441523E+09
   35000.0000000000000000   1.3806031417783318E+09
   36000.0000000000000000   1.5262185762376285E+09
   37000.0000000000000000   1.6717115050282896E+09
   38000.0000000000000000   1.8314495750076468E+09
   39000.0000000000000000   2.0069060212443967E+09
   40000.0000000000000000   2.1875652469022193E+09
   41000.0000000000000000   2.3895917750921016E+09
   42000.0000000000000000   2.6027996176707973E+09
   43000.0000000000000000   2.8146178708634996E+09
   44000.0000000000000000   3.0543995516332259E+09
   45000.0000000000000000   3.2929276665742764E+09
   46000.0000000000000000   3.5548996437126446E+09
   47000.0000000000000000   3.8342928783728852E+09
   48000.0000000000000000   4.1294468203142605E+09
   49000.0000000000000000   4.4432843564801378E+09
   50000.0000000000000000   4.7595559658791103E+09
