       0.1000000000000000   1.0000000000000000E+30
       0.2000000000000000   1.0000000000000000E+30
       0.3000000000000000   1.0000000000000000E+30
       0.4000000000000000   1.0000000000000000E+30
       0.5000000000000000   1.0000000000000000E+30
       0.6000000000000000   1.0000000000000000E+30
       0.7000000000000000   1.0000000000000000E+30
       0.7999999999999999   1.0000000000000000E+30
       0.8999999999999999   1.0000000000000000E+30
       0.9999999999999999   1.0000000000000000E+30
       2.0000000000000000   1.0000000000000000E+30
       3.0000000000000000   1.0000000000000000E+30
       4.0000000000000000   1.0000000000000000E+30
       5.0000000000000000   1.0000000000000000E+30
       6.0000000000000000   1.0000000000000000E+30
       7.0000000000000000   1.0000000000000000E+30
       8.0000000000000000   1.0000000000000000E+30
       9.0000000000000000   1.0000000000000000E+30
      10.0000000000000000   1.0000000000000000E+30
      11.0000000000000000   1.0000000000000000E+30
      12.0000000000000000   1.0000000000000000E+30
      13.0000000000000000   1.0000000000000000E+30
      14.0000000000000000   1.0000000000000000E+30
      15.0000000000000000   1.0000000000000000E+30
      16.0000000000000000   1.0000000000000000E+30
      17.0000000000000000   1.0000000000000000E+30
      18.0000000000000000   1.0000000000000000E+30
      19.0000000000000000   1.0000000000000000E+30
      20.0000000000000000   1.0000000000000000E+30
      21.0000000000000000   1.0000000000000000E+30
      22.0000000000000000   1.0000000000000000E+30
      23.0000000000000000   1.0000000000000000E+30
      24.0000000000000000   1.0000000000000000E+30
      25.0000000000000000   1.0000000000000000E+30
      26.0000000000000000   1.0000000000000000E+30
      27.0000000000000000   1.0000000000000000E+30
      28.0000000000000000   1.0000000000000000E+30
      29.0000000000000000   1.0000000000000000E+30
      30.0000000000000000   1.0000000000000000E+30
      31.0000000000000000   1.0000000000000000E+30
      32.0000000000000000   1.0000000000000000E+30
      33.0000000000000000   1.0000000000000000E+30
      34.0000000000000000   1.0000000000000000E+30
      35.0000000000000000   1.0000000000000000E+30
      36.0000000000000000   1.0000000000000000E+30
      37.0000000000000000   1.0000000000000000E+30
      38.0000000000000000   1.0000000000000000E+30
      39.0000000000000000   1.0000000000000000E+30
      40.0000000000000000   1.0000000000000000E+30
      41.0000000000000000   1.0000000000000000E+30
      41.9990000000000023   1.0000000000000000E+30
      42.0000000000000000   1.0000000000000000E+30
      42.0009999999999977   1.0000000000000000E+30
      43.0000000000000000   1.0000000000000000E+30
      44.0000000000000000   1.0000000000000000E+30
      44.9990000000000023   1.0000000000000000E+30
      45.0000000000000000   1.0000000000000000E+30
      45.0009999999999977   1.0000000000000000E+30
      46.0000000000000000   1.0000000000000000E+30
      47.0000000000000000   1.0000000000000000E+30
      48.0000000000000000   1.0000000000000000E+30
      49.0000000000000000   1.0000000000000000E+30
      50.0000000000000000   1.0000000000000000E+30
      51.0000000000000000   1.0000000000000000E+30
      52.0000000000000000   1.0000000000000000E+30
      53.0000000000000000   1.0000000000000000E+30
      54.0000000000000000   1.0000000000000000E+30
      55.0000000000000000   1.0000000000000000E+30
      56.0000000000000000   1.0000000000000000E+30
      57.0000000000000000   1.0000000000000000E+30
      58.0000000000000000   1.0000000000000000E+30
      59.0000000000000000   1.0000000000000000E+30
      60.0000000000000000   1.0000000000000000E+30
      61.0000000000000000   1.0000000000000000E+30
      62.0000000000000000   1.0000000000000000E+30
      63.0000000000000000   1.0000000000000000E+30
      64.0000000000000000   1.0000000000000000E+30
      65.0000000000000000   1.0000000000000000E+30
      66.0000000000000000   1.0000000000000000E+30
      67.0000000000000000   1.0000000000000000E+30
      67.9989999999999952   1.0000000000000000E+30
      68.0000000000000000   1.0000000000000000E+30
      68.0010000000000048   9.6472909418250143E+04
      69.0000000000000000   9.4597467525893473E+04
      70.0000000000000000   9.2791781401659886E+04
      71.0000000000000000   9.1053738342114491E+04
      72.0000000000000000   8.9345833942179452E+04
      73.0000000000000000   8.7719628175516817E+04
      74.0000000000000000   8.6960911644419728E+04
      75.0000000000000000   8.5736083679923075E+04
      76.0000000000000000   8.5301396910939875E+04
      77.0000000000000000   8.4396460793478764E+04
      78.0000000000000000   8.3510523497749629E+04
      79.0000000000000000   8.3432400323275855E+04
      80.0000000000000000   8.2815620067488475E+04
      81.0000000000000000   8.2207892080415855E+04
      82.0000000000000000   8.1609018528339788E+04
      83.0000000000000000   8.1018807300619388E+04
      84.0000000000000000   8.1340374790131566E+04
      85.0000000000000000   8.0934496420653682E+04
      86.0000000000000000   8.0532648505036210E+04
      87.0000000000000000   8.0134771305058908E+04
      88.0000000000000000   7.9740806257261094E+04
      89.0000000000000000   8.0156927090356330E+04
      90.0000000000000000   7.9901461658364322E+04
      91.0000000000000000   7.9647619423615819E+04
      92.0000000000000000   7.9395384964697776E+04
      93.0000000000000000   7.9144743054931576E+04
      94.0000000000000000   7.8895678659308789E+04
      95.0000000000000000   7.9378593105960783E+04
      96.0000000000000000   7.9234442340086360E+04
      97.0000000000000000   7.9090814177992710E+04
      98.0000000000000000   7.8947705782852718E+04
      99.0000000000000000   7.8805114338334228E+04
     100.0000000000000000   7.8663037048415310E+04
     103.9989999999999952   7.8980715443089473E+04
     104.0010000000000048   7.8980615203765221E+04
     110.0000000000000000   7.9488582040616384E+04
     120.0000000000000000   8.0892684002590453E+04
     130.0000000000000000   8.4271241965378285E+04
     140.0000000000000000   8.8195920921794866E+04
     150.0000000000000000   9.2980787543137543E+04
     153.9989999999999952   9.4949296429842740E+04
     154.0010000000000048   9.5142098981501258E+04
     160.0000000000000000   9.8381340167051880E+04
     167.9989999999999952   1.0276489702290001E+05
     168.0010000000000048   1.0276602696708310E+05
     169.9989999999999952   1.0390739085415663E+05
     170.0000000000000000   1.0390796845514889E+05
     170.0010000000000048   1.0390854606256273E+05
     180.0000000000000000   1.0997807276242267E+05
     190.0000000000000000   1.1590978484120849E+05
     200.0000000000000000   1.2257500960316941E+05
     210.0000000000000000   1.2900437168863570E+05
     220.0000000000000000   1.3576375566959998E+05
     230.0000000000000000   1.4319229166397318E+05
     231.9989999999999952   1.4478014902444949E+05
     232.0010000000000048   1.4478175531049361E+05
     233.9989999999999952   1.4640443797584629E+05
     234.0010000000000048   1.4640608050612817E+05
     236.9989999999999952   1.4891037696347572E+05
     237.0010000000000048   1.4891207620421212E+05
     240.0000000000000000   1.5058961364668072E+05
     250.0000000000000000   1.5887275648727542E+05
     260.0000000000000000   1.6723249118859507E+05
     270.0000000000000000   1.7506064700559253E+05
     280.0000000000000000   1.8386219466945899E+05
     290.0000000000000000   1.9240807990490447E+05
     300.0000000000000000   2.0232441303914221E+05
     310.0000000000000000   2.1068662689023075E+05
     320.0000000000000000   2.2040305489085271E+05
     330.0000000000000000   2.2968683502211698E+05
     340.0000000000000000   2.3899698670915555E+05
     350.0000000000000000   2.4923964988036209E+05
     360.0000000000000000   2.6045808326842700E+05
     370.0000000000000000   2.7045535367646092E+05
     380.0000000000000000   2.8255099096962140E+05
     390.0000000000000000   2.9223638083544496E+05
     398.9990000000000236   3.0197126889946871E+05
     399.0009999999999764   3.0197369343811116E+05
     400.0000000000000000   3.0318963675950159E+05
     410.0000000000000000   3.1436209727151552E+05
     415.9990000000000236   3.2171848315018776E+05
     416.0009999999999764   3.2172099309896689E+05
     420.0000000000000000   3.2589641709852434E+05
     430.0000000000000000   3.3837519513344055E+05
     440.0000000000000000   3.4977466429693275E+05
     450.0000000000000000   3.6128263349282299E+05
     460.0000000000000000   3.7428747870588320E+05
     470.0000000000000000   3.8667045548047451E+05
     480.0000000000000000   3.9923278727649915E+05
     490.0000000000000000   4.1307621367792226E+05
     500.0000000000000000   4.2529246237110166E+05
     510.0000000000000000   4.3971372766827722E+05
     510.9989999999999668   4.4120832729543088E+05
     511.0009999999999195   4.4121132967785228E+05
     520.0000000000000000   4.5183771109186311E+05
     530.0000000000000000   4.6651888243071822E+05
     540.0000000000000000   4.8048409452157462E+05
     550.0000000000000000   4.9626520924942155E+05
     560.0000000000000000   5.0902445089760364E+05
     570.0000000000000000   5.2524105575868662E+05
     580.0000000000000000   5.3840353627135244E+05
     590.0000000000000000   5.5282583439868095E+05
     600.0000000000000000   5.6891634350021079E+05
     610.0000000000000000   5.8294980695518723E+05
     620.0000000000000000   5.9948587520816247E+05
     630.0000000000000000   6.1698746224920126E+05
     640.0000000000000000   6.3021109541097423E+05
     650.0000000000000000   6.4616223568333150E+05
     660.0000000000000000   6.6375923866337922E+05
     670.0000000000000000   6.7872597684918181E+05
     680.0000000000000000   6.9666491623967525E+05
     690.0000000000000000   7.1227601897112362E+05
     700.0000000000000000   7.3036192661748780E+05
     710.0000000000000000   7.4939022756521578E+05
     720.0000000000000000   7.6375682049290661E+05
     730.0000000000000000   7.8268521592800436E+05
     740.0000000000000000   8.0257566958132782E+05
     750.0000000000000000   8.1644552740708541E+05
     760.0000000000000000   8.3575826703784533E+05
     770.0000000000000000   8.5329081335879688E+05
     780.0000000000000000   8.7298933619037014E+05
     790.0000000000000000   8.9093625778066157E+05
     800.0000000000000000   9.1112654187813704E+05
     810.0000000000000000   9.3225314399316814E+05
     820.0000000000000000   9.4846034880500531E+05
     830.0000000000000000   9.6960584058419103E+05
     840.0000000000000000   9.8702079695087415E+05
     850.0000000000000000   1.0079781481076416E+06
     860.0000000000000000   1.0298447781930763E+06
     870.0000000000000000   1.0526811759012481E+06
     880.0000000000000000   1.0675292331180670E+06
     890.0000000000000000   1.0898441229878520E+06
     900.0000000000000000   1.1131118400229302E+06
     910.0000000000000000   1.1373947429424946E+06
     920.0000000000000000   1.1503061137384304E+06
     930.0000000000000000   1.1734393321900056E+06
     940.0000000000000000   1.1927863910164481E+06
     950.0000000000000000   1.2159244181558960E+06
     960.0000000000000000   1.2362505192368105E+06
     970.0000000000000000   1.2594223847366916E+06
     980.0000000000000000   1.2834794943204424E+06
     990.0000000000000000   1.3039785670443401E+06
    1000.0000000000000000   1.3282350023102926E+06
    1100.0000000000000000   1.5621558001030637E+06
    1200.0000000000000000   1.8150825844809017E+06
    1300.0000000000000000   2.0903955995041775E+06
    1400.0000000000000000   2.3747378833170589E+06
    1500.0000000000000000   2.6935301962674032E+06
    1600.0000000000000000   3.0145399594271863E+06
    1700.0000000000000000   3.3588494578567930E+06
    1800.0000000000000000   3.7333723490579464E+06
    1843.9990000000000236   3.8977038587905453E+06
    1844.0009999999999764   3.8977120643539065E+06
    1900.0000000000000000   4.1175440997645105E+06
    2000.0000000000000000   4.5229793115113685E+06
    2100.0000000000000000   4.9479822476968747E+06
    2200.0000000000000000   5.4067432317751553E+06
    2300.0000000000000000   5.8664440747243948E+06
    2400.0000000000000000   6.3659983655874645E+06
    2475.9989999999997963   6.7466314230882889E+06
    2476.0010000000002037   6.7466427448062794E+06
    2500.0000000000000000   6.8614386172564859E+06
    2526.9989999999997963   7.0141004062123578E+06
    2527.0010000000002037   7.0141119665408777E+06
    2600.0000000000000000   7.4167877140036374E+06
    2631.9989999999997963   7.5678484141668137E+06
    2632.0010000000002037   7.5678600747124795E+06
    2700.0000000000000000   7.9443903162597921E+06
    2800.0000000000000000   8.5319444792881962E+06
    2871.9989999999997963   8.9535181453854889E+06
    2872.0010000000002037   8.9535311228911728E+06
    2900.0000000000000000   9.1389728317516763E+06
    3000.0000000000000000   9.7292321623568069E+06
    3100.0000000000000000   1.0389158699175721E+07
    3200.0000000000000000   1.1054892057770826E+07
    3300.0000000000000000   1.1744292365455637E+07
    3400.0000000000000000   1.2470648457338583E+07
    3500.0000000000000000   1.3206247258785313E+07
    3600.0000000000000000   1.3903590424403308E+07
    3700.0000000000000000   1.4695606233134467E+07
    3800.0000000000000000   1.5486864295908958E+07
    3900.0000000000000000   1.6309368877012501E+07
    4000.0000000000000000   1.7162149737333752E+07
    4100.0000000000000000   1.8022019421901654E+07
    4200.0000000000000000   1.8993568156255439E+07
    4300.0000000000000000   1.9876299534261096E+07
    4400.0000000000000000   2.0785593925916687E+07
    4500.0000000000000000   2.1832395668239560E+07
    4600.0000000000000000   2.2798918966243386E+07
    4700.0000000000000000   2.3798705885391910E+07
    4800.0000000000000000   2.4844687564880740E+07
    4900.0000000000000000   2.5892472310725547E+07
    5000.0000000000000000   2.7087251876325313E+07
    5100.0000000000000000   2.8147716022055503E+07
    5200.0000000000000000   2.9309376264252812E+07
    5300.0000000000000000   3.0490412501403339E+07
    5400.0000000000000000   3.1646903928656526E+07
    5500.0000000000000000   3.2988666135440238E+07
    5600.0000000000000000   3.4183688322298616E+07
    5700.0000000000000000   3.5451458930080466E+07
    5800.0000000000000000   3.6718269034809619E+07
    5900.0000000000000000   3.8152343474862278E+07
    6000.0000000000000000   3.9429646023346514E+07
    6100.0000000000000000   4.0824637297333114E+07
    6200.0000000000000000   4.2361449347210370E+07
    6300.0000000000000000   4.3794439640413009E+07
    6400.0000000000000000   4.5455022794046834E+07
    6500.0000000000000000   4.6819409288131863E+07
    6600.0000000000000000   4.8274067659575894E+07
    6700.0000000000000000   4.9822422476847693E+07
    6800.0000000000000000   5.1507549102954730E+07
    6900.0000000000000000   5.3044741246983200E+07
    7000.0000000000000000   5.4820620425083466E+07
    7100.0000000000000000   5.6368780048268460E+07
    7200.0000000000000000   5.8205248213553049E+07
    7300.0000000000000000   5.9930964842036754E+07
    7400.0000000000000000   6.1690260929353349E+07
    7500.0000000000000000   6.3651332470336035E+07
    7600.0000000000000000   6.5348071376578420E+07
    7700.0000000000000000   6.7384785044356808E+07
    7800.0000000000000000   6.9155104151219785E+07
    7900.0000000000000000   7.1059551214432627E+07
    8000.0000000000000000   7.3128519016472027E+07
    8100.0000000000000000   7.5321579920907423E+07
    8200.0000000000000000   7.7168110921772704E+07
    8300.0000000000000000   7.9446964110076249E+07
    8400.0000000000000000   8.1284372578831419E+07
    8500.0000000000000000   8.3384635142001554E+07
    8600.0000000000000000   8.5703630692077294E+07
    8700.0000000000000000   8.7839732955624044E+07
    8800.0000000000000000   9.0260893551759616E+07
    8900.0000000000000000   9.2819308107317716E+07
    9000.0000000000000000   9.4777246756265849E+07
    9100.0000000000000000   9.7384753258686751E+07
    9200.0000000000000000   9.9457432417854622E+07
    9300.0000000000000000   1.0177670252898262E+08
    9400.0000000000000000   1.0435407488912022E+08
    9500.0000000000000000   1.0706537654639105E+08
    9600.0000000000000000   1.0928678011655900E+08
    9700.0000000000000000   1.1205862421189183E+08
    9800.0000000000000000   1.1430905227700445E+08
    9900.0000000000000000   1.1709535417659549E+08
   10000.0000000000000000   1.2002088288415876E+08
   11000.0000000000000000   1.4907025775706345E+08
   12000.0000000000000000   1.8087960169566682E+08
   13000.0000000000000000   2.1806471630471808E+08
   14000.0000000000000000   2.5738348497070909E+08
   15000.0000000000000000   3.0254506746772617E+08
   16000.0000000000000000   3.5175576199549353E+08
   17000.0000000000000000   4.0627009033455223E+08
   18000.0000000000000000   4.6575357440071630E+08
   19000.0000000000000000   5.3178971998494840E+08
   20000.0000000000000000   6.0040073704719830E+08
   20005.9989999999997963   6.0086786117792511E+08
   20006.0010000000002037   6.0086801703312898E+08
   21000.0000000000000000   6.7737316193071973E+08
   22000.0000000000000000   7.6011145483668005E+08
   23000.0000000000000000   8.4730010725143158E+08
   24000.0000000000000000   9.4151291070489824E+08
   25000.0000000000000000   1.0428330933028754E+09
   26000.0000000000000000   1.1509049555368509E+09
   27000.0000000000000000   1.2735507207699411E+09
   28000.0000000000000000   1.3929048796718483E+09
   29000.0000000000000000   1.5222198127717135E+09
   30000.0000000000000000   1.6637238116773591E+09
   31000.0000000000000000   1.8104459372152014E+09
   32000.0000000000000000   1.9748264410766242E+09
   33000.0000000000000000   2.1303581315961354E+09
   34000.0000000000000000   2.3100753527467747E+09
   35000.0000000000000000   2.4820870909580045E+09
   36000.0000000000000000   2.6816376496916208E+09
   37000.0000000000000000   2.8868763729666705E+09
   38000.0000000000000000   3.0995904573807650E+09
   39000.0000000000000000   3.3073609026420765E+09
   40000.0000000000000000   3.5428200439963002E+09
   41000.0000000000000000   3.7819130307791138E+09
   42000.0000000000000000   4.0321579652601409E+09
   43000.0000000000000000   4.2985943769728432E+09
   44000.0000000000000000   4.5710941931542978E+09
   45000.0000000000000000   4.8488726618551540E+09
   46000.0000000000000000   5.1456170684884567E+09
   47000.0000000000000000   5.4315373861332245E+09
   48000.0000000000000000   5.7515426891333294E+09
   49000.0000000000000000   6.0748061896859636E+09
   50000.0000000000000000   6.4134313371283035E+09
