       0.1000000000000000   1.0000000000000000E+30
       0.2000000000000000   1.0000000000000000E+30
       0.3000000000000000   1.0000000000000000E+30
       0.4000000000000000   1.0000000000000000E+30
       0.5000000000000000   1.0000000000000000E+30
       0.6000000000000000   1.0000000000000000E+30
       0.7000000000000000   1.0000000000000000E+30
       0.7999999999999999   1.0000000000000000E+30
       0.8999999999999999   1.0000000000000000E+30
       0.9999999999999999   1.0000000000000000E+30
       2.0000000000000000   1.0000000000000000E+30
       3.0000000000000000   1.0000000000000000E+30
       4.0000000000000000   1.0000000000000000E+30
       5.0000000000000000   1.0000000000000000E+30
       6.0000000000000000   1.0000000000000000E+30
       7.0000000000000000   1.0000000000000000E+30
       8.0000000000000000   1.0000000000000000E+30
       9.0000000000000000   1.0000000000000000E+30
      10.0000000000000000   1.0000000000000000E+30
      11.0000000000000000   1.0000000000000000E+30
      12.0000000000000000   1.0000000000000000E+30
      13.0000000000000000   1.0000000000000000E+30
      14.0000000000000000   1.0000000000000000E+30
      15.0000000000000000   1.0000000000000000E+30
      16.0000000000000000   1.0000000000000000E+30
      17.0000000000000000   1.0000000000000000E+30
      18.0000000000000000   1.0000000000000000E+30
      19.0000000000000000   1.0000000000000000E+30
      20.0000000000000000   1.0000000000000000E+30
      21.0000000000000000   1.0000000000000000E+30
      22.0000000000000000   1.0000000000000000E+30
      23.0000000000000000   1.0000000000000000E+30
      24.0000000000000000   1.0000000000000000E+30
      25.0000000000000000   1.0000000000000000E+30
      26.0000000000000000   1.0000000000000000E+30
      27.0000000000000000   1.0000000000000000E+30
      28.0000000000000000   1.0000000000000000E+30
      29.0000000000000000   1.0000000000000000E+30
      30.0000000000000000   1.0000000000000000E+30
      31.0000000000000000   1.0000000000000000E+30
      32.0000000000000000   1.0000000000000000E+30
      33.0000000000000000   1.0000000000000000E+30
      34.0000000000000000   1.0000000000000000E+30
      35.0000000000000000   1.0000000000000000E+30
      36.0000000000000000   1.0000000000000000E+30
      37.0000000000000000   1.0000000000000000E+30
      38.0000000000000000   1.0000000000000000E+30
      39.0000000000000000   1.0000000000000000E+30
      40.0000000000000000   1.0000000000000000E+30
      41.0000000000000000   1.0000000000000000E+30
      41.9990000000000023   1.0000000000000000E+30
      42.0000000000000000   1.0000000000000000E+30
      42.0009999999999977   1.0000000000000000E+30
      43.0000000000000000   1.0000000000000000E+30
      44.0000000000000000   1.0000000000000000E+30
      44.9990000000000023   1.0000000000000000E+30
      45.0000000000000000   1.0000000000000000E+30
      45.0009999999999977   1.0000000000000000E+30
      46.0000000000000000   1.0000000000000000E+30
      47.0000000000000000   1.0000000000000000E+30
      48.0000000000000000   1.0000000000000000E+30
      49.0000000000000000   1.0000000000000000E+30
      50.0000000000000000   1.0000000000000000E+30
      51.0000000000000000   1.0000000000000000E+30
      52.0000000000000000   1.0000000000000000E+30
      53.0000000000000000   1.0000000000000000E+30
      54.0000000000000000   1.0000000000000000E+30
      55.0000000000000000   1.0000000000000000E+30
      56.0000000000000000   1.0000000000000000E+30
      57.0000000000000000   1.0000000000000000E+30
      58.0000000000000000   1.0000000000000000E+30
      59.0000000000000000   1.0000000000000000E+30
      60.0000000000000000   1.0000000000000000E+30
      61.0000000000000000   1.0000000000000000E+30
      62.0000000000000000   1.0000000000000000E+30
      63.0000000000000000   1.0000000000000000E+30
      64.0000000000000000   1.0000000000000000E+30
      65.0000000000000000   1.0000000000000000E+30
      66.0000000000000000   1.0000000000000000E+30
      67.0000000000000000   1.0000000000000000E+30
      67.9989999999999952   1.0000000000000000E+30
      68.0000000000000000   1.0000000000000000E+30
      68.0010000000000048   1.0000000000000000E+30
      69.0000000000000000   1.0000000000000000E+30
      70.0000000000000000   1.0000000000000000E+30
      71.0000000000000000   1.0000000000000000E+30
      72.0000000000000000   1.0000000000000000E+30
      73.0000000000000000   1.0000000000000000E+30
      74.0000000000000000   1.0000000000000000E+30
      75.0000000000000000   1.0000000000000000E+30
      76.0000000000000000   1.0000000000000000E+30
      77.0000000000000000   1.0000000000000000E+30
      78.0000000000000000   1.0000000000000000E+30
      79.0000000000000000   1.0000000000000000E+30
      80.0000000000000000   1.0000000000000000E+30
      81.0000000000000000   1.0000000000000000E+30
      82.0000000000000000   1.0000000000000000E+30
      83.0000000000000000   1.0000000000000000E+30
      84.0000000000000000   1.0000000000000000E+30
      85.0000000000000000   1.0000000000000000E+30
      86.0000000000000000   1.0000000000000000E+30
      87.0000000000000000   1.0000000000000000E+30
      88.0000000000000000   1.0000000000000000E+30
      89.0000000000000000   1.0000000000000000E+30
      90.0000000000000000   1.0000000000000000E+30
      91.0000000000000000   1.0000000000000000E+30
      92.0000000000000000   1.0000000000000000E+30
      93.0000000000000000   1.0000000000000000E+30
      94.0000000000000000   1.0000000000000000E+30
      95.0000000000000000   1.0000000000000000E+30
      96.0000000000000000   1.0000000000000000E+30
      97.0000000000000000   1.0000000000000000E+30
      98.0000000000000000   1.0000000000000000E+30
      99.0000000000000000   1.0000000000000000E+30
     100.0000000000000000   1.0000000000000000E+30
     103.9989999999999952   1.0000000000000000E+30
     104.0010000000000048   1.0000000000000000E+30
     110.0000000000000000   1.0000000000000000E+30
     120.0000000000000000   1.0000000000000000E+30
     130.0000000000000000   1.0000000000000000E+30
     140.0000000000000000   1.0000000000000000E+30
     150.0000000000000000   1.0000000000000000E+30
     153.9989999999999952   1.0000000000000000E+30
     154.0010000000000048   1.0000000000000000E+30
     160.0000000000000000   1.0000000000000000E+30
     167.9989999999999952   1.0000000000000000E+30
     168.0010000000000048   1.0000000000000000E+30
     169.9989999999999952   1.0000000000000000E+30
     170.0000000000000000   1.0000000000000000E+30
     170.0010000000000048   1.0000000000000000E+30
     180.0000000000000000   1.0000000000000000E+30
     190.0000000000000000   1.0000000000000000E+30
     200.0000000000000000   1.0000000000000000E+30
     210.0000000000000000   1.0000000000000000E+30
     220.0000000000000000   1.0000000000000000E+30
     230.0000000000000000   1.0000000000000000E+30
     231.9989999999999952   1.0000000000000000E+30
     232.0010000000000048   1.0000000000000000E+30
     233.9989999999999952   1.0000000000000000E+30
     234.0010000000000048   1.0000000000000000E+30
     236.9989999999999952   1.0000000000000000E+30
     237.0010000000000048   1.5617723877513313E+05
     240.0000000000000000   1.5784009769006982E+05
     250.0000000000000000   1.0228617299568724E+05
     260.0000000000000000   2.9308400814004486E+04
     270.0000000000000000   1.5081658412614674E+04
     280.0000000000000000   1.1287703366230629E+04
     290.0000000000000000   9.7973967747117622E+03
     300.0000000000000000   9.2521009937870786E+03
     310.0000000000000000   9.1027683603105434E+03
     320.0000000000000000   9.1066279655218241E+03
     330.0000000000000000   9.2050226694324901E+03
     340.0000000000000000   9.3562949150709464E+03
     350.0000000000000000   9.5732659547798412E+03
     360.0000000000000000   9.8381002709258191E+03
     370.0000000000000000   1.0162692930463591E+04
     380.0000000000000000   1.0486770214640883E+04
     390.0000000000000000   1.0897822697187790E+04
     398.9990000000000236   1.1285716048785018E+04
     399.0009999999999764   1.1285802414902462E+04
     400.0000000000000000   1.1329108157772334E+04
     410.0000000000000000   1.1723056913780532E+04
     415.9990000000000236   1.2006356674507717E+04
     416.0009999999999764   1.2006450379312384E+04
     420.0000000000000000   1.2196784823999640E+04
     430.0000000000000000   1.2647183645805360E+04
     440.0000000000000000   1.3186418714005153E+04
     450.0000000000000000   1.3693413917891558E+04
     460.0000000000000000   1.4292398335725624E+04
     470.0000000000000000   1.4860255026012552E+04
     480.0000000000000000   1.5493543072620074E+04
     490.0000000000000000   1.6192023638931201E+04
     500.0000000000000000   1.6792325163898218E+04
     510.0000000000000000   1.7484929887255104E+04
     510.9989999999999668   1.7558771224129581E+04
     511.0009999999999195   1.7558919680198160E+04
     520.0000000000000000   1.8253320077225562E+04
     530.0000000000000000   1.8945218084537006E+04
     540.0000000000000000   1.9771143484483095E+04
     550.0000000000000000   2.0590408969780023E+04
     560.0000000000000000   2.1364666803784723E+04
     570.0000000000000000   2.2256152381556480E+04
     580.0000000000000000   2.3235974598366785E+04
     590.0000000000000000   2.4110651673016895E+04
     600.0000000000000000   2.5006615335120641E+04
     610.0000000000000000   2.6045423277104277E+04
     620.0000000000000000   2.7073277014985881E+04
     630.0000000000000000   2.8114120834047022E+04
     640.0000000000000000   2.9157455428866026E+04
     650.0000000000000000   3.0343624614928314E+04
     660.0000000000000000   3.1401027666786442E+04
     670.0000000000000000   3.2603365216907121E+04
     680.0000000000000000   3.3930760827676684E+04
     690.0000000000000000   3.5096618691797412E+04
     700.0000000000000000   3.6294977119784657E+04
     710.0000000000000000   3.7686235571309218E+04
     720.0000000000000000   3.9029366965097812E+04
     730.0000000000000000   4.0407240577771860E+04
     740.0000000000000000   4.1929640992599889E+04
     750.0000000000000000   4.3305602299516395E+04
     760.0000000000000000   4.4925107520268793E+04
     770.0000000000000000   4.6319697636219702E+04
     780.0000000000000000   4.8008380432038335E+04
     790.0000000000000000   4.9577007804100635E+04
     800.0000000000000000   5.1203303677822631E+04
     810.0000000000000000   5.3007304759692037E+04
     820.0000000000000000   5.4626785654764477E+04
     830.0000000000000000   5.6524805682165184E+04
     840.0000000000000000   5.8559467634767512E+04
     850.0000000000000000   6.0139796519448115E+04
     860.0000000000000000   6.2234213005447738E+04
     870.0000000000000000   6.4106107801005142E+04
     880.0000000000000000   6.6035067765660991E+04
     890.0000000000000000   6.8242941444900964E+04
     900.0000000000000000   7.0155744112681263E+04
     910.0000000000000000   7.2454743410057679E+04
     920.0000000000000000   7.4909523766007522E+04
     930.0000000000000000   7.6771348977846937E+04
     940.0000000000000000   7.9271665563394796E+04
     950.0000000000000000   8.1404479271574994E+04
     960.0000000000000000   8.4013989424041720E+04
     970.0000000000000000   8.6252340562036799E+04
     980.0000000000000000   8.8687781042683346E+04
     990.0000000000000000   9.1349044662852626E+04
    1000.0000000000000000   9.4174962723727702E+04
    1100.0000000000000000   1.2310171389282632E+05
    1200.0000000000000000   1.5832664999296342E+05
    1300.0000000000000000   2.0080009961940459E+05
    1400.0000000000000000   2.5042013111083381E+05
    1500.0000000000000000   3.0868421366093983E+05
    1600.0000000000000000   3.7655250359002466E+05
    1700.0000000000000000   4.5640695060159877E+05
    1800.0000000000000000   5.4554653760410938E+05
    1843.9990000000000236   5.9140544446160435E+05
    1844.0009999999999764   5.9140775504479394E+05
    1900.0000000000000000   6.4914130664271663E+05
    2000.0000000000000000   7.6368801132650813E+05
    2100.0000000000000000   8.9697584206974611E+05
    2200.0000000000000000   1.0427600075552127E+06
    2300.0000000000000000   1.2077913883415570E+06
    2400.0000000000000000   1.3948150365776580E+06
    2475.9989999999997963   1.5448409873471987E+06
    2476.0010000000002037   1.5448454673563410E+06
    2500.0000000000000000   1.5945628725725149E+06
    2526.9989999999997963   1.6578623790487868E+06
    2527.0010000000002037   1.6578672542298122E+06
    2600.0000000000000000   1.8256077373923548E+06
    2631.9989999999997963   1.8987755157945051E+06
    2632.0010000000002037   1.8987807384654148E+06
    2700.0000000000000000   2.0682287503244642E+06
    2800.0000000000000000   2.3387041503690202E+06
    2871.9989999999997963   2.5573781671662531E+06
    2872.0010000000002037   2.5573848095124718E+06
    2900.0000000000000000   2.6412203026524121E+06
    3000.0000000000000000   2.9689031374867088E+06
    3100.0000000000000000   3.3258227520682830E+06
    3200.0000000000000000   3.7075976510623945E+06
    3300.0000000000000000   4.1314733674631696E+06
    3400.0000000000000000   4.6093183483566698E+06
    3500.0000000000000000   5.0894884636127204E+06
    3600.0000000000000000   5.6162218933802508E+06
    3700.0000000000000000   6.2017056503098933E+06
    3800.0000000000000000   6.8175692748749545E+06
    3900.0000000000000000   7.4853682957757860E+06
    4000.0000000000000000   8.1818212669832679E+06
    4100.0000000000000000   8.9470550814345330E+06
    4200.0000000000000000   9.7609573906830121E+06
    4300.0000000000000000   1.0626683053198610E+07
    4400.0000000000000000   1.1594594229904072E+07
    4500.0000000000000000   1.2546103710540604E+07
    4600.0000000000000000   1.3598689293553244E+07
    4700.0000000000000000   1.4707651135970216E+07
    4800.0000000000000000   1.5925826023126135E+07
    4900.0000000000000000   1.7162106302590389E+07
    5000.0000000000000000   1.8500200620607488E+07
    5100.0000000000000000   1.9925766098840825E+07
    5200.0000000000000000   2.1461812710135918E+07
    5300.0000000000000000   2.2933520557692863E+07
    5400.0000000000000000   2.4617815578342911E+07
    5500.0000000000000000   2.6405015573087338E+07
    5600.0000000000000000   2.8310151032948818E+07
    5700.0000000000000000   3.0255301343113922E+07
    5800.0000000000000000   3.2197429167229865E+07
    5900.0000000000000000   3.4335568836084880E+07
    6000.0000000000000000   3.6572229719631337E+07
    6100.0000000000000000   3.8954061211544283E+07
    6200.0000000000000000   4.1459895347862169E+07
    6300.0000000000000000   4.4097837268438332E+07
    6400.0000000000000000   4.6883549448160954E+07
    6500.0000000000000000   4.9717770853005670E+07
    6600.0000000000000000   5.2696152175528809E+07
    6700.0000000000000000   5.5863317595164053E+07
    6800.0000000000000000   5.9119033834798753E+07
    6900.0000000000000000   6.2470711127114624E+07
    7000.0000000000000000   6.6015339735589176E+07
    7100.0000000000000000   6.9703395243929952E+07
    7200.0000000000000000   7.3577693777036682E+07
    7300.0000000000000000   7.7632066049746498E+07
    7400.0000000000000000   8.1873966630708650E+07
    7500.0000000000000000   8.6164013113879368E+07
    7600.0000000000000000   9.1101760585957289E+07
    7700.0000000000000000   9.5427230197990090E+07
    7800.0000000000000000   1.0066237339649701E+08
    7900.0000000000000000   1.0568663470467737E+08
    8000.0000000000000000   1.1082786910372147E+08
    8100.0000000000000000   1.1627655103983505E+08
    8200.0000000000000000   1.2255325734279297E+08
    8300.0000000000000000   1.2831939608858787E+08
    8400.0000000000000000   1.3440902195707738E+08
    8500.0000000000000000   1.4079363162475237E+08
    8600.0000000000000000   1.4713042381066519E+08
    8700.0000000000000000   1.5463607898553336E+08
    8800.0000000000000000   1.6137037732261515E+08
    8900.0000000000000000   1.6862486986315975E+08
    9000.0000000000000000   1.7596652704196277E+08
    9100.0000000000000000   1.8453734710850534E+08
    9200.0000000000000000   1.9212414647941467E+08
    9300.0000000000000000   2.0030643177922079E+08
    9400.0000000000000000   2.0980168748535499E+08
    9500.0000000000000000   2.1837901961231920E+08
    9600.0000000000000000   2.2746276095788029E+08
    9700.0000000000000000   2.3696203810248417E+08
    9800.0000000000000000   2.4683501132944849E+08
    9900.0000000000000000   2.5784275858037961E+08
   10000.0000000000000000   2.6782878386121476E+08
   11000.0000000000000000   3.9206266659424567E+08
   12000.0000000000000000   5.5885672261097217E+08
   13000.0000000000000000   7.7265093666348648E+08
   14000.0000000000000000   1.0455130476676314E+09
   15000.0000000000000000   1.3936026123239312E+09
   16000.0000000000000000   1.8166735277144630E+09
   17000.0000000000000000   2.3434542229921517E+09
   18000.0000000000000000   2.9767103380963473E+09
   19000.0000000000000000   3.7290060997972851E+09
   20000.0000000000000000   4.6265327132886648E+09
   20005.9989999999997963   4.6327127603164120E+09
   20006.0010000000002037   4.6327148234285936E+09
   21000.0000000000000000   5.6857542331788349E+09
   22000.0000000000000000   6.9512699301315613E+09
   23000.0000000000000000   8.3610122385918722E+09
   24000.0000000000000000   1.0027176585120510E+10
   25000.0000000000000000   1.1920761672837957E+10
   26000.0000000000000000   1.4121498462938150E+10
   27000.0000000000000000   1.6537275309749439E+10
   28000.0000000000000000   1.9347352392648037E+10
   29000.0000000000000000   2.2463876887137985E+10
   30000.0000000000000000   2.5979036253092289E+10
   31000.0000000000000000   2.9925454123520195E+10
   32000.0000000000000000   3.4356583761706768E+10
   33000.0000000000000000   3.9146381687278633E+10
   34000.0000000000000000   4.4430085395434624E+10
   35000.0000000000000000   5.0320026379348587E+10
   36000.0000000000000000   5.6861752713510750E+10
   37000.0000000000000000   6.3906404073947975E+10
   38000.0000000000000000   7.1686705698232513E+10
   39000.0000000000000000   8.0175009020700180E+10
   40000.0000000000000000   8.9743875649724106E+10
   41000.0000000000000000   9.9438324224808517E+10
   42000.0000000000000000   1.1059587829679224E+11
   43000.0000000000000000   1.2286891110213234E+11
   44000.0000000000000000   1.3513314135406551E+11
   45000.0000000000000000   1.4860982666112064E+11
   46000.0000000000000000   1.6379036018871405E+11
   47000.0000000000000000   1.7941752261340231E+11
   48000.0000000000000000   1.9632609214665964E+11
   49000.0000000000000000   2.1510244213217139E+11
   50000.0000000000000000   2.3449563182751370E+11
