       0.1000000000000000   1.0000000000000000E+30
       0.2000000000000000   1.0000000000000000E+30
       0.3000000000000000   1.0000000000000000E+30
       0.4000000000000000   1.0000000000000000E+30
       0.5000000000000000   1.0000000000000000E+30
       0.6000000000000000   1.0000000000000000E+30
       0.7000000000000000   1.0000000000000000E+30
       0.7999999999999999   1.0000000000000000E+30
       0.8999999999999999   1.0000000000000000E+30
       0.9999999999999999   1.0000000000000000E+30
       2.0000000000000000   1.0000000000000000E+30
       3.0000000000000000   1.0000000000000000E+30
       4.0000000000000000   1.0000000000000000E+30
       5.0000000000000000   1.0000000000000000E+30
       6.0000000000000000   1.0000000000000000E+30
       7.0000000000000000   1.0000000000000000E+30
       8.0000000000000000   1.0000000000000000E+30
       9.0000000000000000   1.0000000000000000E+30
      10.0000000000000000   1.0000000000000000E+30
      11.0000000000000000   1.0000000000000000E+30
      12.0000000000000000   1.0000000000000000E+30
      13.0000000000000000   1.0000000000000000E+30
      14.0000000000000000   1.0000000000000000E+30
      15.0000000000000000   1.0000000000000000E+30
      16.0000000000000000   1.0000000000000000E+30
      17.0000000000000000   1.0000000000000000E+30
      18.0000000000000000   1.0000000000000000E+30
      19.0000000000000000   1.0000000000000000E+30
      20.0000000000000000   1.0000000000000000E+30
      21.0000000000000000   1.0000000000000000E+30
      22.0000000000000000   1.0000000000000000E+30
      23.0000000000000000   1.0000000000000000E+30
      24.0000000000000000   1.0000000000000000E+30
      25.0000000000000000   1.0000000000000000E+30
      26.0000000000000000   1.0000000000000000E+30
      27.0000000000000000   1.0000000000000000E+30
      28.0000000000000000   1.0000000000000000E+30
      29.0000000000000000   1.0000000000000000E+30
      30.0000000000000000   1.0000000000000000E+30
      31.0000000000000000   1.0000000000000000E+30
      32.0000000000000000   1.0000000000000000E+30
      33.0000000000000000   1.0000000000000000E+30
      34.0000000000000000   1.0000000000000000E+30
      35.0000000000000000   1.0000000000000000E+30
      36.0000000000000000   1.0000000000000000E+30
      37.0000000000000000   1.0000000000000000E+30
      38.0000000000000000   1.0000000000000000E+30
      39.0000000000000000   1.0000000000000000E+30
      40.0000000000000000   1.0000000000000000E+30
      41.0000000000000000   1.0000000000000000E+30
      41.9990000000000023   1.0000000000000000E+30
      42.0000000000000000   1.0000000000000000E+30
      42.0009999999999977   1.0000000000000000E+30
      43.0000000000000000   1.0000000000000000E+30
      44.0000000000000000   1.0000000000000000E+30
      44.9990000000000023   1.0000000000000000E+30
      45.0000000000000000   1.0000000000000000E+30
      45.0009999999999977   1.0000000000000000E+30
      46.0000000000000000   1.0000000000000000E+30
      47.0000000000000000   1.0000000000000000E+30
      48.0000000000000000   1.0000000000000000E+30
      49.0000000000000000   1.0000000000000000E+30
      50.0000000000000000   1.0000000000000000E+30
      51.0000000000000000   1.0000000000000000E+30
      52.0000000000000000   1.0000000000000000E+30
      53.0000000000000000   1.0000000000000000E+30
      54.0000000000000000   1.0000000000000000E+30
      55.0000000000000000   1.0000000000000000E+30
      56.0000000000000000   1.0000000000000000E+30
      57.0000000000000000   1.0000000000000000E+30
      58.0000000000000000   1.0000000000000000E+30
      59.0000000000000000   1.0000000000000000E+30
      60.0000000000000000   1.0000000000000000E+30
      61.0000000000000000   1.0000000000000000E+30
      62.0000000000000000   1.0000000000000000E+30
      63.0000000000000000   1.0000000000000000E+30
      64.0000000000000000   1.0000000000000000E+30
      65.0000000000000000   1.0000000000000000E+30
      66.0000000000000000   1.0000000000000000E+30
      67.0000000000000000   1.0000000000000000E+30
      67.9989999999999952   1.0000000000000000E+30
      68.0000000000000000   1.0000000000000000E+30
      68.0010000000000048   1.0000000000000000E+30
      69.0000000000000000   1.0000000000000000E+30
      70.0000000000000000   1.0000000000000000E+30
      71.0000000000000000   1.0000000000000000E+30
      72.0000000000000000   1.0000000000000000E+30
      73.0000000000000000   1.0000000000000000E+30
      74.0000000000000000   1.0000000000000000E+30
      75.0000000000000000   1.0000000000000000E+30
      76.0000000000000000   1.0000000000000000E+30
      77.0000000000000000   1.0000000000000000E+30
      78.0000000000000000   1.0000000000000000E+30
      79.0000000000000000   1.0000000000000000E+30
      80.0000000000000000   1.0000000000000000E+30
      81.0000000000000000   1.0000000000000000E+30
      82.0000000000000000   1.0000000000000000E+30
      83.0000000000000000   1.0000000000000000E+30
      84.0000000000000000   1.0000000000000000E+30
      85.0000000000000000   1.0000000000000000E+30
      86.0000000000000000   1.0000000000000000E+30
      87.0000000000000000   1.0000000000000000E+30
      88.0000000000000000   1.0000000000000000E+30
      89.0000000000000000   1.0000000000000000E+30
      90.0000000000000000   1.0000000000000000E+30
      91.0000000000000000   1.0000000000000000E+30
      92.0000000000000000   1.0000000000000000E+30
      93.0000000000000000   1.0000000000000000E+30
      94.0000000000000000   1.0000000000000000E+30
      95.0000000000000000   1.0000000000000000E+30
      96.0000000000000000   1.0000000000000000E+30
      97.0000000000000000   1.0000000000000000E+30
      98.0000000000000000   1.0000000000000000E+30
      99.0000000000000000   1.0000000000000000E+30
     100.0000000000000000   1.0000000000000000E+30
     103.9989999999999952   1.0000000000000000E+30
     104.0010000000000048   1.0000000000000000E+30
     110.0000000000000000   1.0000000000000000E+30
     120.0000000000000000   1.0000000000000000E+30
     130.0000000000000000   1.0000000000000000E+30
     140.0000000000000000   1.0000000000000000E+30
     150.0000000000000000   1.0000000000000000E+30
     153.9989999999999952   1.0000000000000000E+30
     154.0010000000000048   1.0000000000000000E+30
     160.0000000000000000   1.0000000000000000E+30
     167.9989999999999952   1.0000000000000000E+30
     168.0010000000000048   1.0000000000000000E+30
     169.9989999999999952   1.0000000000000000E+30
     170.0000000000000000   1.0000000000000000E+30
     170.0010000000000048   1.0000000000000000E+30
     180.0000000000000000   1.0000000000000000E+30
     190.0000000000000000   1.0000000000000000E+30
     200.0000000000000000   1.0000000000000000E+30
     210.0000000000000000   1.0000000000000000E+30
     220.0000000000000000   1.0000000000000000E+30
     230.0000000000000000   1.0000000000000000E+30
     231.9989999999999952   1.0000000000000000E+30
     232.0010000000000048   1.0000000000000000E+30
     233.9989999999999952   1.0000000000000000E+30
     234.0010000000000048   1.1042749774025564E+05
     236.9989999999999952   1.0982145002276104E+05
     237.0010000000000048   1.0982104794177215E+05
     240.0000000000000000   1.0682642399123647E+05
     250.0000000000000000   4.3356197220542716E+04
     260.0000000000000000   1.4177428052213512E+04
     270.0000000000000000   8.7114453487337196E+03
     280.0000000000000000   6.9430154660977987E+03
     290.0000000000000000   6.2228866922113657E+03
     300.0000000000000000   6.0035754824973556E+03
     310.0000000000000000   5.9781044116748881E+03
     320.0000000000000000   6.0180141701388848E+03
     330.0000000000000000   6.0584603841802655E+03
     340.0000000000000000   6.2131652998760856E+03
     350.0000000000000000   6.3715435545193941E+03
     360.0000000000000000   6.5655929245751759E+03
     370.0000000000000000   6.7718333730503427E+03
     380.0000000000000000   7.0306000600524621E+03
     390.0000000000000000   7.2978480227380223E+03
     398.9990000000000236   7.5522840601573107E+03
     399.0009999999999764   7.5523425797417958E+03
     400.0000000000000000   7.5812373367646096E+03
     410.0000000000000000   7.8661731593485074E+03
     415.9990000000000236   8.0483977337056076E+03
     416.0009999999999764   8.0484598931838000E+03
     420.0000000000000000   8.1746981721124121E+03
     430.0000000000000000   8.5058917727770477E+03
     440.0000000000000000   8.8646366093873348E+03
     450.0000000000000000   9.2248223787549814E+03
     460.0000000000000000   9.6188906463827207E+03
     470.0000000000000000   1.0048676788600607E+04
     480.0000000000000000   1.0454422734199838E+04
     490.0000000000000000   1.0898507873287335E+04
     500.0000000000000000   1.1394279020458118E+04
     510.0000000000000000   1.1824417157286252E+04
     510.9989999999999668   1.1874870993420964E+04
     511.0009999999999195   1.1874972433964367E+04
     520.0000000000000000   1.2349653257284275E+04
     530.0000000000000000   1.2857376016971824E+04
     540.0000000000000000   1.3352511388209614E+04
     550.0000000000000000   1.3929399002831266E+04
     560.0000000000000000   1.4499013677075047E+04
     570.0000000000000000   1.5149409398343529E+04
     580.0000000000000000   1.5697768700533861E+04
     590.0000000000000000   1.6343759534348101E+04
     600.0000000000000000   1.7059110224603664E+04
     610.0000000000000000   1.7690331479065182E+04
     620.0000000000000000   1.8460467296263956E+04
     630.0000000000000000   1.9092794059969023E+04
     640.0000000000000000   1.9835475266544443E+04
     650.0000000000000000   2.0666200162655106E+04
     660.0000000000000000   2.1387091713476904E+04
     670.0000000000000000   2.2272488212962788E+04
     680.0000000000000000   2.2998813963144268E+04
     690.0000000000000000   2.3856857759293205E+04
     700.0000000000000000   2.4800705888186119E+04
     710.0000000000000000   2.5693449812492359E+04
     720.0000000000000000   2.6587625532251128E+04
     730.0000000000000000   2.7617259341981771E+04
     740.0000000000000000   2.8521247420910830E+04
     750.0000000000000000   2.9516922621603826E+04
     760.0000000000000000   3.0628326431274476E+04
     770.0000000000000000   3.1651942748118196E+04
     780.0000000000000000   3.2840114004546005E+04
     790.0000000000000000   3.3853640700484510E+04
     800.0000000000000000   3.5110602540209300E+04
     810.0000000000000000   3.6128517834508180E+04
     820.0000000000000000   3.7430958097930838E+04
     830.0000000000000000   3.8605560997135122E+04
     840.0000000000000000   3.9821783825854480E+04
     850.0000000000000000   4.1202412707921452E+04
     860.0000000000000000   4.2409640422975994E+04
     870.0000000000000000   4.3855146885605835E+04
     880.0000000000000000   4.5402668878969329E+04
     890.0000000000000000   4.6575214209498801E+04
     900.0000000000000000   4.8159837585991547E+04
     910.0000000000000000   4.9520117383570192E+04
     920.0000000000000000   5.1191850425131779E+04
     930.0000000000000000   5.2592376167068367E+04
     940.0000000000000000   5.4122830931212455E+04
     950.0000000000000000   5.5839521280404180E+04
     960.0000000000000000   5.7363566570003197E+04
     970.0000000000000000   5.9163920905393032E+04
     980.0000000000000000   6.0710247407641538E+04
     990.0000000000000000   6.2566269721325552E+04
    1000.0000000000000000   6.4539354788733486E+04
    1100.0000000000000000   8.4457682737273542E+04
    1200.0000000000000000   1.0906423078287195E+05
    1300.0000000000000000   1.3816620126723140E+05
    1400.0000000000000000   1.7266954107916373E+05
    1500.0000000000000000   2.1311095197058757E+05
    1600.0000000000000000   2.6044944425931081E+05
    1700.0000000000000000   3.1471238562383421E+05
    1800.0000000000000000   3.7698251595116180E+05
    1843.9990000000000236   4.0762539574636542E+05
    1844.0009999999999764   4.0762691545106412E+05
    1900.0000000000000000   4.4858562720748916E+05
    2000.0000000000000000   5.2959170677881478E+05
    2100.0000000000000000   6.2060469290758250E+05
    2200.0000000000000000   7.2610074424241646E+05
    2300.0000000000000000   8.4008717276737990E+05
    2400.0000000000000000   9.6760067780959676E+05
    2475.9989999999997963   1.0745194381099963E+06
    2476.0010000000002037   1.0745225452606175E+06
    2500.0000000000000000   1.1131471233477518E+06
    2526.9989999999997963   1.1518077349295821E+06
    2527.0010000000002037   1.1518110268669308E+06
    2600.0000000000000000   1.2674837264112893E+06
    2631.9989999999997963   1.3193646618223519E+06
    2632.0010000000002037   1.3193681838439084E+06
    2700.0000000000000000   1.4430876467459672E+06
    2800.0000000000000000   1.6399443934225480E+06
    2871.9989999999997963   1.7824824125749841E+06
    2872.0010000000002037   1.7824869607506057E+06
    2900.0000000000000000   1.8416917750603333E+06
    3000.0000000000000000   2.0683904390702043E+06
    3100.0000000000000000   2.3207850289552039E+06
    3200.0000000000000000   2.6085920562851038E+06
    3300.0000000000000000   2.8974035534426938E+06
    3400.0000000000000000   3.2159639152167900E+06
    3500.0000000000000000   3.5584990733224954E+06
    3600.0000000000000000   3.9360393660171363E+06
    3700.0000000000000000   4.3520503159171129E+06
    3800.0000000000000000   4.7796338886015294E+06
    3900.0000000000000000   5.2337715249887109E+06
    4000.0000000000000000   5.7513503942220975E+06
    4100.0000000000000000   6.2885122117147967E+06
    4200.0000000000000000   6.8785078413667334E+06
    4300.0000000000000000   7.4771574201158313E+06
    4400.0000000000000000   8.1493466030953880E+06
    4500.0000000000000000   8.8252863469374478E+06
    4600.0000000000000000   9.5685843688176870E+06
    4700.0000000000000000   1.0368623201494621E+07
    4800.0000000000000000   1.1196435884775195E+07
    4900.0000000000000000   1.2094643961268229E+07
    5000.0000000000000000   1.3047287563297091E+07
    5100.0000000000000000   1.4034585832164949E+07
    5200.0000000000000000   1.5122679933001114E+07
    5300.0000000000000000   1.6255249352794472E+07
    5400.0000000000000000   1.7395350408486258E+07
    5500.0000000000000000   1.8647793355836891E+07
    5600.0000000000000000   1.9961823677279543E+07
    5700.0000000000000000   2.1381869039377622E+07
    5800.0000000000000000   2.2801243432613581E+07
    5900.0000000000000000   2.4329623954225991E+07
    6000.0000000000000000   2.5946547333398420E+07
    6100.0000000000000000   2.7666020002547171E+07
    6200.0000000000000000   2.9448698768528927E+07
    6300.0000000000000000   3.1294904558722682E+07
    6400.0000000000000000   3.3267154212884113E+07
    6500.0000000000000000   3.5325041314305671E+07
    6600.0000000000000000   3.7382083386502258E+07
    6700.0000000000000000   3.9799068184262164E+07
    6800.0000000000000000   4.2108422372658208E+07
    6900.0000000000000000   4.4375162267565884E+07
    7000.0000000000000000   4.6898214005792305E+07
    7100.0000000000000000   4.9759204199525826E+07
    7200.0000000000000000   5.2465751765808418E+07
    7300.0000000000000000   5.5375970297477305E+07
    7400.0000000000000000   5.8394544905500382E+07
    7500.0000000000000000   6.1390351679617561E+07
    7600.0000000000000000   6.4910549570115380E+07
    7700.0000000000000000   6.8247823778828755E+07
    7800.0000000000000000   7.1728429843482062E+07
    7900.0000000000000000   7.5254224455154479E+07
    8000.0000000000000000   7.9457217018592373E+07
    8100.0000000000000000   8.3113704485560179E+07
    8200.0000000000000000   8.7150129724845767E+07
    8300.0000000000000000   9.1384728352428094E+07
    8400.0000000000000000   9.6155900041962087E+07
    8500.0000000000000000   1.0069769386719182E+08
    8600.0000000000000000   1.0520816863243297E+08
    8700.0000000000000000   1.1044753063137104E+08
    8800.0000000000000000   1.1540791044066733E+08
    8900.0000000000000000   1.2060611066510977E+08
    9000.0000000000000000   1.2655301788694148E+08
    9100.0000000000000000   1.3184789095327228E+08
    9200.0000000000000000   1.3839559114770728E+08
    9300.0000000000000000   1.4381257990155554E+08
    9400.0000000000000000   1.4988222886144182E+08
    9500.0000000000000000   1.5694146566451973E+08
    9600.0000000000000000   1.6335234976638535E+08
    9700.0000000000000000   1.7014107517475811E+08
    9800.0000000000000000   1.7723732878147224E+08
    9900.0000000000000000   1.8460801444527754E+08
   10000.0000000000000000   1.9276827042828745E+08
   11000.0000000000000000   2.8268367064174801E+08
   12000.0000000000000000   4.0251828124091119E+08
   13000.0000000000000000   5.6061907518837690E+08
   14000.0000000000000000   7.5968720259852350E+08
   15000.0000000000000000   1.0134606862575921E+09
   16000.0000000000000000   1.3312856715551510E+09
   17000.0000000000000000   1.7201272306486838E+09
   18000.0000000000000000   2.1825396379886618E+09
   19000.0000000000000000   2.7445491158120651E+09
   20000.0000000000000000   3.4237893321616845E+09
   20005.9989999999997963   3.4287031786919665E+09
   20006.0010000000002037   3.4287048192658195E+09
   21000.0000000000000000   4.2072867673813052E+09
   22000.0000000000000000   5.1397818523853960E+09
   23000.0000000000000000   6.2002957480346651E+09
   24000.0000000000000000   7.4792307488422747E+09
   25000.0000000000000000   8.8986468604704475E+09
   26000.0000000000000000   1.0536735799273016E+10
   27000.0000000000000000   1.2386362424850332E+10
   28000.0000000000000000   1.4535646759919195E+10
   29000.0000000000000000   1.6877675250192556E+10
   30000.0000000000000000   1.9549036808380222E+10
   31000.0000000000000000   2.2522270089875824E+10
   32000.0000000000000000   2.5865616601705791E+10
   33000.0000000000000000   2.9638737208088509E+10
   34000.0000000000000000   3.3728870493586922E+10
   35000.0000000000000000   3.8325930949015816E+10
   36000.0000000000000000   4.3182111239117981E+10
   37000.0000000000000000   4.8644861547942688E+10
   38000.0000000000000000   5.4747207095857658E+10
   39000.0000000000000000   6.1286066312579269E+10
   40000.0000000000000000   6.8452896269153999E+10
   41000.0000000000000000   7.6464807817770370E+10
   42000.0000000000000000   8.4678534789588608E+10
   43000.0000000000000000   9.4069409557632217E+10
   44000.0000000000000000   1.0378173068929907E+11
   45000.0000000000000000   1.1475799530962611E+11
   46000.0000000000000000   1.2610347355730678E+11
   47000.0000000000000000   1.3891317379067038E+11
   48000.0000000000000000   1.5205574109926755E+11
   49000.0000000000000000   1.6625943321599658E+11
   50000.0000000000000000   1.8154307204497040E+11
