       0.1000000000000000   1.0000000000000000E+30
       0.2000000000000000   1.0000000000000000E+30
       0.3000000000000000   1.0000000000000000E+30
       0.4000000000000000   1.0000000000000000E+30
       0.5000000000000000   1.0000000000000000E+30
       0.6000000000000000   1.0000000000000000E+30
       0.7000000000000000   1.0000000000000000E+30
       0.7999999999999999   1.0000000000000000E+30
       0.8999999999999999   1.0000000000000000E+30
       0.9999999999999999   1.0000000000000000E+30
       2.0000000000000000   1.0000000000000000E+30
       3.0000000000000000   1.0000000000000000E+30
       4.0000000000000000   1.0000000000000000E+30
       5.0000000000000000   1.0000000000000000E+30
       6.0000000000000000   1.0000000000000000E+30
       7.0000000000000000   1.0000000000000000E+30
       8.0000000000000000   1.0000000000000000E+30
       9.0000000000000000   1.0000000000000000E+30
      10.0000000000000000   1.0000000000000000E+30
      11.0000000000000000   1.0000000000000000E+30
      12.0000000000000000   1.0000000000000000E+30
      13.0000000000000000   1.0000000000000000E+30
      14.0000000000000000   1.0000000000000000E+30
      15.0000000000000000   1.0000000000000000E+30
      16.0000000000000000   1.0000000000000000E+30
      17.0000000000000000   1.0000000000000000E+30
      18.0000000000000000   1.0000000000000000E+30
      19.0000000000000000   1.0000000000000000E+30
      20.0000000000000000   1.0000000000000000E+30
      21.0000000000000000   1.0000000000000000E+30
      22.0000000000000000   1.0000000000000000E+30
      23.0000000000000000   1.0000000000000000E+30
      24.0000000000000000   1.0000000000000000E+30
      25.0000000000000000   1.0000000000000000E+30
      26.0000000000000000   1.0000000000000000E+30
      27.0000000000000000   1.0000000000000000E+30
      28.0000000000000000   1.0000000000000000E+30
      29.0000000000000000   1.0000000000000000E+30
      30.0000000000000000   1.0000000000000000E+30
      31.0000000000000000   1.0000000000000000E+30
      32.0000000000000000   1.0000000000000000E+30
      33.0000000000000000   1.0000000000000000E+30
      34.0000000000000000   1.0000000000000000E+30
      35.0000000000000000   1.0000000000000000E+30
      36.0000000000000000   1.0000000000000000E+30
      37.0000000000000000   1.0000000000000000E+30
      38.0000000000000000   1.0000000000000000E+30
      39.0000000000000000   1.0000000000000000E+30
      40.0000000000000000   1.0000000000000000E+30
      41.0000000000000000   1.0000000000000000E+30
      41.9990000000000023   1.0000000000000000E+30
      42.0000000000000000   1.0000000000000000E+30
      42.0009999999999977   1.0000000000000000E+30
      43.0000000000000000   1.0000000000000000E+30
      44.0000000000000000   1.0000000000000000E+30
      44.9990000000000023   1.0000000000000000E+30
      45.0000000000000000   1.0000000000000000E+30
      45.0009999999999977   1.0000000000000000E+30
      46.0000000000000000   1.0000000000000000E+30
      47.0000000000000000   1.0000000000000000E+30
      48.0000000000000000   1.0000000000000000E+30
      49.0000000000000000   1.0000000000000000E+30
      50.0000000000000000   1.0000000000000000E+30
      51.0000000000000000   1.0000000000000000E+30
      52.0000000000000000   1.0000000000000000E+30
      53.0000000000000000   1.0000000000000000E+30
      54.0000000000000000   1.0000000000000000E+30
      55.0000000000000000   1.0000000000000000E+30
      56.0000000000000000   1.0000000000000000E+30
      57.0000000000000000   1.0000000000000000E+30
      58.0000000000000000   1.0000000000000000E+30
      59.0000000000000000   1.0000000000000000E+30
      60.0000000000000000   1.0000000000000000E+30
      61.0000000000000000   1.0000000000000000E+30
      62.0000000000000000   1.0000000000000000E+30
      63.0000000000000000   1.0000000000000000E+30
      64.0000000000000000   1.0000000000000000E+30
      65.0000000000000000   1.0000000000000000E+30
      66.0000000000000000   1.0000000000000000E+30
      67.0000000000000000   1.0000000000000000E+30
      67.9989999999999952   1.0000000000000000E+30
      68.0000000000000000   1.0000000000000000E+30
      68.0010000000000048   1.0000000000000000E+30
      69.0000000000000000   1.0000000000000000E+30
      70.0000000000000000   1.0000000000000000E+30
      71.0000000000000000   1.0000000000000000E+30
      72.0000000000000000   1.0000000000000000E+30
      73.0000000000000000   1.0000000000000000E+30
      74.0000000000000000   1.0000000000000000E+30
      75.0000000000000000   1.0000000000000000E+30
      76.0000000000000000   1.0000000000000000E+30
      77.0000000000000000   1.0000000000000000E+30
      78.0000000000000000   1.0000000000000000E+30
      79.0000000000000000   1.0000000000000000E+30
      80.0000000000000000   1.0000000000000000E+30
      81.0000000000000000   1.0000000000000000E+30
      82.0000000000000000   1.0000000000000000E+30
      83.0000000000000000   1.0000000000000000E+30
      84.0000000000000000   1.0000000000000000E+30
      85.0000000000000000   1.0000000000000000E+30
      86.0000000000000000   1.0000000000000000E+30
      87.0000000000000000   1.0000000000000000E+30
      88.0000000000000000   1.0000000000000000E+30
      89.0000000000000000   1.0000000000000000E+30
      90.0000000000000000   1.0000000000000000E+30
      91.0000000000000000   1.0000000000000000E+30
      92.0000000000000000   1.0000000000000000E+30
      93.0000000000000000   1.0000000000000000E+30
      94.0000000000000000   1.0000000000000000E+30
      95.0000000000000000   1.0000000000000000E+30
      96.0000000000000000   1.0000000000000000E+30
      97.0000000000000000   1.0000000000000000E+30
      98.0000000000000000   1.0000000000000000E+30
      99.0000000000000000   1.0000000000000000E+30
     100.0000000000000000   1.0000000000000000E+30
     103.9989999999999952   1.0000000000000000E+30
     104.0010000000000048   1.0000000000000000E+30
     110.0000000000000000   1.0000000000000000E+30
     120.0000000000000000   1.0000000000000000E+30
     130.0000000000000000   1.0000000000000000E+30
     140.0000000000000000   1.0000000000000000E+30
     150.0000000000000000   1.0000000000000000E+30
     153.9989999999999952   1.0000000000000000E+30
     154.0010000000000048   1.0000000000000000E+30
     160.0000000000000000   1.0000000000000000E+30
     167.9989999999999952   1.0000000000000000E+30
     168.0010000000000048   1.0000000000000000E+30
     169.9989999999999952   1.0000000000000000E+30
     170.0000000000000000   1.0000000000000000E+30
     170.0010000000000048   1.0000000000000000E+30
     180.0000000000000000   1.0000000000000000E+30
     190.0000000000000000   1.0000000000000000E+30
     200.0000000000000000   1.0000000000000000E+30
     210.0000000000000000   1.0000000000000000E+30
     220.0000000000000000   1.0000000000000000E+30
     230.0000000000000000   1.0000000000000000E+30
     231.9989999999999952   1.0000000000000000E+30
     232.0010000000000048   1.0000000000000000E+30
     233.9989999999999952   1.0000000000000000E+30
     234.0010000000000048   1.0000000000000000E+30
     236.9989999999999952   1.0000000000000000E+30
     237.0010000000000048   1.0000000000000000E+30
     240.0000000000000000   1.0000000000000000E+30
     250.0000000000000000   1.0000000000000000E+30
     260.0000000000000000   1.0000000000000000E+30
     270.0000000000000000   1.0000000000000000E+30
     280.0000000000000000   1.0000000000000000E+30
     290.0000000000000000   1.0000000000000000E+30
     300.0000000000000000   1.0000000000000000E+30
     310.0000000000000000   1.0000000000000000E+30
     320.0000000000000000   1.0000000000000000E+30
     330.0000000000000000   1.0000000000000000E+30
     340.0000000000000000   1.0000000000000000E+30
     350.0000000000000000   1.0000000000000000E+30
     360.0000000000000000   1.0000000000000000E+30
     370.0000000000000000   1.0000000000000000E+30
     380.0000000000000000   1.0000000000000000E+30
     390.0000000000000000   1.0000000000000000E+30
     398.9990000000000236   1.0000000000000000E+30
     399.0009999999999764   1.0000000000000000E+30
     400.0000000000000000   1.0000000000000000E+30
     410.0000000000000000   1.0000000000000000E+30
     415.9990000000000236   1.0000000000000000E+30
     416.0009999999999764   1.0000000000000000E+30
     420.0000000000000000   1.0000000000000000E+30
     430.0000000000000000   1.0000000000000000E+30
     440.0000000000000000   1.0000000000000000E+30
     450.0000000000000000   1.0000000000000000E+30
     460.0000000000000000   1.0000000000000000E+30
     470.0000000000000000   1.0000000000000000E+30
     480.0000000000000000   1.0000000000000000E+30
     490.0000000000000000   1.0000000000000000E+30
     500.0000000000000000   1.0000000000000000E+30
     510.0000000000000000   1.0000000000000000E+30
     510.9989999999999668   1.0000000000000000E+30
     511.0009999999999195   1.0000000000000000E+30
     520.0000000000000000   1.0000000000000000E+30
     530.0000000000000000   1.0000000000000000E+30
     540.0000000000000000   1.0000000000000000E+30
     550.0000000000000000   1.0000000000000000E+30
     560.0000000000000000   1.0000000000000000E+30
     570.0000000000000000   1.0000000000000000E+30
     580.0000000000000000   1.0000000000000000E+30
     590.0000000000000000   1.0000000000000000E+30
     600.0000000000000000   1.0000000000000000E+30
     610.0000000000000000   1.0000000000000000E+30
     620.0000000000000000   1.0000000000000000E+30
     630.0000000000000000   1.0000000000000000E+30
     640.0000000000000000   1.0000000000000000E+30
     650.0000000000000000   1.0000000000000000E+30
     660.0000000000000000   1.0000000000000000E+30
     670.0000000000000000   1.0000000000000000E+30
     680.0000000000000000   1.0000000000000000E+30
     690.0000000000000000   1.0000000000000000E+30
     700.0000000000000000   1.0000000000000000E+30
     710.0000000000000000   1.0000000000000000E+30
     720.0000000000000000   1.0000000000000000E+30
     730.0000000000000000   1.0000000000000000E+30
     740.0000000000000000   1.0000000000000000E+30
     750.0000000000000000   1.0000000000000000E+30
     760.0000000000000000   1.0000000000000000E+30
     770.0000000000000000   1.0000000000000000E+30
     780.0000000000000000   1.0000000000000000E+30
     790.0000000000000000   1.0000000000000000E+30
     800.0000000000000000   1.0000000000000000E+30
     810.0000000000000000   1.0000000000000000E+30
     820.0000000000000000   1.0000000000000000E+30
     830.0000000000000000   1.0000000000000000E+30
     840.0000000000000000   1.0000000000000000E+30
     850.0000000000000000   1.0000000000000000E+30
     860.0000000000000000   1.0000000000000000E+30
     870.0000000000000000   1.0000000000000000E+30
     880.0000000000000000   1.0000000000000000E+30
     890.0000000000000000   1.0000000000000000E+30
     900.0000000000000000   1.0000000000000000E+30
     910.0000000000000000   1.0000000000000000E+30
     920.0000000000000000   1.0000000000000000E+30
     930.0000000000000000   1.0000000000000000E+30
     940.0000000000000000   1.0000000000000000E+30
     950.0000000000000000   1.0000000000000000E+30
     960.0000000000000000   1.0000000000000000E+30
     970.0000000000000000   1.0000000000000000E+30
     980.0000000000000000   1.0000000000000000E+30
     990.0000000000000000   1.0000000000000000E+30
    1000.0000000000000000   1.0000000000000000E+30
    1100.0000000000000000   1.0000000000000000E+30
    1200.0000000000000000   1.0000000000000000E+30
    1300.0000000000000000   1.0000000000000000E+30
    1400.0000000000000000   1.0000000000000000E+30
    1500.0000000000000000   1.0000000000000000E+30
    1600.0000000000000000   1.0000000000000000E+30
    1700.0000000000000000   1.0000000000000000E+30
    1800.0000000000000000   1.0000000000000000E+30
    1843.9990000000000236   1.0000000000000000E+30
    1844.0009999999999764   1.0000000000000000E+30
    1900.0000000000000000   1.0000000000000000E+30
    2000.0000000000000000   1.0000000000000000E+30
    2100.0000000000000000   1.0000000000000000E+30
    2200.0000000000000000   1.0000000000000000E+30
    2300.0000000000000000   1.0000000000000000E+30
    2400.0000000000000000   1.0000000000000000E+30
    2475.9989999999997963   1.0000000000000000E+30
    2476.0010000000002037   1.0000000000000000E+30
    2500.0000000000000000   1.0000000000000000E+30
    2526.9989999999997963   1.0000000000000000E+30
    2527.0010000000002037   1.0000000000000000E+30
    2600.0000000000000000   1.0000000000000000E+30
    2631.9989999999997963   1.0000000000000000E+30
    2632.0010000000002037   1.4977333358984391E+05
    2700.0000000000000000   1.5935095453631869E+05
    2800.0000000000000000   1.7498007927609800E+05
    2871.9989999999997963   1.8483078024012924E+05
    2872.0010000000002037   1.8483111389269537E+05
    2900.0000000000000000   1.8962319496784173E+05
    3000.0000000000000000   2.0693916814655240E+05
    3100.0000000000000000   2.2464374723712087E+05
    3200.0000000000000000   2.4455678076634332E+05
    3300.0000000000000000   2.6546418131077819E+05
    3400.0000000000000000   2.8847597160521633E+05
    3500.0000000000000000   3.1031888087014749E+05
    3600.0000000000000000   3.3446453817945637E+05
    3700.0000000000000000   3.6237014074775338E+05
    3800.0000000000000000   3.8709803394401708E+05
    3900.0000000000000000   4.1586613784972590E+05
    4000.0000000000000000   4.4569730842509342E+05
    4100.0000000000000000   4.7647069426857959E+05
    4200.0000000000000000   5.0755354016318964E+05
    4300.0000000000000000   5.4451042114780052E+05
    4400.0000000000000000   5.7995696761537902E+05
    4500.0000000000000000   6.1599936554376723E+05
    4600.0000000000000000   6.5292454482845368E+05
    4700.0000000000000000   6.9394178350965888E+05
    4800.0000000000000000   7.3697481547264941E+05
    4900.0000000000000000   7.8050986556389544E+05
    5000.0000000000000000   8.2599204567598319E+05
    5100.0000000000000000   8.7398084877467202E+05
    5200.0000000000000000   9.2295059679471038E+05
    5300.0000000000000000   9.7304528551366250E+05
    5400.0000000000000000   1.0277064725180101E+06
    5500.0000000000000000   1.0837725380957979E+06
    5600.0000000000000000   1.1422815640524330E+06
    5700.0000000000000000   1.2033993461805522E+06
    5800.0000000000000000   1.2644106406766907E+06
    5900.0000000000000000   1.3278841698375121E+06
    6000.0000000000000000   1.4017088037984013E+06
    6100.0000000000000000   1.4661967264385303E+06
    6200.0000000000000000   1.5322207504152756E+06
    6300.0000000000000000   1.6133359436228941E+06
    6400.0000000000000000   1.6846560572476264E+06
    6500.0000000000000000   1.7605672062944935E+06
    6600.0000000000000000   1.8409950541134365E+06
    6700.0000000000000000   1.9222105171152619E+06
    6800.0000000000000000   2.0147563325942783E+06
    6900.0000000000000000   2.0984184805799923E+06
    7000.0000000000000000   2.1883723579814220E+06
    7100.0000000000000000   2.2910219721281365E+06
    7200.0000000000000000   2.3842360050964127E+06
    7300.0000000000000000   2.4825555072219209E+06
    7400.0000000000000000   2.5848956812190814E+06
    7500.0000000000000000   2.6907210132354656E+06
    7600.0000000000000000   2.8069622102155345E+06
    7700.0000000000000000   2.9131751493497640E+06
    7800.0000000000000000   3.0251537744584526E+06
    7900.0000000000000000   3.1505840600316208E+06
    8000.0000000000000000   3.2696124713908555E+06
    8100.0000000000000000   3.3892204127658983E+06
    8200.0000000000000000   3.5276376742475457E+06
    8300.0000000000000000   3.6493422112593600E+06
    8400.0000000000000000   3.7975145357422568E+06
    8500.0000000000000000   3.9302261104780431E+06
    8600.0000000000000000   4.0656403857702664E+06
    8700.0000000000000000   4.2245417630206943E+06
    8800.0000000000000000   4.3670700279956143E+06
    8900.0000000000000000   4.5167019252366899E+06
    9000.0000000000000000   4.6879077705739783E+06
    9100.0000000000000000   4.8330697162907394E+06
    9200.0000000000000000   5.0138518432782553E+06
    9300.0000000000000000   5.1668893083606614E+06
    9400.0000000000000000   5.3341789258090211E+06
    9500.0000000000000000   5.5219377734202212E+06
    9600.0000000000000000   5.6893052421047920E+06
    9700.0000000000000000   5.8879901719926931E+06
    9800.0000000000000000   6.0584823131882185E+06
    9900.0000000000000000   6.2649297763490332E+06
   10000.0000000000000000   6.4547677587426575E+06
   11000.0000000000000000   8.7086075312045999E+06
   12000.0000000000000000   1.1455678853215896E+07
   13000.0000000000000000   1.4687319581048643E+07
   14000.0000000000000000   1.8649452697698601E+07
   15000.0000000000000000   2.3220420523182578E+07
   16000.0000000000000000   2.8648983737235509E+07
   17000.0000000000000000   3.4817422699487723E+07
   18000.0000000000000000   4.1812870247606993E+07
   19000.0000000000000000   5.0073939705564886E+07
   20000.0000000000000000   5.9327101545620695E+07
   20005.9989999999997963   5.9391872729570419E+07
   20006.0010000000002037   5.9391894347147472E+07
   21000.0000000000000000   6.9528593796492502E+07
   22000.0000000000000000   8.1260575039570779E+07
   23000.0000000000000000   9.3852904097085148E+07
   24000.0000000000000000   1.0816075278510305E+08
   25000.0000000000000000   1.2402816474350449E+08
   26000.0000000000000000   1.4236678243239248E+08
   27000.0000000000000000   1.6037695259721506E+08
   28000.0000000000000000   1.8122766247263628E+08
   29000.0000000000000000   2.0418378989358559E+08
   30000.0000000000000000   2.2909322203995210E+08
   31000.0000000000000000   2.5549045322195372E+08
   32000.0000000000000000   2.8507482495179236E+08
   33000.0000000000000000   3.1584054480101228E+08
   34000.0000000000000000   3.5054691589348906E+08
   35000.0000000000000000   3.8593573220010430E+08
   36000.0000000000000000   4.2474089519306546E+08
   37000.0000000000000000   4.6829512267825973E+08
   38000.0000000000000000   5.1147464961701453E+08
   39000.0000000000000000   5.5984148012035787E+08
   40000.0000000000000000   6.0817442776577830E+08
   41000.0000000000000000   6.6340180063417304E+08
   42000.0000000000000000   7.2009100520233250E+08
   43000.0000000000000000   7.8067526001343477E+08
   44000.0000000000000000   8.4578505346901298E+08
   45000.0000000000000000   9.1465688700217247E+08
   46000.0000000000000000   9.8386070658845210E+08
   47000.0000000000000000   1.0614993652490193E+09
   48000.0000000000000000   1.1418886442687318E+09
   49000.0000000000000000   1.2224466582071819E+09
   50000.0000000000000000   1.3110330160432017E+09
