       0.1000000000000000   1.0000000000000000E+30
       0.2000000000000000   1.0000000000000000E+30
       0.3000000000000000   1.0000000000000000E+30
       0.4000000000000000   1.0000000000000000E+30
       0.5000000000000000   1.0000000000000000E+30
       0.6000000000000000   1.0000000000000000E+30
       0.7000000000000000   1.0000000000000000E+30
       0.7999999999999999   1.0000000000000000E+30
       0.8999999999999999   1.0000000000000000E+30
       0.9999999999999999   1.0000000000000000E+30
       2.0000000000000000   1.0000000000000000E+30
       3.0000000000000000   1.0000000000000000E+30
       4.0000000000000000   1.0000000000000000E+30
       5.0000000000000000   1.0000000000000000E+30
       6.0000000000000000   1.0000000000000000E+30
       7.0000000000000000   1.0000000000000000E+30
       8.0000000000000000   1.0000000000000000E+30
       9.0000000000000000   1.0000000000000000E+30
      10.0000000000000000   1.0000000000000000E+30
      11.0000000000000000   1.0000000000000000E+30
      12.0000000000000000   1.0000000000000000E+30
      13.0000000000000000   1.0000000000000000E+30
      14.0000000000000000   1.0000000000000000E+30
      15.0000000000000000   1.0000000000000000E+30
      16.0000000000000000   1.0000000000000000E+30
      17.0000000000000000   1.0000000000000000E+30
      18.0000000000000000   1.0000000000000000E+30
      19.0000000000000000   1.0000000000000000E+30
      20.0000000000000000   1.0000000000000000E+30
      21.0000000000000000   1.0000000000000000E+30
      22.0000000000000000   1.0000000000000000E+30
      23.0000000000000000   1.0000000000000000E+30
      24.0000000000000000   1.0000000000000000E+30
      25.0000000000000000   1.0000000000000000E+30
      26.0000000000000000   1.0000000000000000E+30
      27.0000000000000000   1.0000000000000000E+30
      28.0000000000000000   1.0000000000000000E+30
      29.0000000000000000   1.0000000000000000E+30
      30.0000000000000000   1.0000000000000000E+30
      31.0000000000000000   1.0000000000000000E+30
      32.0000000000000000   1.0000000000000000E+30
      33.0000000000000000   1.0000000000000000E+30
      34.0000000000000000   1.0000000000000000E+30
      35.0000000000000000   1.0000000000000000E+30
      36.0000000000000000   1.0000000000000000E+30
      37.0000000000000000   1.0000000000000000E+30
      38.0000000000000000   1.0000000000000000E+30
      39.0000000000000000   1.0000000000000000E+30
      40.0000000000000000   1.0000000000000000E+30
      41.0000000000000000   1.0000000000000000E+30
      41.9990000000000023   1.0000000000000000E+30
      42.0000000000000000   1.0000000000000000E+30
      42.0009999999999977   1.0000000000000000E+30
      43.0000000000000000   1.0000000000000000E+30
      44.0000000000000000   1.0000000000000000E+30
      44.9990000000000023   1.0000000000000000E+30
      45.0000000000000000   1.0000000000000000E+30
      45.0009999999999977   1.0000000000000000E+30
      46.0000000000000000   1.0000000000000000E+30
      47.0000000000000000   1.0000000000000000E+30
      48.0000000000000000   1.0000000000000000E+30
      49.0000000000000000   1.0000000000000000E+30
      50.0000000000000000   1.0000000000000000E+30
      51.0000000000000000   1.0000000000000000E+30
      52.0000000000000000   1.0000000000000000E+30
      53.0000000000000000   1.0000000000000000E+30
      54.0000000000000000   1.0000000000000000E+30
      55.0000000000000000   1.0000000000000000E+30
      56.0000000000000000   1.0000000000000000E+30
      57.0000000000000000   1.0000000000000000E+30
      58.0000000000000000   1.0000000000000000E+30
      59.0000000000000000   1.0000000000000000E+30
      60.0000000000000000   1.0000000000000000E+30
      61.0000000000000000   1.0000000000000000E+30
      62.0000000000000000   1.0000000000000000E+30
      63.0000000000000000   1.0000000000000000E+30
      64.0000000000000000   1.0000000000000000E+30
      65.0000000000000000   1.0000000000000000E+30
      66.0000000000000000   1.0000000000000000E+30
      67.0000000000000000   1.0000000000000000E+30
      67.9989999999999952   1.0000000000000000E+30
      68.0000000000000000   1.0000000000000000E+30
      68.0010000000000048   1.0000000000000000E+30
      69.0000000000000000   1.0000000000000000E+30
      70.0000000000000000   1.0000000000000000E+30
      71.0000000000000000   1.0000000000000000E+30
      72.0000000000000000   1.0000000000000000E+30
      73.0000000000000000   1.0000000000000000E+30
      74.0000000000000000   1.0000000000000000E+30
      75.0000000000000000   1.0000000000000000E+30
      76.0000000000000000   1.0000000000000000E+30
      77.0000000000000000   1.0000000000000000E+30
      78.0000000000000000   1.0000000000000000E+30
      79.0000000000000000   1.0000000000000000E+30
      80.0000000000000000   1.0000000000000000E+30
      81.0000000000000000   1.0000000000000000E+30
      82.0000000000000000   1.0000000000000000E+30
      83.0000000000000000   1.0000000000000000E+30
      84.0000000000000000   1.0000000000000000E+30
      85.0000000000000000   1.0000000000000000E+30
      86.0000000000000000   1.0000000000000000E+30
      87.0000000000000000   1.0000000000000000E+30
      88.0000000000000000   1.0000000000000000E+30
      89.0000000000000000   1.0000000000000000E+30
      90.0000000000000000   1.0000000000000000E+30
      91.0000000000000000   1.0000000000000000E+30
      92.0000000000000000   1.0000000000000000E+30
      93.0000000000000000   1.0000000000000000E+30
      94.0000000000000000   1.0000000000000000E+30
      95.0000000000000000   1.0000000000000000E+30
      96.0000000000000000   1.0000000000000000E+30
      97.0000000000000000   1.0000000000000000E+30
      98.0000000000000000   1.0000000000000000E+30
      99.0000000000000000   1.0000000000000000E+30
     100.0000000000000000   1.0000000000000000E+30
     103.9989999999999952   1.0000000000000000E+30
     104.0010000000000048   1.0000000000000000E+30
     110.0000000000000000   1.0000000000000000E+30
     120.0000000000000000   1.0000000000000000E+30
     130.0000000000000000   1.0000000000000000E+30
     140.0000000000000000   1.0000000000000000E+30
     150.0000000000000000   1.0000000000000000E+30
     153.9989999999999952   1.0000000000000000E+30
     154.0010000000000048   1.0000000000000000E+30
     160.0000000000000000   1.0000000000000000E+30
     167.9989999999999952   1.0000000000000000E+30
     168.0010000000000048   1.0000000000000000E+30
     169.9989999999999952   1.0000000000000000E+30
     170.0000000000000000   1.0000000000000000E+30
     170.0010000000000048   1.0000000000000000E+30
     180.0000000000000000   1.0000000000000000E+30
     190.0000000000000000   1.0000000000000000E+30
     200.0000000000000000   1.0000000000000000E+30
     210.0000000000000000   1.0000000000000000E+30
     220.0000000000000000   1.0000000000000000E+30
     230.0000000000000000   1.0000000000000000E+30
     231.9989999999999952   1.0000000000000000E+30
     232.0010000000000048   1.0000000000000000E+30
     233.9989999999999952   1.0000000000000000E+30
     234.0010000000000048   1.0000000000000000E+30
     236.9989999999999952   1.0000000000000000E+30
     237.0010000000000048   1.0000000000000000E+30
     240.0000000000000000   1.0000000000000000E+30
     250.0000000000000000   1.0000000000000000E+30
     260.0000000000000000   1.0000000000000000E+30
     270.0000000000000000   1.0000000000000000E+30
     280.0000000000000000   1.0000000000000000E+30
     290.0000000000000000   1.0000000000000000E+30
     300.0000000000000000   1.0000000000000000E+30
     310.0000000000000000   1.0000000000000000E+30
     320.0000000000000000   1.0000000000000000E+30
     330.0000000000000000   1.0000000000000000E+30
     340.0000000000000000   1.0000000000000000E+30
     350.0000000000000000   1.0000000000000000E+30
     360.0000000000000000   1.0000000000000000E+30
     370.0000000000000000   1.0000000000000000E+30
     380.0000000000000000   1.0000000000000000E+30
     390.0000000000000000   1.0000000000000000E+30
     398.9990000000000236   1.0000000000000000E+30
     399.0009999999999764   1.0000000000000000E+30
     400.0000000000000000   1.0000000000000000E+30
     410.0000000000000000   1.0000000000000000E+30
     415.9990000000000236   1.0000000000000000E+30
     416.0009999999999764   1.0000000000000000E+30
     420.0000000000000000   1.0000000000000000E+30
     430.0000000000000000   1.0000000000000000E+30
     440.0000000000000000   1.0000000000000000E+30
     450.0000000000000000   1.0000000000000000E+30
     460.0000000000000000   1.0000000000000000E+30
     470.0000000000000000   1.0000000000000000E+30
     480.0000000000000000   1.0000000000000000E+30
     490.0000000000000000   1.0000000000000000E+30
     500.0000000000000000   1.0000000000000000E+30
     510.0000000000000000   1.0000000000000000E+30
     510.9989999999999668   1.0000000000000000E+30
     511.0009999999999195   1.0000000000000000E+30
     520.0000000000000000   1.0000000000000000E+30
     530.0000000000000000   1.0000000000000000E+30
     540.0000000000000000   1.0000000000000000E+30
     550.0000000000000000   1.0000000000000000E+30
     560.0000000000000000   1.0000000000000000E+30
     570.0000000000000000   1.0000000000000000E+30
     580.0000000000000000   1.0000000000000000E+30
     590.0000000000000000   1.0000000000000000E+30
     600.0000000000000000   1.0000000000000000E+30
     610.0000000000000000   1.0000000000000000E+30
     620.0000000000000000   1.0000000000000000E+30
     630.0000000000000000   1.0000000000000000E+30
     640.0000000000000000   1.0000000000000000E+30
     650.0000000000000000   1.0000000000000000E+30
     660.0000000000000000   1.0000000000000000E+30
     670.0000000000000000   1.0000000000000000E+30
     680.0000000000000000   1.0000000000000000E+30
     690.0000000000000000   1.0000000000000000E+30
     700.0000000000000000   1.0000000000000000E+30
     710.0000000000000000   1.0000000000000000E+30
     720.0000000000000000   1.0000000000000000E+30
     730.0000000000000000   1.0000000000000000E+30
     740.0000000000000000   1.0000000000000000E+30
     750.0000000000000000   1.0000000000000000E+30
     760.0000000000000000   1.0000000000000000E+30
     770.0000000000000000   1.0000000000000000E+30
     780.0000000000000000   1.0000000000000000E+30
     790.0000000000000000   1.0000000000000000E+30
     800.0000000000000000   1.0000000000000000E+30
     810.0000000000000000   1.0000000000000000E+30
     820.0000000000000000   1.0000000000000000E+30
     830.0000000000000000   1.0000000000000000E+30
     840.0000000000000000   1.0000000000000000E+30
     850.0000000000000000   1.0000000000000000E+30
     860.0000000000000000   1.0000000000000000E+30
     870.0000000000000000   1.0000000000000000E+30
     880.0000000000000000   1.0000000000000000E+30
     890.0000000000000000   1.0000000000000000E+30
     900.0000000000000000   1.0000000000000000E+30
     910.0000000000000000   1.0000000000000000E+30
     920.0000000000000000   1.0000000000000000E+30
     930.0000000000000000   1.0000000000000000E+30
     940.0000000000000000   1.0000000000000000E+30
     950.0000000000000000   1.0000000000000000E+30
     960.0000000000000000   1.0000000000000000E+30
     970.0000000000000000   1.0000000000000000E+30
     980.0000000000000000   1.0000000000000000E+30
     990.0000000000000000   1.0000000000000000E+30
    1000.0000000000000000   1.0000000000000000E+30
    1100.0000000000000000   1.0000000000000000E+30
    1200.0000000000000000   1.0000000000000000E+30
    1300.0000000000000000   1.0000000000000000E+30
    1400.0000000000000000   1.0000000000000000E+30
    1500.0000000000000000   1.0000000000000000E+30
    1600.0000000000000000   1.0000000000000000E+30
    1700.0000000000000000   1.0000000000000000E+30
    1800.0000000000000000   1.0000000000000000E+30
    1843.9990000000000236   1.0000000000000000E+30
    1844.0009999999999764   1.0000000000000000E+30
    1900.0000000000000000   1.0000000000000000E+30
    2000.0000000000000000   1.0000000000000000E+30
    2100.0000000000000000   1.0000000000000000E+30
    2200.0000000000000000   1.0000000000000000E+30
    2300.0000000000000000   1.0000000000000000E+30
    2400.0000000000000000   1.0000000000000000E+30
    2475.9989999999997963   1.0000000000000000E+30
    2476.0010000000002037   1.0000000000000000E+30
    2500.0000000000000000   1.0000000000000000E+30
    2526.9989999999997963   1.0000000000000000E+30
    2527.0010000000002037   7.1132622185831118E+04
    2600.0000000000000000   7.6546564933126603E+04
    2631.9989999999997963   7.9188527142876177E+04
    2632.0010000000002037   7.9188697970337395E+04
    2700.0000000000000000   8.4532385125575645E+04
    2800.0000000000000000   9.2294016350751364E+04
    2871.9989999999997963   9.8524074562514696E+04
    2872.0010000000002037   9.8524268474686876E+04
    2900.0000000000000000   1.0067691582518946E+05
    3000.0000000000000000   1.1049946621338790E+05
    3100.0000000000000000   1.2088479026223171E+05
    3200.0000000000000000   1.3128008390949437E+05
    3300.0000000000000000   1.4306153064310286E+05
    3400.0000000000000000   1.5551602436846294E+05
    3500.0000000000000000   1.6784877146102287E+05
    3600.0000000000000000   1.8187437679355161E+05
    3700.0000000000000000   1.9519745912464097E+05
    3800.0000000000000000   2.1033593505396560E+05
    3900.0000000000000000   2.2612461222827111E+05
    4000.0000000000000000   2.4250806028894937E+05
    4100.0000000000000000   2.5915982768235810E+05
    4200.0000000000000000   2.7884301195309311E+05
    4300.0000000000000000   2.9786517139051680E+05
    4400.0000000000000000   3.1725073521517939E+05
    4500.0000000000000000   3.3709967219046492E+05
    4600.0000000000000000   3.5929519979557354E+05
    4700.0000000000000000   3.8274933783181885E+05
    4800.0000000000000000   4.0653363376558758E+05
    4900.0000000000000000   4.3130075529718510E+05
    5000.0000000000000000   4.5632864156335371E+05
    5100.0000000000000000   4.8196935544273478E+05
    5200.0000000000000000   5.1056972897266212E+05
    5300.0000000000000000   5.4034185193700204E+05
    5400.0000000000000000   5.7157873821133736E+05
    5500.0000000000000000   6.0291842996917746E+05
    5600.0000000000000000   6.3549596056933480E+05
    5700.0000000000000000   6.6835737442416791E+05
    5800.0000000000000000   7.0753349057755026E+05
    5900.0000000000000000   7.4131446647512831E+05
    6000.0000000000000000   7.7932307159132720E+05
    6100.0000000000000000   8.1723367310675210E+05
    6200.0000000000000000   8.5695414889381616E+05
    6300.0000000000000000   8.9875282690947840E+05
    6400.0000000000000000   9.4110589570847759E+05
    6500.0000000000000000   9.8913002585880342E+05
    6600.0000000000000000   1.0330667120011821E+06
    6700.0000000000000000   1.0802934245113775E+06
    6800.0000000000000000   1.1347137938846617E+06
    6900.0000000000000000   1.1835601174241859E+06
    7000.0000000000000000   1.2351596279992561E+06
    7100.0000000000000000   1.2890177124086928E+06
    7200.0000000000000000   1.3449134962293268E+06
    7300.0000000000000000   1.4079095722852030E+06
    7400.0000000000000000   1.4638536165049833E+06
    7500.0000000000000000   1.5224746702227402E+06
    7600.0000000000000000   1.5845847826516065E+06
    7700.0000000000000000   1.6472523523103024E+06
    7800.0000000000000000   1.7178532383792009E+06
    7900.0000000000000000   1.7822834644763067E+06
    8000.0000000000000000   1.8585417742122964E+06
    8100.0000000000000000   1.9294227403505449E+06
    8200.0000000000000000   2.0016683094211435E+06
    8300.0000000000000000   2.0770973657063346E+06
    8400.0000000000000000   2.1623013440258019E+06
    8500.0000000000000000   2.2362963593638665E+06
    8600.0000000000000000   2.3273966835200163E+06
    8700.0000000000000000   2.4051024110869407E+06
    8800.0000000000000000   2.4896509848613655E+06
    8900.0000000000000000   2.5859308514973372E+06
    9000.0000000000000000   2.6707041312756534E+06
    9100.0000000000000000   2.7737823392797248E+06
    9200.0000000000000000   2.8593474825689998E+06
    9300.0000000000000000   2.9556050922690234E+06
    9400.0000000000000000   3.0552712419234077E+06
    9500.0000000000000000   3.1643539937231671E+06
    9600.0000000000000000   3.2815143323983727E+06
    9700.0000000000000000   3.3776830863960353E+06
    9800.0000000000000000   3.5010054774910002E+06
    9900.0000000000000000   3.6021201709983172E+06
   10000.0000000000000000   3.7137418663331214E+06
   11000.0000000000000000   5.0301226488555288E+06
   12000.0000000000000000   6.6520854771259949E+06
   13000.0000000000000000   8.6013127761082351E+06
   14000.0000000000000000   1.0938587802845884E+07
   15000.0000000000000000   1.3691416647241456E+07
   16000.0000000000000000   1.6926358533358719E+07
   17000.0000000000000000   2.0717951176364738E+07
   18000.0000000000000000   2.5083421560237300E+07
   19000.0000000000000000   3.0113656049355041E+07
   20000.0000000000000000   3.5568758431956649E+07
   20005.9989999999997963   3.5605928610490948E+07
   20006.0010000000002037   3.5605941015570201E+07
   21000.0000000000000000   4.2037085004580185E+07
   22000.0000000000000000   4.9231177883926593E+07
   23000.0000000000000000   5.7143083554981202E+07
   24000.0000000000000000   6.6123977072347172E+07
   25000.0000000000000000   7.6113046227565214E+07
   26000.0000000000000000   8.6918625341975883E+07
   27000.0000000000000000   9.8927542353569105E+07
   28000.0000000000000000   1.1225910315201566E+08
   29000.0000000000000000   1.2657518502090147E+08
   30000.0000000000000000   1.4226596708378485E+08
   31000.0000000000000000   1.5957977377056268E+08
   32000.0000000000000000   1.7788421332491833E+08
   33000.0000000000000000   1.9790544301557291E+08
   34000.0000000000000000   2.1952831237469566E+08
   35000.0000000000000000   2.4424177257359555E+08
   36000.0000000000000000   2.6860272309229392E+08
   37000.0000000000000000   2.9534887446217251E+08
   38000.0000000000000000   3.2565046893848318E+08
   39000.0000000000000000   3.5532298495460278E+08
   40000.0000000000000000   3.8787175897218215E+08
   41000.0000000000000000   4.2346394854359978E+08
   42000.0000000000000000   4.6082773388984519E+08
   43000.0000000000000000   5.0077165240652645E+08
   44000.0000000000000000   5.4339608109605837E+08
   45000.0000000000000000   5.8876241323715627E+08
   46000.0000000000000000   6.3721071211449242E+08
   47000.0000000000000000   6.8634115676048505E+08
   48000.0000000000000000   7.4116834807059979E+08
   49000.0000000000000000   7.9833562667586637E+08
   50000.0000000000000000   8.5507569139564753E+08
