       0.1000000000000000   1.0000000000000000E+30
       0.2000000000000000   1.0000000000000000E+30
       0.3000000000000000   1.0000000000000000E+30
       0.4000000000000000   1.0000000000000000E+30
       0.5000000000000000   1.0000000000000000E+30
       0.6000000000000000   1.0000000000000000E+30
       0.7000000000000000   1.0000000000000000E+30
       0.7999999999999999   1.0000000000000000E+30
       0.8999999999999999   1.0000000000000000E+30
       0.9999999999999999   1.0000000000000000E+30
       2.0000000000000000   1.0000000000000000E+30
       3.0000000000000000   1.0000000000000000E+30
       4.0000000000000000   1.0000000000000000E+30
       5.0000000000000000   1.0000000000000000E+30
       6.0000000000000000   1.0000000000000000E+30
       7.0000000000000000   1.0000000000000000E+30
       8.0000000000000000   1.0000000000000000E+30
       9.0000000000000000   1.0000000000000000E+30
      10.0000000000000000   1.0000000000000000E+30
      11.0000000000000000   1.0000000000000000E+30
      12.0000000000000000   1.0000000000000000E+30
      13.0000000000000000   1.0000000000000000E+30
      14.0000000000000000   1.0000000000000000E+30
      15.0000000000000000   1.0000000000000000E+30
      16.0000000000000000   1.0000000000000000E+30
      17.0000000000000000   1.0000000000000000E+30
      18.0000000000000000   1.0000000000000000E+30
      19.0000000000000000   1.0000000000000000E+30
      20.0000000000000000   1.0000000000000000E+30
      21.0000000000000000   1.0000000000000000E+30
      22.0000000000000000   1.0000000000000000E+30
      23.0000000000000000   1.0000000000000000E+30
      24.0000000000000000   1.0000000000000000E+30
      25.0000000000000000   1.0000000000000000E+30
      26.0000000000000000   1.0000000000000000E+30
      27.0000000000000000   1.0000000000000000E+30
      28.0000000000000000   1.0000000000000000E+30
      29.0000000000000000   1.0000000000000000E+30
      30.0000000000000000   1.0000000000000000E+30
      31.0000000000000000   1.0000000000000000E+30
      32.0000000000000000   1.0000000000000000E+30
      33.0000000000000000   1.0000000000000000E+30
      34.0000000000000000   1.0000000000000000E+30
      35.0000000000000000   1.0000000000000000E+30
      36.0000000000000000   1.0000000000000000E+30
      37.0000000000000000   1.0000000000000000E+30
      38.0000000000000000   1.0000000000000000E+30
      39.0000000000000000   1.0000000000000000E+30
      40.0000000000000000   1.0000000000000000E+30
      41.0000000000000000   1.0000000000000000E+30
      41.9990000000000023   1.0000000000000000E+30
      42.0000000000000000   1.0000000000000000E+30
      42.0009999999999977   1.0000000000000000E+30
      43.0000000000000000   1.0000000000000000E+30
      44.0000000000000000   1.0000000000000000E+30
      44.9990000000000023   1.0000000000000000E+30
      45.0000000000000000   1.0000000000000000E+30
      45.0009999999999977   1.0000000000000000E+30
      46.0000000000000000   1.0000000000000000E+30
      47.0000000000000000   1.0000000000000000E+30
      48.0000000000000000   1.0000000000000000E+30
      49.0000000000000000   1.0000000000000000E+30
      50.0000000000000000   1.0000000000000000E+30
      51.0000000000000000   1.0000000000000000E+30
      52.0000000000000000   1.0000000000000000E+30
      53.0000000000000000   1.0000000000000000E+30
      54.0000000000000000   1.0000000000000000E+30
      55.0000000000000000   1.0000000000000000E+30
      56.0000000000000000   1.0000000000000000E+30
      57.0000000000000000   1.0000000000000000E+30
      58.0000000000000000   1.0000000000000000E+30
      59.0000000000000000   1.0000000000000000E+30
      60.0000000000000000   1.0000000000000000E+30
      61.0000000000000000   1.0000000000000000E+30
      62.0000000000000000   1.0000000000000000E+30
      63.0000000000000000   1.0000000000000000E+30
      64.0000000000000000   1.0000000000000000E+30
      65.0000000000000000   1.0000000000000000E+30
      66.0000000000000000   1.0000000000000000E+30
      67.0000000000000000   1.0000000000000000E+30
      67.9989999999999952   1.0000000000000000E+30
      68.0000000000000000   1.0000000000000000E+30
      68.0010000000000048   1.0000000000000000E+30
      69.0000000000000000   1.0000000000000000E+30
      70.0000000000000000   1.0000000000000000E+30
      71.0000000000000000   1.0000000000000000E+30
      72.0000000000000000   1.0000000000000000E+30
      73.0000000000000000   1.0000000000000000E+30
      74.0000000000000000   1.0000000000000000E+30
      75.0000000000000000   1.0000000000000000E+30
      76.0000000000000000   1.0000000000000000E+30
      77.0000000000000000   1.0000000000000000E+30
      78.0000000000000000   1.0000000000000000E+30
      79.0000000000000000   1.0000000000000000E+30
      80.0000000000000000   1.0000000000000000E+30
      81.0000000000000000   1.0000000000000000E+30
      82.0000000000000000   1.0000000000000000E+30
      83.0000000000000000   1.0000000000000000E+30
      84.0000000000000000   1.0000000000000000E+30
      85.0000000000000000   1.0000000000000000E+30
      86.0000000000000000   1.0000000000000000E+30
      87.0000000000000000   1.0000000000000000E+30
      88.0000000000000000   1.0000000000000000E+30
      89.0000000000000000   1.0000000000000000E+30
      90.0000000000000000   1.0000000000000000E+30
      91.0000000000000000   1.0000000000000000E+30
      92.0000000000000000   1.0000000000000000E+30
      93.0000000000000000   1.0000000000000000E+30
      94.0000000000000000   1.0000000000000000E+30
      95.0000000000000000   1.0000000000000000E+30
      96.0000000000000000   1.0000000000000000E+30
      97.0000000000000000   1.0000000000000000E+30
      98.0000000000000000   1.0000000000000000E+30
      99.0000000000000000   1.0000000000000000E+30
     100.0000000000000000   1.0000000000000000E+30
     103.9989999999999952   1.0000000000000000E+30
     104.0010000000000048   1.0000000000000000E+30
     110.0000000000000000   1.0000000000000000E+30
     120.0000000000000000   1.0000000000000000E+30
     130.0000000000000000   1.0000000000000000E+30
     140.0000000000000000   1.0000000000000000E+30
     150.0000000000000000   1.0000000000000000E+30
     153.9989999999999952   1.0000000000000000E+30
     154.0010000000000048   1.0000000000000000E+30
     160.0000000000000000   1.0000000000000000E+30
     167.9989999999999952   1.0000000000000000E+30
     168.0010000000000048   1.0000000000000000E+30
     169.9989999999999952   1.0000000000000000E+30
     170.0000000000000000   1.0000000000000000E+30
     170.0010000000000048   1.0000000000000000E+30
     180.0000000000000000   1.0000000000000000E+30
     190.0000000000000000   1.0000000000000000E+30
     200.0000000000000000   1.0000000000000000E+30
     210.0000000000000000   1.0000000000000000E+30
     220.0000000000000000   1.0000000000000000E+30
     230.0000000000000000   1.0000000000000000E+30
     231.9989999999999952   1.0000000000000000E+30
     232.0010000000000048   1.0000000000000000E+30
     233.9989999999999952   1.0000000000000000E+30
     234.0010000000000048   1.0000000000000000E+30
     236.9989999999999952   1.0000000000000000E+30
     237.0010000000000048   1.0000000000000000E+30
     240.0000000000000000   1.0000000000000000E+30
     250.0000000000000000   1.0000000000000000E+30
     260.0000000000000000   1.0000000000000000E+30
     270.0000000000000000   1.0000000000000000E+30
     280.0000000000000000   1.0000000000000000E+30
     290.0000000000000000   1.0000000000000000E+30
     300.0000000000000000   1.0000000000000000E+30
     310.0000000000000000   1.0000000000000000E+30
     320.0000000000000000   1.0000000000000000E+30
     330.0000000000000000   1.0000000000000000E+30
     340.0000000000000000   1.0000000000000000E+30
     350.0000000000000000   1.0000000000000000E+30
     360.0000000000000000   1.0000000000000000E+30
     370.0000000000000000   1.0000000000000000E+30
     380.0000000000000000   1.0000000000000000E+30
     390.0000000000000000   1.0000000000000000E+30
     398.9990000000000236   1.0000000000000000E+30
     399.0009999999999764   1.0000000000000000E+30
     400.0000000000000000   1.0000000000000000E+30
     410.0000000000000000   1.0000000000000000E+30
     415.9990000000000236   1.0000000000000000E+30
     416.0009999999999764   9.4190197165507634E+04
     420.0000000000000000   8.9347714854026039E+04
     430.0000000000000000   8.5189765555745384E+04
     440.0000000000000000   8.4728645020914060E+04
     450.0000000000000000   8.6297097962724496E+04
     460.0000000000000000   8.7124983840606059E+04
     470.0000000000000000   8.7968908126004826E+04
     480.0000000000000000   8.8982417038661049E+04
     490.0000000000000000   8.9907595052359989E+04
     500.0000000000000000   9.0852213928991026E+04
     510.0000000000000000   9.1508959819103795E+04
     510.9989999999999668   9.1597372189526737E+04
     511.0009999999999195   9.1597549362624166E+04
     520.0000000000000000   9.2401740291890150E+04
     530.0000000000000000   9.3312112699766614E+04
     540.0000000000000000   9.4240602181202936E+04
     550.0000000000000000   9.6193153936152914E+04
     560.0000000000000000   9.7405972556650857E+04
     570.0000000000000000   9.8649764514973693E+04
     580.0000000000000000   9.9880784525735507E+04
     590.0000000000000000   1.0117646042265357E+05
     600.0000000000000000   1.0250619371532244E+05
     610.0000000000000000   1.0427542594474091E+05
     620.0000000000000000   1.0580914956294901E+05
     630.0000000000000000   1.0738866389872911E+05
     640.0000000000000000   1.0923276568049580E+05
     650.0000000000000000   1.1099164377030534E+05
     660.0000000000000000   1.1246577102846274E+05
     670.0000000000000000   1.1420887460205230E+05
     680.0000000000000000   1.1611539597966977E+05
     690.0000000000000000   1.1801615190437152E+05
     700.0000000000000000   1.1998017245230459E+05
     710.0000000000000000   1.2152108586762955E+05
     720.0000000000000000   1.2343667176691661E+05
     730.0000000000000000   1.2554907841985604E+05
     740.0000000000000000   1.2765836768094008E+05
     750.0000000000000000   1.2955387561215935E+05
     760.0000000000000000   1.3166282335611514E+05
     770.0000000000000000   1.3384156847311876E+05
     780.0000000000000000   1.3623636449591856E+05
     790.0000000000000000   1.3861973547315880E+05
     800.0000000000000000   1.4108798250831637E+05
     810.0000000000000000   1.4298684852745879E+05
     820.0000000000000000   1.4541297506852276E+05
     830.0000000000000000   1.4792285317133280E+05
     840.0000000000000000   1.5052089574677806E+05
     850.0000000000000000   1.5279828604900773E+05
     860.0000000000000000   1.5548007485454020E+05
     870.0000000000000000   1.5825768245853309E+05
     880.0000000000000000   1.6113633759817714E+05
     890.0000000000000000   1.6261694846404516E+05
     900.0000000000000000   1.6534018823268512E+05
     910.0000000000000000   1.6815619006054569E+05
     920.0000000000000000   1.7068663798967295E+05
     930.0000000000000000   1.7358778727785996E+05
     940.0000000000000000   1.7658926308721973E+05
     950.0000000000000000   1.7872336944613513E+05
     960.0000000000000000   1.8162173367850709E+05
     970.0000000000000000   1.8461565332079682E+05
     980.0000000000000000   1.8770993308754810E+05
     990.0000000000000000   1.9090970530499503E+05
    1000.0000000000000000   1.9367735798729846E+05
    1100.0000000000000000   2.2533856987690437E+05
    1200.0000000000000000   2.6112069874754752E+05
    1300.0000000000000000   3.0121372611561907E+05
    1400.0000000000000000   3.4293027003078483E+05
    1500.0000000000000000   3.8960320946643210E+05
    1600.0000000000000000   4.4243509186261351E+05
    1700.0000000000000000   4.9817849782754818E+05
    1800.0000000000000000   5.5766483901456476E+05
    1843.9990000000000236   5.8491009180296282E+05
    1844.0009999999999764   5.8491142422450031E+05
    1900.0000000000000000   6.2276242996133503E+05
    2000.0000000000000000   6.9308749019865436E+05
    2100.0000000000000000   7.6773497087488056E+05
    2200.0000000000000000   8.4796752655898407E+05
    2300.0000000000000000   9.3490705756539188E+05
    2400.0000000000000000   1.0267691321892263E+06
    2475.9989999999997963   1.1002546428438069E+06
    2476.0010000000002037   1.1002567614374878E+06
    2500.0000000000000000   1.1262801620410064E+06
    2526.9989999999997963   1.1570683077088571E+06
    2527.0010000000002037   1.1570706507466445E+06
    2600.0000000000000000   1.2307984546738584E+06
    2631.9989999999997963   1.2630196087217629E+06
    2632.0010000000002037   1.2630219666521819E+06
    2700.0000000000000000   1.3397807919768875E+06
    2800.0000000000000000   1.4594380057436251E+06
    2871.9989999999997963   1.5447541043140695E+06
    2872.0010000000002037   1.5447568523648279E+06
    2900.0000000000000000   1.5842108394125495E+06
    3000.0000000000000000   1.7096276743138435E+06
    3100.0000000000000000   1.8440322674010077E+06
    3200.0000000000000000   1.9889343726115848E+06
    3300.0000000000000000   2.1455441703664409E+06
    3400.0000000000000000   2.3010106291898098E+06
    3500.0000000000000000   2.4701370082691973E+06
    3600.0000000000000000   2.6459587762643304E+06
    3700.0000000000000000   2.8343437135204948E+06
    3800.0000000000000000   3.0206027057058387E+06
    3900.0000000000000000   3.2220834429063709E+06
    4000.0000000000000000   3.4309061085289465E+06
    4100.0000000000000000   3.6516912954316111E+06
    4200.0000000000000000   3.8827932939238390E+06
    4300.0000000000000000   4.1253632903618119E+06
    4400.0000000000000000   4.3735539313988620E+06
    4500.0000000000000000   4.6283379985478986E+06
    4600.0000000000000000   4.8972636436502915E+06
    4700.0000000000000000   5.1782294660900980E+06
    4800.0000000000000000   5.4717947664177474E+06
    4900.0000000000000000   5.7706128035942893E+06
    5000.0000000000000000   6.1109384881210029E+06
    5100.0000000000000000   6.4084015880968450E+06
    5200.0000000000000000   6.7739133953992538E+06
    5300.0000000000000000   7.1151998413167913E+06
    5400.0000000000000000   7.4706099564266521E+06
    5500.0000000000000000   7.8460564393401276E+06
    5600.0000000000000000   8.2251968250032505E+06
    5700.0000000000000000   8.6130639332767501E+06
    5800.0000000000000000   9.0317085966386758E+06
    5900.0000000000000000   9.4641687346036937E+06
    6000.0000000000000000   9.9449201739163473E+06
    6100.0000000000000000   1.0385013992401719E+07
    6200.0000000000000000   1.0842546280584760E+07
    6300.0000000000000000   1.1325565864205331E+07
    6400.0000000000000000   1.1812362706738768E+07
    6500.0000000000000000   1.2310505848320967E+07
    6600.0000000000000000   1.2871312118767899E+07
    6700.0000000000000000   1.3424792995929208E+07
    6800.0000000000000000   1.3988963925593082E+07
    6900.0000000000000000   1.4544513123997940E+07
    7000.0000000000000000   1.5196897889484525E+07
    7100.0000000000000000   1.5776749962596258E+07
    7200.0000000000000000   1.6396256830676377E+07
    7300.0000000000000000   1.7018306087548792E+07
    7400.0000000000000000   1.7738610007026006E+07
    7500.0000000000000000   1.8370601102713190E+07
    7600.0000000000000000   1.9071647636141177E+07
    7700.0000000000000000   1.9788208450953238E+07
    7800.0000000000000000   2.0594435905787986E+07
    7900.0000000000000000   2.1301226963477813E+07
    8000.0000000000000000   2.2045701948300157E+07
    8100.0000000000000000   2.2831773216979668E+07
    8200.0000000000000000   2.3694389440051161E+07
    8300.0000000000000000   2.4488863237672184E+07
    8400.0000000000000000   2.5418593604296457E+07
    8500.0000000000000000   2.6221300419708956E+07
    8600.0000000000000000   2.7111320625903632E+07
    8700.0000000000000000   2.8022798591939334E+07
    8800.0000000000000000   2.9029814100601017E+07
    8900.0000000000000000   2.9926761585129965E+07
    9000.0000000000000000   3.0992986745725729E+07
    9100.0000000000000000   3.1932168803210508E+07
    9200.0000000000000000   3.2940355812312961E+07
    9300.0000000000000000   3.4056266962907769E+07
    9400.0000000000000000   3.5066796409846365E+07
    9500.0000000000000000   3.6250163289519444E+07
    9600.0000000000000000   3.7273629058125123E+07
    9700.0000000000000000   3.8507512376248591E+07
    9800.0000000000000000   3.9649335504679799E+07
    9900.0000000000000000   4.0819978967139721E+07
   10000.0000000000000000   4.2142137222323403E+07
   11000.0000000000000000   5.5808768914317951E+07
   12000.0000000000000000   7.2287551217551768E+07
   13000.0000000000000000   9.2263928665602446E+07
   14000.0000000000000000   1.1590741456739238E+08
   15000.0000000000000000   1.4327364684181339E+08
   16000.0000000000000000   1.7502628566238141E+08
   17000.0000000000000000   2.1118908460518309E+08
   18000.0000000000000000   2.5379921207966307E+08
   19000.0000000000000000   3.0047608337936205E+08
   20000.0000000000000000   3.5310647016025776E+08
   20005.9989999999997963   3.5346095031839478E+08
   20006.0010000000002037   3.5346106861682326E+08
   21000.0000000000000000   4.1289452196776438E+08
   22000.0000000000000000   4.7919505648737597E+08
   23000.0000000000000000   5.5390284648731863E+08
   24000.0000000000000000   6.3544543998772192E+08
   25000.0000000000000000   7.2561707658147204E+08
   26000.0000000000000000   8.2541470325725615E+08
   27000.0000000000000000   9.3343687185281754E+08
   28000.0000000000000000   1.0522495134282123E+09
   29000.0000000000000000   1.1832481939519670E+09
   30000.0000000000000000   1.3217068072083340E+09
   31000.0000000000000000   1.4733600665964499E+09
   32000.0000000000000000   1.6338043410419919E+09
   33000.0000000000000000   1.8149698347709508E+09
   34000.0000000000000000   2.0024353631232543E+09
   35000.0000000000000000   2.2071086477197108E+09
   36000.0000000000000000   2.4207896714127789E+09
   37000.0000000000000000   2.6558177942494583E+09
   38000.0000000000000000   2.9060478178079004E+09
   39000.0000000000000000   3.1712597065778184E+09
   40000.0000000000000000   3.4609708578281751E+09
   41000.0000000000000000   3.7465543774284501E+09
   42000.0000000000000000   4.0713489789193521E+09
   43000.0000000000000000   4.4046463204967756E+09
   44000.0000000000000000   4.7667682163965807E+09
   45000.0000000000000000   5.1531999329290981E+09
   46000.0000000000000000   5.5536294126164980E+09
   47000.0000000000000000   5.9400956286202030E+09
   48000.0000000000000000   6.3877387917488375E+09
   49000.0000000000000000   6.8632860251093578E+09
   50000.0000000000000000   7.3403370974988413E+09
