       0.1000000000000000   1.0000000000000000E+30
       0.2000000000000000   1.0000000000000000E+30
       0.3000000000000000   1.0000000000000000E+30
       0.4000000000000000   1.0000000000000000E+30
       0.5000000000000000   1.0000000000000000E+30
       0.6000000000000000   1.0000000000000000E+30
       0.7000000000000000   1.0000000000000000E+30
       0.7999999999999999   1.0000000000000000E+30
       0.8999999999999999   1.0000000000000000E+30
       0.9999999999999999   1.0000000000000000E+30
       2.0000000000000000   1.0000000000000000E+30
       3.0000000000000000   1.0000000000000000E+30
       4.0000000000000000   1.0000000000000000E+30
       5.0000000000000000   1.0000000000000000E+30
       6.0000000000000000   1.0000000000000000E+30
       7.0000000000000000   1.0000000000000000E+30
       8.0000000000000000   1.0000000000000000E+30
       9.0000000000000000   1.0000000000000000E+30
      10.0000000000000000   1.0000000000000000E+30
      11.0000000000000000   1.0000000000000000E+30
      12.0000000000000000   1.0000000000000000E+30
      13.0000000000000000   1.0000000000000000E+30
      14.0000000000000000   1.0000000000000000E+30
      15.0000000000000000   1.0000000000000000E+30
      16.0000000000000000   1.0000000000000000E+30
      17.0000000000000000   1.0000000000000000E+30
      18.0000000000000000   1.0000000000000000E+30
      19.0000000000000000   1.0000000000000000E+30
      20.0000000000000000   1.0000000000000000E+30
      21.0000000000000000   1.0000000000000000E+30
      22.0000000000000000   1.0000000000000000E+30
      23.0000000000000000   1.0000000000000000E+30
      24.0000000000000000   1.0000000000000000E+30
      25.0000000000000000   1.0000000000000000E+30
      26.0000000000000000   1.0000000000000000E+30
      27.0000000000000000   1.0000000000000000E+30
      28.0000000000000000   1.0000000000000000E+30
      29.0000000000000000   1.0000000000000000E+30
      30.0000000000000000   1.0000000000000000E+30
      31.0000000000000000   1.0000000000000000E+30
      32.0000000000000000   1.0000000000000000E+30
      33.0000000000000000   1.0000000000000000E+30
      34.0000000000000000   1.0000000000000000E+30
      35.0000000000000000   1.0000000000000000E+30
      36.0000000000000000   1.0000000000000000E+30
      37.0000000000000000   1.0000000000000000E+30
      38.0000000000000000   1.0000000000000000E+30
      39.0000000000000000   1.0000000000000000E+30
      40.0000000000000000   1.0000000000000000E+30
      41.0000000000000000   1.0000000000000000E+30
      41.9990000000000023   1.0000000000000000E+30
      42.0000000000000000   1.0000000000000000E+30
      42.0009999999999977   3.6482631782122871E+03
      43.0000000000000000   3.8258685479901555E+03
      44.0000000000000000   4.0561965495541094E+03
      44.9990000000000023   4.3523187352767955E+03
      45.0000000000000000   4.3526272719850549E+03
      45.0009999999999977   4.3529358524408681E+03
      46.0000000000000000   4.6975478144739509E+03
      47.0000000000000000   5.0732013337938070E+03
      48.0000000000000000   5.5025869795697045E+03
      49.0000000000000000   5.9506198532033686E+03
      50.0000000000000000   6.4418728559567644E+03
      51.0000000000000000   6.9704868459125310E+03
      52.0000000000000000   7.5439462064018780E+03
      53.0000000000000000   8.1607194975001366E+03
      54.0000000000000000   8.8156915087698744E+03
      55.0000000000000000   9.5318905243350491E+03
      56.0000000000000000   1.0255606502133718E+04
      57.0000000000000000   1.1059329945917592E+04
      58.0000000000000000   1.1896572185549028E+04
      59.0000000000000000   1.2787701225350980E+04
      60.0000000000000000   1.3749988519708706E+04
      61.0000000000000000   1.4667305625228617E+04
      62.0000000000000000   1.5675186435909327E+04
      63.0000000000000000   1.6719029205877330E+04
      64.0000000000000000   1.7809707284857468E+04
      65.0000000000000000   1.9073517472124920E+04
      66.0000000000000000   2.0132217864433005E+04
      67.0000000000000000   2.1303365825454090E+04
      67.9989999999999952   2.2451828644636040E+04
      68.0000000000000000   2.2453132258564143E+04
      68.0010000000000048   2.2454436023883743E+04
      69.0000000000000000   2.3689827320340908E+04
      70.0000000000000000   2.4850550794169430E+04
      71.0000000000000000   2.6091525511226242E+04
      72.0000000000000000   2.7271051632163082E+04
      73.0000000000000000   2.8508160110460685E+04
      74.0000000000000000   2.9695223190649966E+04
      75.0000000000000000   3.0914316319766669E+04
      76.0000000000000000   3.2238308683115745E+04
      77.0000000000000000   3.3295746253132325E+04
      78.0000000000000000   3.4487829334593254E+04
      79.0000000000000000   3.5838721861168342E+04
      80.0000000000000000   3.6675417264081261E+04
      81.0000000000000000   3.7961757581137535E+04
      82.0000000000000000   3.8739616994031087E+04
      83.0000000000000000   3.9930825567078959E+04
      84.0000000000000000   4.1197615392391563E+04
      85.0000000000000000   4.1685024068827734E+04
      86.0000000000000000   4.2811339637849458E+04
      87.0000000000000000   4.3355638802995105E+04
      88.0000000000000000   4.4341888505732473E+04
      89.0000000000000000   4.5374052888705039E+04
      90.0000000000000000   4.5762361394721644E+04
      91.0000000000000000   4.6658871446851415E+04
      92.0000000000000000   4.7591209651106627E+04
      93.0000000000000000   4.7803248326457564E+04
      94.0000000000000000   4.8582566597043908E+04
      95.0000000000000000   4.9387715842036188E+04
      96.0000000000000000   4.9552851601325732E+04
      97.0000000000000000   5.0209537610067520E+04
      98.0000000000000000   5.0883862487168444E+04
      99.0000000000000000   5.1050897936160844E+04
     100.0000000000000000   5.1595906818035430E+04
     103.9989999999999952   5.3272002368187779E+04
     104.0010000000000048   5.3272929665568656E+04
     110.0000000000000000   5.5305503178654115E+04
     120.0000000000000000   5.8016531581016621E+04
     130.0000000000000000   5.9690179146740775E+04
     140.0000000000000000   6.0902193103099162E+04
     150.0000000000000000   6.2398625947608729E+04
     153.9989999999999952   6.3088776640737531E+04
     154.0010000000000048   6.3089125621913699E+04
     160.0000000000000000   6.4153561572379898E+04
     167.9989999999999952   6.5772427262659054E+04
     168.0010000000000048   6.5772820773122163E+04
     169.9989999999999952   6.6168303850975688E+04
     170.0000000000000000   6.6168502981236685E+04
     170.0010000000000048   6.6168702112696235E+04
     180.0000000000000000   6.8334612022442932E+04
     190.0000000000000000   7.0594289543626568E+04
     200.0000000000000000   7.3072849084694259E+04
     210.0000000000000000   7.5687250607310794E+04
     220.0000000000000000   7.8546110454856971E+04
     230.0000000000000000   8.1348469442546499E+04
     231.9989999999999952   8.1943898929796705E+04
     232.0010000000000048   8.1944499021963900E+04
     233.9989999999999952   8.2548413656721808E+04
     234.0010000000000048   8.2549022635554022E+04
     236.9989999999999952   8.3582964273806836E+04
     237.0010000000000048   8.3583609689191115E+04
     240.0000000000000000   8.4562754975033531E+04
     250.0000000000000000   8.7631942109071300E+04
     260.0000000000000000   9.1080834904868636E+04
     270.0000000000000000   9.4371925781323967E+04
     280.0000000000000000   9.8015098871922513E+04
     290.0000000000000000   1.0182735628518544E+05
     300.0000000000000000   1.0531525892798130E+05
     310.0000000000000000   1.0923127851069614E+05
     320.0000000000000000   1.1350509584663995E+05
     330.0000000000000000   1.1720255298802580E+05
     340.0000000000000000   1.2145607692525937E+05
     350.0000000000000000   1.2611723828950450E+05
     360.0000000000000000   1.3009861337742845E+05
     370.0000000000000000   1.3492878549849809E+05
     380.0000000000000000   1.3950235238429165E+05
     390.0000000000000000   1.4480256762901729E+05
     398.9990000000000236   1.4829619762688631E+05
     399.0009999999999764   1.4829722413451233E+05
     400.0000000000000000   1.4881174722892971E+05
     410.0000000000000000   1.5382988931986984E+05
     415.9990000000000236   1.5708824759205125E+05
     416.0009999999999764   1.5708935690990649E+05
     420.0000000000000000   1.5933922164337113E+05
     430.0000000000000000   1.6403478858569713E+05
     440.0000000000000000   1.6979149090655049E+05
     450.0000000000000000   1.7432240257964743E+05
     460.0000000000000000   1.7988425652299158E+05
     470.0000000000000000   1.8596337270304386E+05
     480.0000000000000000   1.9112427949949692E+05
     490.0000000000000000   1.9637106533590573E+05
     500.0000000000000000   2.0245885788938470E+05
     510.0000000000000000   2.0852024125406952E+05
     510.9989999999999668   2.0916686335159978E+05
     511.0009999999999195   2.0916816191276506E+05
     520.0000000000000000   2.1517898061263625E+05
     530.0000000000000000   2.2074435120782480E+05
     540.0000000000000000   2.2762775971054396E+05
     550.0000000000000000   2.3306761492003783E+05
     560.0000000000000000   2.3950485706642043E+05
     570.0000000000000000   2.4653096568111010E+05
     580.0000000000000000   2.5398176861813411E+05
     590.0000000000000000   2.5972116592642225E+05
     600.0000000000000000   2.6726216512064461E+05
     610.0000000000000000   2.7303701614744717E+05
     620.0000000000000000   2.8049544056399452E+05
     630.0000000000000000   2.8755944882257143E+05
     640.0000000000000000   2.9542549857770663E+05
     650.0000000000000000   3.0373399523331609E+05
     660.0000000000000000   3.0991144874866813E+05
     670.0000000000000000   3.1822907657161390E+05
     680.0000000000000000   3.2700548655653297E+05
     690.0000000000000000   3.3277661615446344E+05
     700.0000000000000000   3.4134021766085690E+05
     710.0000000000000000   3.4896994908607495E+05
     720.0000000000000000   3.5784168020867830E+05
     730.0000000000000000   3.6554158571776556E+05
     740.0000000000000000   3.7455094413541793E+05
     750.0000000000000000   3.8401562486551545E+05
     760.0000000000000000   3.9112858233912243E+05
     770.0000000000000000   4.0062777431407658E+05
     780.0000000000000000   4.0790352495932975E+05
     790.0000000000000000   4.1725349456817046E+05
     800.0000000000000000   4.2704216020926414E+05
     810.0000000000000000   4.3570890127086896E+05
     820.0000000000000000   4.4464311094039748E+05
     830.0000000000000000   4.5451199113442405E+05
     840.0000000000000000   4.6482889602447202E+05
     850.0000000000000000   4.7327788369704830E+05
     860.0000000000000000   4.8369748796187172E+05
     870.0000000000000000   4.9458621272365894E+05
     880.0000000000000000   5.0263475822056638E+05
     890.0000000000000000   5.1342949370830442E+05
     900.0000000000000000   5.2311596148815483E+05
     910.0000000000000000   5.3425138065202208E+05
     920.0000000000000000   5.4398097438118397E+05
     930.0000000000000000   5.5520009890897886E+05
     940.0000000000000000   5.6689173758246505E+05
     950.0000000000000000   5.7603819766717358E+05
     960.0000000000000000   5.8770531187280640E+05
     970.0000000000000000   5.9985480924042687E+05
     980.0000000000000000   6.0876526687449322E+05
     990.0000000000000000   6.2066519924189441E+05
    1000.0000000000000000   6.3303963861166895E+05
    1100.0000000000000000   7.5269501921528718E+05
    1200.0000000000000000   8.9278708900533244E+05
    1300.0000000000000000   1.0383959918245157E+06
    1400.0000000000000000   1.1986160758222453E+06
    1500.0000000000000000   1.3820663963521319E+06
    1600.0000000000000000   1.5759675078032957E+06
    1700.0000000000000000   1.7942002492078170E+06
    1800.0000000000000000   2.0188506387841830E+06
    1843.9990000000000236   2.1266401992241167E+06
    1844.0009999999999764   2.1266457183360686E+06
    1900.0000000000000000   2.2712998210478546E+06
    2000.0000000000000000   2.5292072498501223E+06
    2100.0000000000000000   2.8180678251206614E+06
    2200.0000000000000000   3.1375587959318114E+06
    2300.0000000000000000   3.4546347746793842E+06
    2400.0000000000000000   3.8252142057110970E+06
    2475.9989999999997963   4.1104166507147509E+06
    2476.0010000000002037   4.1104254955173847E+06
    2500.0000000000000000   4.1748294323761137E+06
    2526.9989999999997963   4.2886233975390978E+06
    2527.0010000000002037   4.2886320568154231E+06
    2600.0000000000000000   4.5876826864369269E+06
    2631.9989999999997963   4.7096298576170020E+06
    2632.0010000000002037   4.7096387655701339E+06
    2700.0000000000000000   5.0059276155643919E+06
    2800.0000000000000000   5.4403254912216719E+06
    2871.9989999999997963   5.7814780693250522E+06
    2872.0010000000002037   5.7814882684382573E+06
    2900.0000000000000000   5.9278865357793486E+06
    3000.0000000000000000   6.4223182537593860E+06
    3100.0000000000000000   6.9618801287005600E+06
    3200.0000000000000000   7.5286909498934653E+06
    3300.0000000000000000   8.0957054443553984E+06
    3400.0000000000000000   8.7315555638554879E+06
    3500.0000000000000000   9.3959744783833921E+06
    3600.0000000000000000   1.0051089173079856E+07
    3700.0000000000000000   1.0775180024865616E+07
    3800.0000000000000000   1.1504512125373768E+07
    3900.0000000000000000   1.2286806923011277E+07
    4000.0000000000000000   1.3099992054017305E+07
    4100.0000000000000000   1.3984863932997191E+07
    4200.0000000000000000   1.4880954472014375E+07
    4300.0000000000000000   1.5816796399182890E+07
    4400.0000000000000000   1.6808464516668383E+07
    4500.0000000000000000   1.7821732812645864E+07
    4600.0000000000000000   1.8810014960338440E+07
    4700.0000000000000000   2.0002213972570077E+07
    4800.0000000000000000   2.1127922491138376E+07
    4900.0000000000000000   2.2227267034973677E+07
    5000.0000000000000000   2.3539456291602377E+07
    5100.0000000000000000   2.4797352769362248E+07
    5200.0000000000000000   2.6073744144486558E+07
    5300.0000000000000000   2.7485261875462238E+07
    5400.0000000000000000   2.8868551390676696E+07
    5500.0000000000000000   3.0315035637265380E+07
    5600.0000000000000000   3.1836073950185888E+07
    5700.0000000000000000   3.3374931986889496E+07
    5800.0000000000000000   3.5131983960870504E+07
    5900.0000000000000000   3.6722960477009423E+07
    6000.0000000000000000   3.8493685627587631E+07
    6100.0000000000000000   4.0220371733602628E+07
    6200.0000000000000000   4.2266511035948202E+07
    6300.0000000000000000   4.4078108490668103E+07
    6400.0000000000000000   4.6022689248375326E+07
    6500.0000000000000000   4.7975734342031881E+07
    6600.0000000000000000   5.0275002978186525E+07
    6700.0000000000000000   5.2261016745408006E+07
    6800.0000000000000000   5.4499046854720689E+07
    6900.0000000000000000   5.6795854359916687E+07
    7000.0000000000000000   5.9062177342229195E+07
    7100.0000000000000000   6.1712764895359918E+07
    7200.0000000000000000   6.3918390096979998E+07
    7300.0000000000000000   6.6604104952242099E+07
    7400.0000000000000000   6.9139837620607227E+07
    7500.0000000000000000   7.1734071720623821E+07
    7600.0000000000000000   7.4661466139958784E+07
    7700.0000000000000000   7.7518119184800506E+07
    7800.0000000000000000   8.0431974104207948E+07
    7900.0000000000000000   8.3739512307599217E+07
    8000.0000000000000000   8.6603174823232636E+07
    8100.0000000000000000   8.9623222095561981E+07
    8200.0000000000000000   9.2823126313500270E+07
    8300.0000000000000000   9.6354359676491931E+07
    8400.0000000000000000   9.9585837562658191E+07
    8500.0000000000000000   1.0339085723059943E+08
    8600.0000000000000000   1.0665386079640397E+08
    8700.0000000000000000   1.1022001550029874E+08
    8800.0000000000000000   1.1426532982799482E+08
    8900.0000000000000000   1.1789668923746251E+08
    9000.0000000000000000   1.2215598478897038E+08
    9100.0000000000000000   1.2594318467066260E+08
    9200.0000000000000000   1.3043986439670476E+08
    9300.0000000000000000   1.3438114645061341E+08
    9400.0000000000000000   1.3851890636165076E+08
    9500.0000000000000000   1.4323754244052190E+08
    9600.0000000000000000   1.4752411666790161E+08
    9700.0000000000000000   1.5197367896530479E+08
    9800.0000000000000000   1.5656560141988811E+08
    9900.0000000000000000   1.6159326678810215E+08
   10000.0000000000000000   1.6695454391998863E+08
   11000.0000000000000000   2.2010710055676764E+08
   12000.0000000000000000   2.8654284239474928E+08
   13000.0000000000000000   3.6198533902703267E+08
   14000.0000000000000000   4.5486679496999615E+08
   15000.0000000000000000   5.6228827398765969E+08
   16000.0000000000000000   6.9210861509018397E+08
   17000.0000000000000000   8.3670529645030546E+08
   18000.0000000000000000   1.0104297176921810E+09
   19000.0000000000000000   1.2108572350852809E+09
   20000.0000000000000000   1.4483104079411111E+09
   20005.9989999999997963   1.4499744491596518E+09
   20006.0010000000002037   1.4499750045701413E+09
   21000.0000000000000000   1.6979759434839950E+09
   22000.0000000000000000   1.9845617334958870E+09
   23000.0000000000000000   2.2740812868120923E+09
   24000.0000000000000000   2.5998419682261453E+09
   25000.0000000000000000   2.9654269966496639E+09
   26000.0000000000000000   3.3817855161197295E+09
   27000.0000000000000000   3.8399898282985916E+09
   28000.0000000000000000   4.3202936840016413E+09
   29000.0000000000000000   4.8718473407921352E+09
   30000.0000000000000000   5.4603605400867682E+09
   31000.0000000000000000   6.1056460020135994E+09
   32000.0000000000000000   6.8005234861170206E+09
   33000.0000000000000000   7.5622329620333719E+09
   34000.0000000000000000   8.3792618637216902E+09
   35000.0000000000000000   9.2999795381118202E+09
   36000.0000000000000000   1.0191234849769279E+10
   37000.0000000000000000   1.1238235703773550E+10
   38000.0000000000000000   1.2310541589673113E+10
   39000.0000000000000000   1.3479173457996933E+10
   40000.0000000000000000   1.4749580489017361E+10
   41000.0000000000000000   1.6057400180787092E+10
   42000.0000000000000000   1.7509594884616695E+10
   43000.0000000000000000   1.8962740809132797E+10
   44000.0000000000000000   2.0592052279724808E+10
   45000.0000000000000000   2.2333797240783234E+10
   46000.0000000000000000   2.4065921374405933E+10
   47000.0000000000000000   2.6004971433446800E+10
   48000.0000000000000000   2.7957985193296421E+10
   49000.0000000000000000   3.0114062918439819E+10
   50000.0000000000000000   3.2293827625437389E+10
