       0.1000000000000000   1.0000000000000000E+30
       0.2000000000000000   1.0000000000000000E+30
       0.3000000000000000   1.0000000000000000E+30
       0.4000000000000000   1.0000000000000000E+30
       0.5000000000000000   1.0000000000000000E+30
       0.6000000000000000   1.0000000000000000E+30
       0.7000000000000000   1.0000000000000000E+30
       0.7999999999999999   1.0000000000000000E+30
       0.8999999999999999   1.0000000000000000E+30
       0.9999999999999999   1.0000000000000000E+30
       2.0000000000000000   1.0000000000000000E+30
       3.0000000000000000   1.0000000000000000E+30
       4.0000000000000000   1.0000000000000000E+30
       5.0000000000000000   1.0000000000000000E+30
       6.0000000000000000   1.0000000000000000E+30
       7.0000000000000000   1.0000000000000000E+30
       8.0000000000000000   1.0000000000000000E+30
       9.0000000000000000   1.0000000000000000E+30
      10.0000000000000000   1.0000000000000000E+30
      11.0000000000000000   1.0000000000000000E+30
      12.0000000000000000   1.0000000000000000E+30
      13.0000000000000000   1.0000000000000000E+30
      14.0000000000000000   1.0000000000000000E+30
      15.0000000000000000   1.0000000000000000E+30
      16.0000000000000000   1.0000000000000000E+30
      17.0000000000000000   1.0000000000000000E+30
      18.0000000000000000   1.0000000000000000E+30
      19.0000000000000000   1.0000000000000000E+30
      20.0000000000000000   1.0000000000000000E+30
      21.0000000000000000   1.0000000000000000E+30
      22.0000000000000000   1.0000000000000000E+30
      23.0000000000000000   1.0000000000000000E+30
      24.0000000000000000   1.0000000000000000E+30
      25.0000000000000000   1.0000000000000000E+30
      26.0000000000000000   1.0000000000000000E+30
      27.0000000000000000   1.0000000000000000E+30
      28.0000000000000000   1.0000000000000000E+30
      29.0000000000000000   1.0000000000000000E+30
      30.0000000000000000   1.0000000000000000E+30
      31.0000000000000000   1.0000000000000000E+30
      32.0000000000000000   1.0000000000000000E+30
      33.0000000000000000   1.0000000000000000E+30
      34.0000000000000000   1.0000000000000000E+30
      35.0000000000000000   1.0000000000000000E+30
      36.0000000000000000   1.0000000000000000E+30
      37.0000000000000000   1.0000000000000000E+30
      38.0000000000000000   1.0000000000000000E+30
      39.0000000000000000   1.0000000000000000E+30
      40.0000000000000000   1.0000000000000000E+30
      41.0000000000000000   1.0000000000000000E+30
      41.9990000000000023   1.0000000000000000E+30
      42.0000000000000000   1.0000000000000000E+30
      42.0009999999999977   1.0000000000000000E+30
      43.0000000000000000   1.0000000000000000E+30
      44.0000000000000000   1.0000000000000000E+30
      44.9990000000000023   1.0000000000000000E+30
      45.0000000000000000   1.0000000000000000E+30
      45.0009999999999977   7.7862304525575819E+03
      46.0000000000000000   8.0318857003923285E+03
      47.0000000000000000   8.5232940135759200E+03
      48.0000000000000000   9.0772507213548270E+03
      49.0000000000000000   9.7132908603751112E+03
      50.0000000000000000   1.0442913790725135E+04
      51.0000000000000000   1.1207748503356841E+04
      52.0000000000000000   1.2045050965318198E+04
      53.0000000000000000   1.2979549617963798E+04
      54.0000000000000000   1.3958038622355474E+04
      55.0000000000000000   1.5062694017252008E+04
      56.0000000000000000   1.6223603824021124E+04
      57.0000000000000000   1.7441830580987342E+04
      58.0000000000000000   1.8812201053113869E+04
      59.0000000000000000   2.0150820900046274E+04
      60.0000000000000000   2.1631772297920408E+04
      61.0000000000000000   2.3232744868905222E+04
      62.0000000000000000   2.4936896992299051E+04
      63.0000000000000000   2.6759970588546879E+04
      64.0000000000000000   2.8629737085857363E+04
      65.0000000000000000   3.0491906168202579E+04
      66.0000000000000000   3.2558358417929117E+04
      67.0000000000000000   3.4723159139215066E+04
      67.9989999999999952   3.6934745997134982E+04
      68.0000000000000000   3.6937143145455848E+04
      68.0010000000000048   3.6939540604957569E+04
      69.0000000000000000   3.9229792425837142E+04
      70.0000000000000000   4.1618403011007817E+04
      71.0000000000000000   4.4372815853913227E+04
      72.0000000000000000   4.6723777502619319E+04
      73.0000000000000000   4.9303973702846342E+04
      74.0000000000000000   5.1786914809264934E+04
      75.0000000000000000   5.4457049584790060E+04
      76.0000000000000000   5.7498075138053930E+04
      77.0000000000000000   5.9962493750352660E+04
      78.0000000000000000   6.2725041214357698E+04
      79.0000000000000000   6.5344488384864904E+04
      80.0000000000000000   6.8131094982340655E+04
      81.0000000000000000   7.1208735003447087E+04
      82.0000000000000000   7.3712051175672939E+04
      83.0000000000000000   7.6515824846158954E+04
      84.0000000000000000   7.9712716334059121E+04
      85.0000000000000000   8.1923764168420093E+04
      86.0000000000000000   8.5098740859510057E+04
      87.0000000000000000   8.6976555548754026E+04
      88.0000000000000000   8.9989138150325030E+04
      89.0000000000000000   9.3217900468332227E+04
      90.0000000000000000   9.4489738215512087E+04
      91.0000000000000000   9.7399655823268258E+04
      92.0000000000000000   9.8900869688997569E+04
      93.0000000000000000   1.0151538144988500E+05
      94.0000000000000000   1.0427187950862208E+05
      95.0000000000000000   1.0531799352011854E+05
      96.0000000000000000   1.0773738621354854E+05
      97.0000000000000000   1.1027055034717298E+05
      98.0000000000000000   1.1103212569501376E+05
      99.0000000000000000   1.1318363488540617E+05
     100.0000000000000000   1.1433307989265159E+05
     103.9989999999999952   1.2051833564445435E+05
     104.0010000000000048   1.2052159648247861E+05
     110.0000000000000000   1.2845241297695391E+05
     120.0000000000000000   1.3693964808456198E+05
     130.0000000000000000   1.4104520263689058E+05
     140.0000000000000000   1.4451372834022235E+05
     150.0000000000000000   1.4771313317409094E+05
     153.9989999999999952   1.4909405703910068E+05
     154.0010000000000048   1.4909475413347781E+05
     160.0000000000000000   1.5121543954841886E+05
     167.9989999999999952   1.5344700102555926E+05
     168.0010000000000048   1.5344766445994281E+05
     169.9989999999999952   1.5411331335685059E+05
     170.0000000000000000   1.5411364796040545E+05
     170.0010000000000048   1.5411398256541332E+05
     180.0000000000000000   1.5799236789321646E+05
     190.0000000000000000   1.6185935403972742E+05
     200.0000000000000000   1.6646432353620676E+05
     210.0000000000000000   1.7134185532684933E+05
     220.0000000000000000   1.7637113548280852E+05
     230.0000000000000000   1.8201728210806171E+05
     231.9989999999999952   1.8315626326598605E+05
     232.0010000000000048   1.8315740995488863E+05
     233.9989999999999952   1.8431016921895058E+05
     234.0010000000000048   1.8431133040196207E+05
     236.9989999999999952   1.8625338277265101E+05
     237.0010000000000048   1.8625460369588362E+05
     240.0000000000000000   1.8810356441147160E+05
     250.0000000000000000   1.9390273009033778E+05
     260.0000000000000000   2.0062604151841471E+05
     270.0000000000000000   2.0696447952639585E+05
     280.0000000000000000   2.1406737680456720E+05
     290.0000000000000000   2.2164310206872385E+05
     300.0000000000000000   2.2826871295480774E+05
     310.0000000000000000   2.3609507630966965E+05
     320.0000000000000000   2.4340419664662160E+05
     330.0000000000000000   2.5154340816749865E+05
     340.0000000000000000   2.6005679257220446E+05
     350.0000000000000000   2.6926838208464399E+05
     360.0000000000000000   2.7683822738500719E+05
     370.0000000000000000   2.8587370450289297E+05
     380.0000000000000000   2.9574541696597298E+05
     390.0000000000000000   3.0398265087804938E+05
     398.9990000000000236   3.1302520555169892E+05
     399.0009999999999764   3.1302727502710611E+05
     400.0000000000000000   3.1406440975653823E+05
     410.0000000000000000   3.2350696920480125E+05
     415.9990000000000236   3.2994454664989386E+05
     416.0009999999999764   3.2994673558958079E+05
     420.0000000000000000   3.3438238942630362E+05
     430.0000000000000000   3.4283139383952110E+05
     440.0000000000000000   3.5370747982249956E+05
     450.0000000000000000   3.6365877443536796E+05
     460.0000000000000000   3.7517781367112673E+05
     470.0000000000000000   3.8745046433809609E+05
     480.0000000000000000   3.9593623049157538E+05
     490.0000000000000000   4.0804624798748625E+05
     500.0000000000000000   4.1887893706142483E+05
     510.0000000000000000   4.3165209145908593E+05
     510.9989999999999668   4.3297105865626998E+05
     511.0009999999999195   4.3297370731605060E+05
     520.0000000000000000   4.4170265396841121E+05
     530.0000000000000000   4.5441616935843072E+05
     540.0000000000000000   4.6663938063803391E+05
     550.0000000000000000   4.8023146625638724E+05
     560.0000000000000000   4.9141967848923412E+05
     570.0000000000000000   5.0521598980788869E+05
     580.0000000000000000   5.1980932329540717E+05
     590.0000000000000000   5.3015837310307240E+05
     600.0000000000000000   5.4347426780162414E+05
     610.0000000000000000   5.5799917487400246E+05
     620.0000000000000000   5.7332178751566412E+05
     630.0000000000000000   5.8520020785083121E+05
     640.0000000000000000   6.0064693334214215E+05
     650.0000000000000000   6.1263444387778745E+05
     660.0000000000000000   6.2787841587443871E+05
     670.0000000000000000   6.4246704739733622E+05
     680.0000000000000000   6.5850007646975433E+05
     690.0000000000000000   6.7308380131150957E+05
     700.0000000000000000   6.8952583111954015E+05
     710.0000000000000000   7.0372671107692062E+05
     720.0000000000000000   7.2043761350488185E+05
     730.0000000000000000   7.3796146450386941E+05
     740.0000000000000000   7.5146461323700706E+05
     750.0000000000000000   7.6892971426453011E+05
     760.0000000000000000   7.8496349916168919E+05
     770.0000000000000000   8.0317015324753104E+05
     780.0000000000000000   8.1901328542977478E+05
     790.0000000000000000   8.3742696656547079E+05
     800.0000000000000000   8.5668767198433762E+05
     810.0000000000000000   8.7139863192654715E+05
     820.0000000000000000   8.9067120504994725E+05
     830.0000000000000000   9.1081555546723388E+05
     840.0000000000000000   9.2474369197429006E+05
     850.0000000000000000   9.4449167618875415E+05
     860.0000000000000000   9.6242589776642446E+05
     870.0000000000000000   9.8284824513137538E+05
     880.0000000000000000   1.0007427840140127E+06
     890.0000000000000000   1.0213605961478738E+06
     900.0000000000000000   1.0428458368023485E+06
     910.0000000000000000   1.0596214525221107E+06
     920.0000000000000000   1.0811084198090052E+06
     930.0000000000000000   1.1034848475073481E+06
     940.0000000000000000   1.1195883952185807E+06
     950.0000000000000000   1.1415560626236605E+06
     960.0000000000000000   1.1644030472628113E+06
     970.0000000000000000   1.1837890771107273E+06
     980.0000000000000000   1.2071358982814178E+06
     990.0000000000000000   1.2265408480359025E+06
    1000.0000000000000000   1.2498690463417766E+06
    1100.0000000000000000   1.4823727836045364E+06
    1200.0000000000000000   1.7372110021563258E+06
    1300.0000000000000000   2.0199292706114745E+06
    1400.0000000000000000   2.3252162322952338E+06
    1500.0000000000000000   2.6600196329000224E+06
    1600.0000000000000000   3.0368929632129176E+06
    1700.0000000000000000   3.4277607770698532E+06
    1800.0000000000000000   3.8670076911643771E+06
    1843.9990000000000236   4.0592725068257069E+06
    1844.0009999999999764   4.0592827797247940E+06
    1900.0000000000000000   4.3149045738895591E+06
    2000.0000000000000000   4.8167014231259562E+06
    2100.0000000000000000   5.3301029312525056E+06
    2200.0000000000000000   5.9009627432035822E+06
    2300.0000000000000000   6.5188836332879905E+06
    2400.0000000000000000   7.1756604863627441E+06
    2475.9989999999997963   7.6746690146381110E+06
    2476.0010000000002037   7.6746837035689298E+06
    2500.0000000000000000   7.8550870897541670E+06
    2526.9989999999997963   8.0684550048863403E+06
    2527.0010000000002037   8.0684712398634786E+06
    2600.0000000000000000   8.6023664203403331E+06
    2631.9989999999997963   8.8051928468590025E+06
    2632.0010000000002037   8.8052087866870444E+06
    2700.0000000000000000   9.3826996314374469E+06
    2800.0000000000000000   1.0178265876659913E+07
    2871.9989999999997963   1.0812153375785736E+07
    2872.0010000000002037   1.0812172667358587E+07
    2900.0000000000000000   1.1031101342589425E+07
    3000.0000000000000000   1.1954461940938231E+07
    3100.0000000000000000   1.2956901713719312E+07
    3200.0000000000000000   1.3937816611184450E+07
    3300.0000000000000000   1.5028177366386844E+07
    3400.0000000000000000   1.6161741242054638E+07
    3500.0000000000000000   1.7280380055039495E+07
    3600.0000000000000000   1.8542934202114295E+07
    3700.0000000000000000   1.9852401893737897E+07
    3800.0000000000000000   2.1143063970390309E+07
    3900.0000000000000000   2.2560426429840755E+07
    4000.0000000000000000   2.4045696862224780E+07
    4100.0000000000000000   2.5615735482134443E+07
    4200.0000000000000000   2.7228318699320581E+07
    4300.0000000000000000   2.8808706635464687E+07
    4400.0000000000000000   3.0713021918913368E+07
    4500.0000000000000000   3.2352125124936689E+07
    4600.0000000000000000   3.4246150584813565E+07
    4700.0000000000000000   3.6180669148601599E+07
    4800.0000000000000000   3.8169016034684099E+07
    4900.0000000000000000   4.0314391183406822E+07
    5000.0000000000000000   4.2467661246330477E+07
    5100.0000000000000000   4.4943805898190916E+07
    5200.0000000000000000   4.7072007409472011E+07
    5300.0000000000000000   4.9673506352979191E+07
    5400.0000000000000000   5.2132358757735960E+07
    5500.0000000000000000   5.4623056685453519E+07
    5600.0000000000000000   5.7370581481464811E+07
    5700.0000000000000000   6.0063143920873791E+07
    5800.0000000000000000   6.2887617955268092E+07
    5900.0000000000000000   6.5841145720345899E+07
    6000.0000000000000000   6.9101517500208452E+07
    6100.0000000000000000   7.2141797470330402E+07
    6200.0000000000000000   7.5236211262486428E+07
    6300.0000000000000000   7.8616859459065914E+07
    6400.0000000000000000   8.2385561802503198E+07
    6500.0000000000000000   8.5739460478222057E+07
    6600.0000000000000000   8.9277785661628410E+07
    6700.0000000000000000   9.3013895885854989E+07
    6800.0000000000000000   9.7148553737838790E+07
    6900.0000000000000000   1.0094121955060202E+08
    7000.0000000000000000   1.0483182939922675E+08
    7100.0000000000000000   1.0929780188016424E+08
    7200.0000000000000000   1.1363368906701179E+08
    7300.0000000000000000   1.1806912553161478E+08
    7400.0000000000000000   1.2312998822244149E+08
    7500.0000000000000000   1.2748269033644088E+08
    7600.0000000000000000   1.3207081547599293E+08
    7700.0000000000000000   1.3694291646359950E+08
    7800.0000000000000000   1.4236264577608210E+08
    7900.0000000000000000   1.4727819701723263E+08
    8000.0000000000000000   1.5232175585014409E+08
    8100.0000000000000000   1.5808285660429397E+08
    8200.0000000000000000   1.6364033829898414E+08
    8300.0000000000000000   1.6932403594491670E+08
    8400.0000000000000000   1.7568988010635477E+08
    8500.0000000000000000   1.8125754545629176E+08
    8600.0000000000000000   1.8801750397312462E+08
    8700.0000000000000000   1.9383195914222828E+08
    8800.0000000000000000   2.0011693172635776E+08
    8900.0000000000000000   2.0720915709596866E+08
    9000.0000000000000000   2.1349445663251132E+08
    9100.0000000000000000   2.2103570955984795E+08
    9200.0000000000000000   2.2736244165915754E+08
    9300.0000000000000000   2.3435636149551216E+08
    9400.0000000000000000   2.4221110337031722E+08
    9500.0000000000000000   2.4939419905731583E+08
    9600.0000000000000000   2.5687872340404794E+08
    9700.0000000000000000   2.6514213649434161E+08
    9800.0000000000000000   2.7287337624892944E+08
    9900.0000000000000000   2.8085827394380581E+08
   10000.0000000000000000   2.8965098493764240E+08
   11000.0000000000000000   3.8119851989463001E+08
   12000.0000000000000000   4.9143488012678772E+08
   13000.0000000000000000   6.2080049930623209E+08
   14000.0000000000000000   7.7310712031005251E+08
   15000.0000000000000000   9.5197096567747498E+08
   16000.0000000000000000   1.1654686843515666E+09
   17000.0000000000000000   1.4080988516339903E+09
   18000.0000000000000000   1.6949062084752662E+09
   19000.0000000000000000   2.0326734855113938E+09
   20000.0000000000000000   2.4043039421533403E+09
   20005.9989999999997963   2.4068391537699881E+09
   20006.0010000000002037   2.4068399998729239E+09
   21000.0000000000000000   2.8074730461254206E+09
   22000.0000000000000000   3.2105870197444258E+09
   23000.0000000000000000   3.6764913875010161E+09
   24000.0000000000000000   4.2075504753734627E+09
   25000.0000000000000000   4.7844693343861065E+09
   26000.0000000000000000   5.4074468200401249E+09
   27000.0000000000000000   6.0994632602352438E+09
   28000.0000000000000000   6.8720577753117628E+09
   29000.0000000000000000   7.7120850166539803E+09
   30000.0000000000000000   8.6096265195192852E+09
   31000.0000000000000000   9.6182246394260406E+09
   32000.0000000000000000   1.0679145538010881E+10
   33000.0000000000000000   1.1834005890097980E+10
   34000.0000000000000000   1.3115897872809940E+10
   35000.0000000000000000   1.4434802805765120E+10
   36000.0000000000000000   1.5915869382787327E+10
   37000.0000000000000000   1.7455421385046001E+10
   38000.0000000000000000   1.9179383958543007E+10
   39000.0000000000000000   2.0896965195176498E+10
   40000.0000000000000000   2.2854211505610218E+10
   41000.0000000000000000   2.4845121190505928E+10
   42000.0000000000000000   2.6958990617753994E+10
   43000.0000000000000000   2.9284788136455891E+10
   44000.0000000000000000   3.1663046264362064E+10
   45000.0000000000000000   3.4253985315939793E+10
   46000.0000000000000000   3.7041989402941711E+10
   47000.0000000000000000   3.9844668319265427E+10
   48000.0000000000000000   4.2893310617911636E+10
   49000.0000000000000000   4.5983168126700020E+10
   50000.0000000000000000   4.9349494988406197E+10
