       0.1000000000000000   2.3799237714617304E+05
       0.2000000000000000   1.1927564076043598E+05
       0.3000000000000000   7.9660561180702862E+04
       0.4000000000000000   5.9836436910192460E+04
       0.5000000000000000   4.7933506242001306E+04
       0.6000000000000000   3.9993226853144202E+04
       0.7000000000000000   3.4318364834471075E+04
       0.7999999999999999   3.0059984022067336E+04
       0.8999999999999999   2.6746291300557692E+04
       0.9999999999999999   2.4094120710152154E+04
       2.0000000000000000   1.2139063886659147E+04
       3.0000000000000000   8.1410979632208546E+03
       4.0000000000000000   6.1372364502256505E+03
       5.0000000000000000   4.9324998650993739E+03
       6.0000000000000000   4.1279538798937920E+03
       7.0000000000000000   3.5524051978407715E+03
       8.0000000000000000   3.1201589075237484E+03
       9.0000000000000000   2.7835571133792755E+03
      10.0000000000000000   2.5139776129107627E+03
      11.0000000000000000   2.2931899790316475E+03
      12.0000000000000000   2.1090303821233510E+03
      13.0000000000000000   1.9530710244534523E+03
      14.0000000000000000   1.8192875137056378E+03
      15.0000000000000000   1.7032587883359167E+03
      16.0000000000000000   1.6016667741268991E+03
      17.0000000000000000   1.5119724481430198E+03
      18.0000000000000000   1.4321997636383151E+03
      19.0000000000000000   1.3607877315066060E+03
      20.0000000000000000   1.2964868246553497E+03
      21.0000000000000000   1.2382849449804462E+03
      22.0000000000000000   1.1853535554765713E+03
      23.0000000000000000   1.1370078465753293E+03
      24.0000000000000000   1.0926768474059754E+03
      25.0000000000000000   1.0518807006156153E+03
      26.0000000000000000   1.0142131738841255E+03
      27.0000000000000000   9.7932805224275376E+02
      28.0000000000000000   9.4692844197187196E+02
      29.0000000000000000   9.1675828412200633E+02
      30.0000000000000000   8.8859556277044771E+02
      31.0000000000000000   8.6224682566166598E+02
      32.0000000000000000   8.3754273066938379E+02
      33.0000000000000000   8.1433440061889564E+02
      34.0000000000000000   7.9249042032105888E+02
      35.0000000000000000   7.7189434755537161E+02
      36.0000000000000000   7.5244263816797491E+02
      37.0000000000000000   7.3404290705144456E+02
      38.0000000000000000   7.1661246323651346E+02
      39.0000000000000000   7.0007706996296804E+02
      40.0000000000000000   6.8436989037809224E+02
      41.0000000000000000   6.6943058727157370E+02
      41.9990000000000023   6.5521843780057782E+02
      42.0000000000000000   6.5520455115771836E+02
      42.0009999999999977   6.5519066517964905E+02
      43.0000000000000000   6.4164223589043672E+02
      44.0000000000000000   6.2869858467987740E+02
      44.9990000000000023   6.1634462282261927E+02
      45.0000000000000000   6.1633253252168561E+02
      45.0009999999999977   6.1632044276113754E+02
      46.0000000000000000   6.0450657338097812E+02
      47.0000000000000000   5.9318638253291783E+02
      48.0000000000000000   5.8234048601366862E+02
      49.0000000000000000   5.7193997047059031E+02
      50.0000000000000000   5.6195822776254704E+02
      51.0000000000000000   5.5237072953115148E+02
      52.0000000000000000   5.4315482775705561E+02
      53.0000000000000000   5.3428957782627811E+02
      54.0000000000000000   5.2575558122754501E+02
      55.0000000000000000   5.1753484536732969E+02
      56.0000000000000000   5.0961065837778716E+02
      57.0000000000000000   5.0196747706969398E+02
      58.0000000000000000   4.9459082646341261E+02
      59.0000000000000000   4.8746720950263648E+02
      60.0000000000000000   4.8058402578510260E+02
      61.0000000000000000   4.7392949826453247E+02
      62.0000000000000000   4.6749260703531064E+02
      63.0000000000000000   4.6126302940836592E+02
      64.0000000000000000   4.5523108558801709E+02
      65.0000000000000000   4.4938768936242400E+02
      66.0000000000000000   4.4372430325437290E+02
      67.0000000000000000   4.3823289768992873E+02
      67.9989999999999952   4.3291116101628933E+02
      68.0000000000000000   4.3290591375552589E+02
      68.0010000000000048   4.3290066665258502E+02
      69.0000000000000000   4.2773622918978168E+02
      70.0000000000000000   4.2271712727654824E+02
      71.0000000000000000   4.1784226837521362E+02
      72.0000000000000000   4.1310566380403327E+02
      73.0000000000000000   4.0850165187068563E+02
      74.0000000000000000   4.0402487584181205E+02
      75.0000000000000000   3.9967026367142336E+02
      76.0000000000000000   3.9543300932543156E+02
      77.0000000000000000   3.9130855555437677E+02
      78.0000000000000000   3.8729257799727020E+02
      79.0000000000000000   3.8338097048048763E+02
      80.0000000000000000   3.7956983142077900E+02
      81.0000000000000000   3.7585545123417143E+02
      82.0000000000000000   3.7223430066197341E+02
      83.0000000000000000   3.6870301994040460E+02
      84.0000000000000000   3.6525840873638896E+02
      85.0000000000000000   3.6189741680339307E+02
      86.0000000000000000   3.5861713527699413E+02
      87.0000000000000000   3.5541478857340309E+02
      88.0000000000000000   3.5228772683920874E+02
      89.0000000000000000   3.4923341890961120E+02
      90.0000000000000000   3.4624944572989426E+02
      91.0000000000000000   3.4333349421895775E+02
      92.0000000000000000   3.4048335152403627E+02
      93.0000000000000000   3.3769689964719311E+02
      94.0000000000000000   3.3497211041615083E+02
      95.0000000000000000   3.3230704076963286E+02
      96.0000000000000000   3.2969982833764874E+02
      97.0000000000000000   3.2714868729356130E+02
      98.0000000000000000   3.2465190446210465E+02
      99.0000000000000000   3.2220783565918339E+02
     100.0000000000000000   3.1981490225360221E+02
     103.9989999999999952   3.1072724904610214E+02
     104.0010000000000048   3.1072288763557958E+02
     110.0000000000000000   2.9839163696166372E+02
     120.0000000000000000   2.8072824048209509E+02
     130.0000000000000000   2.6595734801521235E+02
     140.0000000000000000   2.5345880579378422E+02
     150.0000000000000000   2.4277746185422131E+02
     153.9989999999999952   2.3893518055553949E+02
     154.0010000000000048   2.3893331468618010E+02
     160.0000000000000000   2.3357172281565084E+02
     167.9989999999999952   2.2709261269211947E+02
     168.0010000000000048   2.2709108044254680E+02
     169.9989999999999952   2.2558097563447339E+02
     170.0000000000000000   2.2558023001553372E+02
     170.0010000000000048   2.2557948440665720E+02
     180.0000000000000000   2.1859962088942743E+02
     190.0000000000000000   2.1246929879715523E+02
     200.0000000000000000   2.0706076271339262E+02
     210.0000000000000000   2.0226997955785041E+02
     220.0000000000000000   1.9801183278095198E+02
     230.0000000000000000   1.9421601642954911E+02
     231.9989999999999952   1.9350735061518262E+02
     232.0010000000000048   1.9350664951791029E+02
     233.9989999999999952   1.9281402712209689E+02
     234.0010000000000048   1.9281334152040304E+02
     236.9989999999999952   1.9180259770676258E+02
     237.0010000000000048   1.9180193460530194E+02
     240.0000000000000000   1.9082395383738711E+02
     250.0000000000000000   1.8778645454373986E+02
     260.0000000000000000   1.8506191102972861E+02
     270.0000000000000000   1.8261489555105547E+02
     280.0000000000000000   1.8041505720961865E+02
     290.0000000000000000   1.7843624690527648E+02
     300.0000000000000000   1.7665581707988488E+02
     310.0000000000000000   1.7505405684072849E+02
     320.0000000000000000   1.7361373289279342E+02
     330.0000000000000000   1.7231971386487371E+02
     340.0000000000000000   1.7115866088334963E+02
     350.0000000000000000   1.7011877115849830E+02
     360.0000000000000000   1.6918956428919114E+02
     370.0000000000000000   1.6836170321007651E+02
     380.0000000000000000   1.6762684340834815E+02
     390.0000000000000000   1.6697750533820280E+02
     398.9990000000000236   1.6646070553123846E+02
     399.0009999999999764   1.6646059742948577E+02
     400.0000000000000000   1.6640696597854318E+02
     410.0000000000000000   1.6590916626600668E+02
     415.9990000000000236   1.6564314428373044E+02
     416.0009999999999764   1.6564305950682910E+02
     420.0000000000000000   1.6547863176043046E+02
     430.0000000000000000   1.6511040438849980E+02
     440.0000000000000000   1.6479998350457234E+02
     450.0000000000000000   1.6454327481920745E+02
     460.0000000000000000   1.6433654599844684E+02
     470.0000000000000000   1.6417638794053104E+02
     480.0000000000000000   1.6405968090152555E+02
     490.0000000000000000   1.6398356477764250E+02
     500.0000000000000000   1.6394541296139295E+02
     510.0000000000000000   1.6394280928146074E+02
     510.9989999999999668   1.6394441503631518E+02
     511.0009999999999195   1.6394441858302847E+02
     520.0000000000000000   1.6397352761033187E+02
     530.0000000000000000   1.6403551378765599E+02
     540.0000000000000000   1.6412686955821599E+02
     550.0000000000000000   1.6424583826848763E+02
     560.0000000000000000   1.6439079210117552E+02
     570.0000000000000000   1.6456022065896798E+02
     580.0000000000000000   1.6475272073409147E+02
     590.0000000000000000   1.6496698712316837E+02
     600.0000000000000000   1.6520180436469914E+02
     610.0000000000000000   1.6545603929354044E+02
     620.0000000000000000   1.6572863431961483E+02
     630.0000000000000000   1.6601860135046451E+02
     640.0000000000000000   1.6632501628673393E+02
     650.0000000000000000   1.6664701402904248E+02
     660.0000000000000000   1.6698378394171630E+02
     670.0000000000000000   1.6733456572532648E+02
     680.0000000000000000   1.6769864565626179E+02
     690.0000000000000000   1.6807535315543544E+02
     700.0000000000000000   1.6846405765358026E+02
     710.0000000000000000   1.6886416572338624E+02
     720.0000000000000000   1.6927511845280443E+02
     730.0000000000000000   1.6969638903590780E+02
     740.0000000000000000   1.7012748056103530E+02
     750.0000000000000000   1.7056792397735396E+02
     760.0000000000000000   1.7101727622365777E+02
     770.0000000000000000   1.7147511850429592E+02
     780.0000000000000000   1.7194105469920447E+02
     790.0000000000000000   1.7241470989589220E+02
     800.0000000000000000   1.7289572903280938E+02
     810.0000000000000000   1.7338377564428654E+02
     820.0000000000000000   1.7387853069846688E+02
     830.0000000000000000   1.7437969152015944E+02
     840.0000000000000000   1.7488697079169179E+02
     850.0000000000000000   1.7540009562511469E+02
     860.0000000000000000   1.7591880670002746E+02
     870.0000000000000000   1.7644285746170428E+02
     880.0000000000000000   1.7697201337456650E+02
     890.0000000000000000   1.7750605122681665E+02
     900.0000000000000000   1.7804475848201534E+02
     910.0000000000000000   1.7858793267413779E+02
     920.0000000000000000   1.7913538084263251E+02
     930.0000000000000000   1.7968691900456867E+02
     940.0000000000000000   1.8024237166095958E+02
     950.0000000000000000   1.8080157133487282E+02
     960.0000000000000000   1.8136435813881107E+02
     970.0000000000000000   1.8193057936940926E+02
     980.0000000000000000   1.8250008912732829E+02
     990.0000000000000000   1.8307274796066258E+02
    1000.0000000000000000   1.8364842253009667E+02
    1100.0000000000000000   1.8954549235779515E+02
    1200.0000000000000000   1.9563278862124980E+02
    1300.0000000000000000   2.0184207695421398E+02
    1400.0000000000000000   2.0812704778845151E+02
    1500.0000000000000000   2.1445562326435305E+02
    1600.0000000000000000   2.2080522904704878E+02
    1700.0000000000000000   2.2715979010112454E+02
    1800.0000000000000000   2.3350776683249612E+02
    1843.9990000000000236   2.3629649183941086E+02
    1844.0009999999999764   2.3629661852756607E+02
    1900.0000000000000000   2.3984083946558681E+02
    2000.0000000000000000   2.4615300770330433E+02
    2100.0000000000000000   2.5243996298828876E+02
    2200.0000000000000000   2.5869864359273851E+02
    2300.0000000000000000   2.6492691469066705E+02
    2400.0000000000000000   2.7112333533715298E+02
    2475.9989999999997963   2.7581067107689330E+02
    2476.0010000000002037   2.7581079417789203E+02
    2500.0000000000000000   2.7728698680941028E+02
    2526.9989999999997963   2.7894541730368246E+02
    2527.0010000000002037   2.7894554006481701E+02
    2600.0000000000000000   2.8341734487357434E+02
    2631.9989999999997963   2.8537192315023259E+02
    2632.0010000000002037   2.8537204520781961E+02
    2700.0000000000000000   2.8951418388875203E+02
    2800.0000000000000000   2.9557750424781744E+02
    2871.9989999999997963   2.9992237060635165E+02
    2872.0010000000002037   2.9992249105953459E+02
    2900.0000000000000000   3.0160747709954364E+02
    3000.0000000000000000   3.0760440198698461E+02
    3100.0000000000000000   3.1356867422134525E+02
    3200.0000000000000000   3.1950075965007562E+02
    3300.0000000000000000   3.2540117508012963E+02
    3400.0000000000000000   3.3127047305350425E+02
    3500.0000000000000000   3.3710922999138324E+02
    3600.0000000000000000   3.4291803695876956E+02
    3700.0000000000000000   3.4869749247680357E+02
    3800.0000000000000000   3.5444819694155194E+02
    3900.0000000000000000   3.6017074830741979E+02
    4000.0000000000000000   3.6586573876892390E+02
    4100.0000000000000000   3.7153375223250339E+02
    4200.0000000000000000   3.7717536241451859E+02
    4300.0000000000000000   3.8279113143623692E+02
    4400.0000000000000000   3.8838160881337183E+02
    4500.0000000000000000   3.9394733075879765E+02
    4600.0000000000000000   3.9948881973355412E+02
    4700.0000000000000000   4.0500658419432801E+02
    4800.0000000000000000   4.1050111849586602E+02
    4900.0000000000000000   4.1597290291502998E+02
    5000.0000000000000000   4.2142240376966379E+02
    5100.0000000000000000   4.2685007361081227E+02
    5200.0000000000000000   4.3225635147090753E+02
    5300.0000000000000000   4.3764166315399683E+02
    5400.0000000000000000   4.4300642155678582E+02
    5500.0000000000000000   4.4835102701144183E+02
    5600.0000000000000000   4.5367586764298801E+02
    5700.0000000000000000   4.5898131973543366E+02
    5800.0000000000000000   4.6426774810207542E+02
    5900.0000000000000000   4.6953550645624159E+02
    6000.0000000000000000   4.7478493777968333E+02
    6100.0000000000000000   4.8001637468626660E+02
    6200.0000000000000000   4.8523013977930043E+02
    6300.0000000000000000   4.9042654600110490E+02
    6400.0000000000000000   4.9560589697389207E+02
    6500.0000000000000000   5.0076848733122029E+02
    6600.0000000000000000   5.0591460303954477E+02
    6700.0000000000000000   5.1104452170952078E+02
    6800.0000000000000000   5.1615851289696036E+02
    6900.0000000000000000   5.2125683839331577E+02
    7000.0000000000000000   5.2633975250581022E+02
    7100.0000000000000000   5.3140750232723565E+02
    7200.0000000000000000   5.3646032799568843E+02
    7300.0000000000000000   5.4149846294439021E+02
    7400.0000000000000000   5.4652213414185758E+02
    7500.0000000000000000   5.5153156232268395E+02
    7600.0000000000000000   5.5652696220924292E+02
    7700.0000000000000000   5.6150854272458525E+02
    7800.0000000000000000   5.6647650719685953E+02
    7900.0000000000000000   5.7143105355552439E+02
    8000.0000000000000000   5.7637237451970839E+02
    8100.0000000000000000   5.8130065777896084E+02
    8200.0000000000000000   5.8621608616678384E+02
    8300.0000000000000000   5.9111883782713892E+02
    8400.0000000000000000   5.9600908637425277E+02
    8500.0000000000000000   6.0088700104606403E+02
    8600.0000000000000000   6.0575274685144541E+02
    8700.0000000000000000   6.1060648471160903E+02
    8800.0000000000000000   6.1544837159583597E+02
    8900.0000000000000000   6.2027856065181629E+02
    9000.0000000000000000   6.2509720133086853E+02
    9100.0000000000000000   6.2990443950816302E+02
    9200.0000000000000000   6.3470041759826495E+02
    9300.0000000000000000   6.3948527466616952E+02
    9400.0000000000000000   6.4425914653397501E+02
    9500.0000000000000000   6.4902216588346994E+02
    9600.0000000000000000   6.5377446235474247E+02
    9700.0000000000000000   6.5851616264101972E+02
    9800.0000000000000000   6.6324739057987745E+02
    9900.0000000000000000   6.6796826724103448E+02
   10000.0000000000000000   6.7267891101078158E+02
   11000.0000000000000000   7.1924682009362073E+02
   12000.0000000000000000   7.6490452067159299E+02
   13000.0000000000000000   8.0973646770068126E+02
   14000.0000000000000000   8.5381258282031035E+02
   15000.0000000000000000   8.9719154389520907E+02
   16000.0000000000000000   9.3992318463274330E+02
   17000.0000000000000000   9.8205027846582345E+02
   18000.0000000000000000   1.0236098876308004E+03
   19000.0000000000000000   1.0646343993551750E+03
   20000.0000000000000000   1.1051523329582501E+03
   20005.9989999999997963   1.1053939239252397E+03
   20006.0010000000002037   1.1053940044660881E+03
   21000.0000000000000000   1.1451889765496519E+03
   22000.0000000000000000   1.1847668951358053E+03
   23000.0000000000000000   1.2239063403956577E+03
   24000.0000000000000000   1.2626255843522033E+03
   25000.0000000000000000   1.3009411934835337E+03
   26000.0000000000000000   1.3388682557432896E+03
   27000.0000000000000000   1.3764205699955116E+03
   28000.0000000000000000   1.4136108051887479E+03
   29000.0000000000000000   1.4504506349671437E+03
   30000.0000000000000000   1.4869508521947239E+03
   31000.0000000000000000   1.5231214669354717E+03
   32000.0000000000000000   1.5589717907195850E+03
   33000.0000000000000000   1.5945105093705833E+03
   34000.0000000000000000   1.6297457462367190E+03
   35000.0000000000000000   1.6646851173280422E+03
   36000.0000000000000000   1.6993357795928268E+03
   37000.0000000000000000   1.7337044733487035E+03
   38000.0000000000000000   1.7677975597132570E+03
   39000.0000000000000000   1.8016210537360712E+03
   40000.0000000000000000   1.8351806538229450E+03
   41000.0000000000000000   1.8684817679481293E+03
   42000.0000000000000000   1.9015295370729243E+03
   43000.0000000000000000   1.9343288561298250E+03
   44000.0000000000000000   1.9668843928728209E+03
   45000.0000000000000000   1.9992006048564419E+03
   46000.0000000000000000   2.0312817547654988E+03
   47000.0000000000000000   2.0631319242884415E+03
   48000.0000000000000000   2.0947550267009419E+03
   49000.0000000000000000   2.1261548183040286E+03
   50000.0000000000000000   2.1573349088425057E+03
