       0.1000000000000000   1.4872509000585351E+03
       0.2000000000000000   9.3662440155029230E+02
       0.3000000000000000   6.8076876311787078E+02
       0.4000000000000000   5.3849176700440796E+02
       0.5000000000000000   4.4610493914458999E+02
       0.6000000000000000   3.8156186365138484E+02
       0.7000000000000000   3.3401149773306145E+02
       0.7999999999999999   2.9755370992989202E+02
       0.8999999999999999   2.6879142473900686E+02
       0.9999999999999999   2.4545372688198256E+02
       2.0000000000000000   1.3700728418073771E+02
       3.0000000000000000   9.9098268896660954E+01
       4.0000000000000000   7.9472801994736116E+01
       5.0000000000000000   6.7305653465239985E+01
       6.0000000000000000   5.8928834850686513E+01
       7.0000000000000000   5.2754948533538389E+01
       8.0000000000000000   4.7979319395272462E+01
       9.0000000000000000   4.4149768258542601E+01
      10.0000000000000000   4.0991378320559036E+01
      11.0000000000000000   3.8327612212848109E+01
      12.0000000000000000   3.6039413511035100E+01
      13.0000000000000000   3.4043636506269756E+01
      14.0000000000000000   3.2279916108004983E+01
      15.0000000000000000   3.0703618992575379E+01
      16.0000000000000000   2.9281032809664254E+01
      17.0000000000000000   2.7985991404984070E+01
      18.0000000000000000   2.6798027457586926E+01
      19.0000000000000000   2.5700813594352759E+01
      20.0000000000000000   2.4681158304560601E+01
      21.0000000000000000   2.3728286760868837E+01
      22.0000000000000000   2.2833343819968260E+01
      23.0000000000000000   2.1988949817878861E+01
      24.0000000000000000   2.1188900880737123E+01
      25.0000000000000000   2.0427966127285551E+01
      26.0000000000000000   1.9701699575872169E+01
      27.0000000000000000   1.9006304957627780E+01
      28.0000000000000000   1.8338530866215258E+01
      29.0000000000000000   1.7695580988070311E+01
      30.0000000000000000   1.7075054654278478E+01
      31.0000000000000000   1.6474889970372022E+01
      32.0000000000000000   1.5893330290314440E+01
      33.0000000000000000   1.5328887171722018E+01
      34.0000000000000000   1.4780323178566146E+01
      35.0000000000000000   1.4246635384020252E+01
      36.0000000000000000   1.3727046797540339E+01
      37.0000000000000000   1.3221002243507932E+01
      38.0000000000000000   1.2728168153376668E+01
      39.0000000000000000   1.2248434327490031E+01
      40.0000000000000000   1.1781916271815280E+01
      41.0000000000000000   1.1328953511280245E+01
      41.9990000000000023   1.0890533762119642E+01
      42.0000000000000000   1.0890102002720480E+01
      42.0009999999999977   1.0889670450879619E+01
      43.0000000000000000   1.0462637241448016E+01
      44.0000000000000000   1.0048828238241510E+01
      44.9990000000000023   9.6514821028717055E+00
      45.0000000000000000   9.6510936714790958E+00
      45.0009999999999977   9.6507038898432196E+00
      46.0000000000000000   9.2699473322703341E+00
      47.0000000000000000   8.9071357939646010E+00
      48.0000000000000000   8.5641475480738958E+00
      49.0000000000000000   8.2418920924750640E+00
      50.0000000000000000   7.9408667920646909E+00
      51.0000000000000000   7.6611710379178648E+00
      52.0000000000000000   7.4025336355275630E+00
      53.0000000000000000   7.1643577304053281E+00
      54.0000000000000000   6.9457886133322582E+00
      55.0000000000000000   6.7457699793274406E+00
      56.0000000000000000   6.5631307050581205E+00
      57.0000000000000000   6.3966269775604365E+00
      58.0000000000000000   6.2449994861703342E+00
      59.0000000000000000   6.1070169806858647E+00
      60.0000000000000000   5.9814940419720504E+00
      61.0000000000000000   5.8673176183983635E+00
      62.0000000000000000   5.7634508347509907E+00
      63.0000000000000000   5.6689399635305708E+00
      64.0000000000000000   5.5829147524410070E+00
      65.0000000000000000   5.5045840032968014E+00
      66.0000000000000000   5.4332309554347704E+00
      67.0000000000000000   5.3682117249557271E+00
      67.9989999999999952   5.3090026969459254E+00
      68.0000000000000000   5.3089461706498726E+00
      68.0010000000000048   5.3088894812504233E+00
      69.0000000000000000   5.2548127347662765E+00
      70.0000000000000000   5.2053661731312246E+00
      71.0000000000000000   5.1602120046109965E+00
      72.0000000000000000   5.1189829373078473E+00
      73.0000000000000000   5.0813436654608939E+00
      74.0000000000000000   5.0469918302641990E+00
      75.0000000000000000   5.0156539927245891E+00
      76.0000000000000000   4.9870826107571258E+00
      77.0000000000000000   4.9610549356962457E+00
      78.0000000000000000   4.9373677549426294E+00
      79.0000000000000000   4.9158381328254626E+00
      80.0000000000000000   4.8963004541400750E+00
      81.0000000000000000   4.8786024012590143E+00
      82.0000000000000000   4.8626076326541936E+00
      83.0000000000000000   4.8481908754019285E+00
      84.0000000000000000   4.8352379753162387E+00
      85.0000000000000000   4.8236447059534324E+00
      86.0000000000000000   4.8133160789434468E+00
      87.0000000000000000   4.8041649372448623E+00
      88.0000000000000000   4.7961116149209531E+00
      89.0000000000000000   4.7890829586186330E+00
      90.0000000000000000   4.7830113212573213E+00
      91.0000000000000000   4.7778352588209652E+00
      92.0000000000000000   4.7734976614931277E+00
      93.0000000000000000   4.7699462875035978E+00
      94.0000000000000000   4.7671327325589301E+00
      95.0000000000000000   4.7650122584460508E+00
      96.0000000000000000   4.7635435544779963E+00
      97.0000000000000000   4.7626886160771518E+00
      98.0000000000000000   4.7624120550107145E+00
      99.0000000000000000   4.7626812849638904E+00
     100.0000000000000000   4.7634654001492081E+00
     103.9989999999999952   4.7712169392142485E+00
     104.0010000000000048   4.7712225036438065E+00
     110.0000000000000000   4.7934049738869655E+00
     120.0000000000000000   4.8509523390951115E+00
     130.0000000000000000   4.9263426124321903E+00
     140.0000000000000000   5.0138804733464726E+00
     150.0000000000000000   5.1042586477769056E+00
     153.9989999999999952   5.1487129813413395E+00
     154.0010000000000048   5.1487412872437845E+00
     160.0000000000000000   5.2100295680497606E+00
     167.9989999999999952   5.2949683579635423E+00
     168.0010000000000048   5.2949962540916600E+00
     169.9989999999999952   5.3176567374214043E+00
     170.0000000000000000   5.3176706452454319E+00
     170.0010000000000048   5.3176845399061543E+00
     180.0000000000000000   5.4264648265386910E+00
     190.0000000000000000   5.5405331166965048E+00
     200.0000000000000000   5.6548023917285137E+00
     210.0000000000000000   5.7692211848241426E+00
     220.0000000000000000   5.8837392602961431E+00
     230.0000000000000000   5.9983154923615745E+00
     231.9989999999999952   6.0244600650287037E+00
     232.0010000000000048   6.0244862111359812E+00
     233.9989999999999952   6.0473316322289623E+00
     234.0010000000000048   6.0473577079650020E+00
     236.9989999999999952   6.0800263142937006E+00
     237.0010000000000048   6.0800523078951327E+00
     240.0000000000000000   6.1158217831908193E+00
     250.0000000000000000   6.2324879740951937E+00
     260.0000000000000000   6.3484663078570041E+00
     270.0000000000000000   6.4638111644946452E+00
     280.0000000000000000   6.5811070890847239E+00
     290.0000000000000000   6.6951578275087522E+00
     300.0000000000000000   6.8110146616497795E+00
     310.0000000000000000   6.9238912787153755E+00
     320.0000000000000000   7.0384395621922549E+00
     330.0000000000000000   7.1523420499903043E+00
     340.0000000000000000   7.2656292583219502E+00
     350.0000000000000000   7.3783306960211936E+00
     360.0000000000000000   7.4904744488280208E+00
     370.0000000000000000   7.6039531005786021E+00
     380.0000000000000000   7.7150036810153892E+00
     390.0000000000000000   7.8255770631821377E+00
     398.9990000000000236   7.9258975274969554E+00
     399.0009999999999764   7.9259205479468120E+00
     400.0000000000000000   7.9374138360884485E+00
     410.0000000000000000   8.0470084235251367E+00
     415.9990000000000236   8.1138615977606836E+00
     416.0009999999999764   8.1138844052748826E+00
     420.0000000000000000   8.1577912137160506E+00
     430.0000000000000000   8.2680601600448025E+00
     440.0000000000000000   8.3762736169499039E+00
     450.0000000000000000   8.4856327541224150E+00
     460.0000000000000000   8.5945571535702925E+00
     470.0000000000000000   8.7030677779987329E+00
     480.0000000000000000   8.8111847836050288E+00
     490.0000000000000000   8.9175105224038731E+00
     500.0000000000000000   9.0249216268581360E+00
     510.0000000000000000   9.1319919630095931E+00
     510.9989999999999668   9.1429411797838007E+00
     511.0009999999999195   9.1429630988329418E+00
     520.0000000000000000   9.2387281738451001E+00
     530.0000000000000000   9.3464608672432163E+00
     540.0000000000000000   9.4525489624054533E+00
     550.0000000000000000   9.5583475665131061E+00
     560.0000000000000000   9.6638691405502275E+00
     570.0000000000000000   9.7691254836925729E+00
     580.0000000000000000   9.8753466131699117E+00
     590.0000000000000000   9.9791415996664945E+00
     600.0000000000000000   1.0084401420868154E+01
     610.0000000000000000   1.0188111164189753E+01
     620.0000000000000000   1.0293838660883754E+01
     630.0000000000000000   1.0396746813135188E+01
     640.0000000000000000   1.0502392313409608E+01
     650.0000000000000000   1.0604826466581310E+01
     660.0000000000000000   1.0709941637083974E+01
     670.0000000000000000   1.0811935291066014E+01
     680.0000000000000000   1.0916555535114616E+01
     690.0000000000000000   1.1018718244504543E+01
     700.0000000000000000   1.1122294560596913E+01
     710.0000000000000000   1.1225177943741958E+01
     720.0000000000000000   1.1327771908422468E+01
     730.0000000000000000   1.1429694139063644E+01
     740.0000000000000000   1.1532982482412917E+01
     750.0000000000000000   1.1636065838073582E+01
     760.0000000000000000   1.1736890186934724E+01
     770.0000000000000000   1.1839052329586089E+01
     780.0000000000000000   1.1941558779914439E+01
     790.0000000000000000   1.2042915675511519E+01
     800.0000000000000000   1.2144031253545862E+01
     810.0000000000000000   1.2245485753366300E+01
     820.0000000000000000   1.2347276483458256E+01
     830.0000000000000000   1.2447972066781034E+01
     840.0000000000000000   1.2549430850971428E+01
     850.0000000000000000   1.2650723500126800E+01
     860.0000000000000000   1.2750881763047971E+01
     870.0000000000000000   1.2851448219244803E+01
     880.0000000000000000   1.2952302671036806E+01
     890.0000000000000000   1.3051652410542104E+01
     900.0000000000000000   1.3152205927964724E+01
     910.0000000000000000   1.3252605144892716E+01
     920.0000000000000000   1.3352852777912515E+01
     930.0000000000000000   1.3452952106932035E+01
     940.0000000000000000   1.3552906372431220E+01
     950.0000000000000000   1.3652719155609699E+01
     960.0000000000000000   1.3752393585749177E+01
     970.0000000000000000   1.3851932131757241E+01
     980.0000000000000000   1.3951336768492313E+01
     990.0000000000000000   1.4050609551506913E+01
    1000.0000000000000000   1.4149752519147526E+01
    1100.0000000000000000   1.5136136477761978E+01
    1200.0000000000000000   1.6112837544566691E+01
    1300.0000000000000000   1.7081212515483461E+01
    1400.0000000000000000   1.8041573361280591E+01
    1500.0000000000000000   1.8995965643304899E+01
    1600.0000000000000000   1.9940933729168691E+01
    1700.0000000000000000   2.0881345436617629E+01
    1800.0000000000000000   2.1815076957106218E+01
    1843.9990000000000236   2.2223781305609744E+01
    1844.0009999999999764   2.2223800183655005E+01
    1900.0000000000000000   2.2742468183182410E+01
    2000.0000000000000000   2.3664352141448923E+01
    2100.0000000000000000   2.4582615987486509E+01
    2200.0000000000000000   2.5494747064590058E+01
    2300.0000000000000000   2.6402220717647374E+01
    2400.0000000000000000   2.7305112869837039E+01
    2475.9989999999997963   2.7988426771484093E+01
    2476.0010000000002037   2.7988444950563945E+01
    2500.0000000000000000   2.8203472839990791E+01
    2526.9989999999997963   2.8445439435183868E+01
    2527.0010000000002037   2.8445457601330592E+01
    2600.0000000000000000   2.9097710881337790E+01
    2631.9989999999997963   2.9383392695308967E+01
    2632.0010000000002037   2.9383410864122389E+01
    2700.0000000000000000   2.9987428497906972E+01
    2800.0000000000000000   3.0873214056384768E+01
    2871.9989999999997963   3.1509595942884740E+01
    2872.0010000000002037   3.1509613922122519E+01
    2900.0000000000000000   3.1756226867702757E+01
    3000.0000000000000000   3.2635226094740730E+01
    3100.0000000000000000   3.3510601586496030E+01
    3200.0000000000000000   3.4382281533165958E+01
    3300.0000000000000000   3.5251662089499071E+01
    3400.0000000000000000   3.6116505016887530E+01
    3500.0000000000000000   3.6977905561980933E+01
    3600.0000000000000000   3.7837154907142384E+01
    3700.0000000000000000   3.8694427172196320E+01
    3800.0000000000000000   3.9546915424140479E+01
    3900.0000000000000000   4.0398611526028574E+01
    4000.0000000000000000   4.1245808982654204E+01
    4100.0000000000000000   4.2091701925277967E+01
    4200.0000000000000000   4.2935019290626649E+01
    4300.0000000000000000   4.3775380822089467E+01
    4400.0000000000000000   4.4613722532964701E+01
    4500.0000000000000000   4.5448939006643805E+01
    4600.0000000000000000   4.6282213622000789E+01
    4700.0000000000000000   4.7112977919899286E+01
    4800.0000000000000000   4.7942489346402660E+01
    4900.0000000000000000   4.8769994678498840E+01
    5000.0000000000000000   4.9594838470503717E+01
    5100.0000000000000000   5.0417359202197446E+01
    5200.0000000000000000   5.1238310932183225E+01
    5300.0000000000000000   5.2057079980427581E+01
    5400.0000000000000000   5.2874207925949904E+01
    5500.0000000000000000   5.3689655188901796E+01
    5600.0000000000000000   5.4503014491512594E+01
    5700.0000000000000000   5.5314624058806537E+01
    5800.0000000000000000   5.6125276747397535E+01
    5900.0000000000000000   5.6932133744564183E+01
    6000.0000000000000000   5.7740286608518758E+01
    6100.0000000000000000   5.8545278226254915E+01
    6200.0000000000000000   5.9347756256775675E+01
    6300.0000000000000000   6.0149604229155152E+01
    6400.0000000000000000   6.0950826555363982E+01
    6500.0000000000000000   6.1749355572386513E+01
    6600.0000000000000000   6.2548360180322796E+01
    6700.0000000000000000   6.3343002019165361E+01
    6800.0000000000000000   6.4138603334540278E+01
    6900.0000000000000000   6.4930598803755871E+01
    7000.0000000000000000   6.5723262312341234E+01
    7100.0000000000000000   6.6513318756966996E+01
    7200.0000000000000000   6.7301925433753127E+01
    7300.0000000000000000   6.8089920541386974E+01
    7400.0000000000000000   6.8876791190150243E+01
    7500.0000000000000000   6.9662439236525202E+01
    7600.0000000000000000   7.0446437298725584E+01
    7700.0000000000000000   7.1230094724584404E+01
    7800.0000000000000000   7.2010859653030451E+01
    7900.0000000000000000   7.2791489390124127E+01
    8000.0000000000000000   7.3572439382969648E+01
    8100.0000000000000000   7.4347904604533866E+01
    8200.0000000000000000   7.5126252567523707E+01
    8300.0000000000000000   7.5902342881481729E+01
    8400.0000000000000000   7.6678450507328506E+01
    8500.0000000000000000   7.7453547138197465E+01
    8600.0000000000000000   7.8225048650614013E+01
    8700.0000000000000000   7.8996473722859150E+01
    8800.0000000000000000   7.9767610007691928E+01
    8900.0000000000000000   8.0535234592962624E+01
    9000.0000000000000000   8.1305612057169597E+01
    9100.0000000000000000   8.2073729292847929E+01
    9200.0000000000000000   8.2841913728876307E+01
    9300.0000000000000000   8.3607551237990208E+01
    9400.0000000000000000   8.4371086274119008E+01
    9500.0000000000000000   8.5136123175793685E+01
    9600.0000000000000000   8.5899728684539056E+01
    9700.0000000000000000   8.6662008771363091E+01
    9800.0000000000000000   8.7422976884266333E+01
    9900.0000000000000000   8.8183284601010840E+01
   10000.0000000000000000   8.8942842796677766E+01
   11000.0000000000000000   9.6493366052910943E+01
   12000.0000000000000000   1.0396540766326333E+02
   13000.0000000000000000   1.1136854337375459E+02
   14000.0000000000000000   1.1870973933392943E+02
   15000.0000000000000000   1.2599166264827412E+02
   16000.0000000000000000   1.3322246428969655E+02
   17000.0000000000000000   1.4040193093120314E+02
   18000.0000000000000000   1.4753587688385272E+02
   19000.0000000000000000   1.5463139264171824E+02
   20000.0000000000000000   1.6168367405372055E+02
   20005.9989999999997963   1.6172642021999542E+02
   20006.0010000000002037   1.6172643445431743E+02
   21000.0000000000000000   1.6869719229091078E+02
   22000.0000000000000000   1.7567941484640616E+02
   23000.0000000000000000   1.8262153341945935E+02
   24000.0000000000000000   1.8953836623606372E+02
   25000.0000000000000000   1.9642064076824605E+02
   26000.0000000000000000   2.0327698712004667E+02
   27000.0000000000000000   2.1010671110361645E+02
   28000.0000000000000000   2.1690066838337648E+02
   29000.0000000000000000   2.2368030025463352E+02
   30000.0000000000000000   2.3043255051887340E+02
   31000.0000000000000000   2.3716841635503312E+02
   32000.0000000000000000   2.4386881800362852E+02
   33000.0000000000000000   2.5054319778634863E+02
   34000.0000000000000000   2.5720643734117891E+02
   35000.0000000000000000   2.6385767352965394E+02
   36000.0000000000000000   2.7048192620711643E+02
   37000.0000000000000000   2.7709599193906541E+02
   38000.0000000000000000   2.8369160242273682E+02
   39000.0000000000000000   2.9024877761467826E+02
   40000.0000000000000000   2.9682251394717707E+02
   41000.0000000000000000   3.0334729322354104E+02
   42000.0000000000000000   3.0987733459847465E+02
   43000.0000000000000000   3.1636840774642548E+02
   44000.0000000000000000   3.2287722960262226E+02
   45000.0000000000000000   3.2935675879190546E+02
   46000.0000000000000000   3.3580313587600722E+02
   47000.0000000000000000   3.4224162427419060E+02
   48000.0000000000000000   3.4869128636002682E+02
   49000.0000000000000000   3.5511497037503159E+02
   50000.0000000000000000   3.6153429920875180E+02
