       0.1000000000000000   1.0000000000000000E+30
       0.2000000000000000   1.0000000000000000E+30
       0.3000000000000000   1.0000000000000000E+30
       0.4000000000000000   1.0000000000000000E+30
       0.5000000000000000   1.0000000000000000E+30
       0.6000000000000000   1.0000000000000000E+30
       0.7000000000000000   1.0000000000000000E+30
       0.7999999999999999   1.0000000000000000E+30
       0.8999999999999999   1.0000000000000000E+30
       0.9999999999999999   1.0000000000000000E+30
       2.0000000000000000   1.0000000000000000E+30
       3.0000000000000000   1.0000000000000000E+30
       4.0000000000000000   1.0000000000000000E+30
       5.0000000000000000   1.0000000000000000E+30
       6.0000000000000000   1.0000000000000000E+30
       7.0000000000000000   1.0000000000000000E+30
       8.0000000000000000   1.0000000000000000E+30
       9.0000000000000000   1.0059788908134725E+02
      10.0000000000000000   1.3493555185878344E+02
      11.0000000000000000   7.7096619408797352E+01
      12.0000000000000000   8.9001014062393963E+01
      13.0000000000000000   1.0551574299248502E+02
      14.0000000000000000   1.2912567847813077E+02
      15.0000000000000000   1.5995834232106466E+02
      16.0000000000000000   1.9764092381655192E+02
      17.0000000000000000   2.4016990736173616E+02
      18.0000000000000000   2.8346030710112223E+02
      19.0000000000000000   3.2489698512695617E+02
      20.0000000000000000   3.6264343034881949E+02
      21.0000000000000000   3.9395811448831182E+02
      22.0000000000000000   4.2075203790584931E+02
      23.0000000000000000   4.4312735388476347E+02
      24.0000000000000000   4.6478248642762696E+02
      25.0000000000000000   4.8454452688928535E+02
      26.0000000000000000   5.0469817187498677E+02
      27.0000000000000000   5.2712042850605246E+02
      28.0000000000000000   5.5034107917360609E+02
      29.0000000000000000   5.7527562378557559E+02
      30.0000000000000000   6.0284849849136492E+02
      31.0000000000000000   6.3316095953477395E+02
      32.0000000000000000   6.6599603409560700E+02
      33.0000000000000000   6.9886230875744116E+02
      34.0000000000000000   7.3488741766866644E+02
      35.0000000000000000   7.7284055369361749E+02
      36.0000000000000000   8.1283869700911055E+02
      37.0000000000000000   8.5470145951248014E+02
      38.0000000000000000   8.9726421055432434E+02
      39.0000000000000000   9.4124201640576848E+02
      40.0000000000000000   9.8725433850609636E+02
      41.0000000000000000   1.0342050722365104E+03
      41.9990000000000023   1.0820053134819443E+03
      42.0000000000000000   1.0820548151448133E+03
      42.0009999999999977   8.3456546471180582E+02
      43.0000000000000000   8.7294686404842264E+02
      44.0000000000000000   9.1264049479372954E+02
      44.9990000000000023   9.5788396265483175E+02
      45.0000000000000000   9.5792980363629988E+02
      45.0009999999999977   8.5302417217296397E+02
      46.0000000000000000   8.9381715699367203E+02
      47.0000000000000000   9.3839565748819723E+02
      48.0000000000000000   9.8383412026738688E+02
      49.0000000000000000   1.0317449788711328E+03
      50.0000000000000000   1.0814565650339466E+03
      51.0000000000000000   1.1326976199867202E+03
      52.0000000000000000   1.1836854268471850E+03
      53.0000000000000000   1.2355326267252988E+03
      54.0000000000000000   1.2897587911565158E+03
      55.0000000000000000   1.3445214616802989E+03
      56.0000000000000000   1.4002908729037392E+03
      57.0000000000000000   1.4547930506954808E+03
      58.0000000000000000   1.5093420666884267E+03
      59.0000000000000000   1.5657582214857844E+03
      60.0000000000000000   1.6229765235973402E+03
      61.0000000000000000   1.6778787909841212E+03
      62.0000000000000000   1.7334582559413423E+03
      63.0000000000000000   1.7903378945149229E+03
      64.0000000000000000   1.8459753802747250E+03
      65.0000000000000000   1.9025286455728774E+03
      66.0000000000000000   1.9586951537753025E+03
      67.0000000000000000   2.0128871130098612E+03
      67.9989999999999952   2.0664538213768788E+03
      68.0000000000000000   2.0665097310399233E+03
      68.0010000000000048   2.0232257177022977E+03
      69.0000000000000000   2.0758819170854745E+03
      70.0000000000000000   2.1261515161760981E+03
      71.0000000000000000   2.1774953885941968E+03
      72.0000000000000000   2.2285488193532415E+03
      73.0000000000000000   2.2796298465632776E+03
      74.0000000000000000   2.3249137627271243E+03
      75.0000000000000000   2.3733572019862945E+03
      76.0000000000000000   2.4226948053159081E+03
      77.0000000000000000   2.4707525826784058E+03
      78.0000000000000000   2.5194432366913443E+03
      79.0000000000000000   2.5652765142068720E+03
      80.0000000000000000   2.6111207617407722E+03
      81.0000000000000000   2.6599783688105108E+03
      82.0000000000000000   2.7027739645986376E+03
      83.0000000000000000   2.7486969731715903E+03
      84.0000000000000000   2.7968684031648631E+03
      85.0000000000000000   2.8407879783154940E+03
      86.0000000000000000   2.8891529851029995E+03
      87.0000000000000000   2.9304230921195754E+03
      88.0000000000000000   2.9735476884280847E+03
      89.0000000000000000   3.0223502766985298E+03
      90.0000000000000000   3.0649939396066097E+03
      91.0000000000000000   3.1092929099894550E+03
      92.0000000000000000   3.1539937384974760E+03
      93.0000000000000000   3.1911684678596062E+03
      94.0000000000000000   3.2336285143493469E+03
      95.0000000000000000   3.2787840896073571E+03
      96.0000000000000000   3.3197304693407709E+03
      97.0000000000000000   3.3647791555900912E+03
      98.0000000000000000   3.4094834482275060E+03
      99.0000000000000000   3.4483213229239627E+03
     100.0000000000000000   3.4877583475612605E+03
     103.9989999999999952   3.6601461208342862E+03
     104.0010000000000048   1.9753242872759861E+03
     110.0000000000000000   5.8372491866996415E+02
     120.0000000000000000   3.9308006746556339E+02
     130.0000000000000000   3.9857658496277770E+02
     140.0000000000000000   4.1969335103313045E+02
     150.0000000000000000   4.4319161653282941E+02
     153.9989999999999952   4.5497623224168495E+02
     154.0010000000000048   4.1478759500384820E+02
     160.0000000000000000   4.3456775317373894E+02
     167.9989999999999952   4.6671970549514111E+02
     168.0010000000000048   4.5845650706120296E+02
     169.9989999999999952   4.5690016483909073E+02
     170.0000000000000000   4.5689788566707381E+02
     170.0010000000000048   4.5200202355145609E+02
     180.0000000000000000   3.9390744442449068E+02
     190.0000000000000000   4.2944348050013735E+02
     200.0000000000000000   4.6854029309027959E+02
     210.0000000000000000   5.1269361619824599E+02
     220.0000000000000000   5.6166143643160785E+02
     230.0000000000000000   6.1230503285446514E+02
     231.9989999999999952   6.2389576785340228E+02
     232.0010000000000048   6.0650874681759399E+02
     233.9989999999999952   6.1731995782034005E+02
     234.0010000000000048   6.1389948998303669E+02
     236.9989999999999952   6.3101090964448952E+02
     237.0010000000000048   6.2848437557784439E+02
     240.0000000000000000   6.4484381210811273E+02
     250.0000000000000000   6.8690787156617978E+02
     260.0000000000000000   7.0562426509841350E+02
     270.0000000000000000   7.1606544898290599E+02
     280.0000000000000000   7.3436547618213012E+02
     290.0000000000000000   7.6242498612663405E+02
     300.0000000000000000   7.9962207672834529E+02
     310.0000000000000000   8.4478091645693087E+02
     320.0000000000000000   8.8919929300181900E+02
     330.0000000000000000   9.3886049072272635E+02
     340.0000000000000000   9.9276493646453798E+02
     350.0000000000000000   1.0488581183918070E+03
     360.0000000000000000   1.1061336176445207E+03
     370.0000000000000000   1.1672161826812624E+03
     380.0000000000000000   1.2316341510711943E+03
     390.0000000000000000   1.2982417522899650E+03
     398.9990000000000236   1.3614931469453579E+03
     399.0009999999999764   1.3161594006600808E+03
     400.0000000000000000   1.3225649433450421E+03
     410.0000000000000000   1.3872831711167851E+03
     415.9990000000000236   1.4290764404342647E+03
     416.0009999999999764   1.4077323917685574E+03
     420.0000000000000000   1.4325125037987075E+03
     430.0000000000000000   1.5002770365092606E+03
     440.0000000000000000   1.5740437164201153E+03
     450.0000000000000000   1.6470784556055557E+03
     460.0000000000000000   1.7255122604176963E+03
     470.0000000000000000   1.8089060857397130E+03
     480.0000000000000000   1.8896740509975077E+03
     490.0000000000000000   1.9772407774283276E+03
     500.0000000000000000   2.0663805860186108E+03
     510.0000000000000000   2.1542560747820930E+03
     510.9989999999999668   2.1640076692177513E+03
     511.0009999999999195   2.1241169765654113E+03
     520.0000000000000000   2.2083591871708136E+03
     530.0000000000000000   2.3010995736606305E+03
     540.0000000000000000   2.3967388516396381E+03
     550.0000000000000000   2.4963576882052330E+03
     560.0000000000000000   2.5982936291053056E+03
     570.0000000000000000   2.7012750182744849E+03
     580.0000000000000000   2.8095448197008459E+03
     590.0000000000000000   2.9189564027636507E+03
     600.0000000000000000   3.0341094378276580E+03
     610.0000000000000000   3.1485308225575995E+03
     620.0000000000000000   3.2677993142698051E+03
     630.0000000000000000   3.3866708923202623E+03
     640.0000000000000000   3.5077861709727499E+03
     650.0000000000000000   3.6398063914588515E+03
     660.0000000000000000   3.7655608421651436E+03
     670.0000000000000000   3.9049592055902826E+03
     680.0000000000000000   4.0374179175647323E+03
     690.0000000000000000   4.1770826230212933E+03
     700.0000000000000000   4.3182930508548106E+03
     710.0000000000000000   4.4628215604830402E+03
     720.0000000000000000   4.6071710154841503E+03
     730.0000000000000000   4.7623284153653503E+03
     740.0000000000000000   4.9154767133178848E+03
     750.0000000000000000   5.0705381862008499E+03
     760.0000000000000000   5.2354937649635076E+03
     770.0000000000000000   5.3963592665171891E+03
     780.0000000000000000   5.5750465719516860E+03
     790.0000000000000000   5.7372840678319044E+03
     800.0000000000000000   5.9132241808766503E+03
     810.0000000000000000   6.0895140466590083E+03
     820.0000000000000000   6.2699136832854447E+03
     830.0000000000000000   6.4556480609978371E+03
     840.0000000000000000   6.6406898344968349E+03
     850.0000000000000000   6.8323930434968561E+03
     860.0000000000000000   7.0284186528548125E+03
     870.0000000000000000   7.2288995639297618E+03
     880.0000000000000000   7.4311768467169522E+03
     890.0000000000000000   7.6249245365918832E+03
     900.0000000000000000   7.8387019714738799E+03
     910.0000000000000000   8.0513218900092143E+03
     920.0000000000000000   8.2699219336177412E+03
     930.0000000000000000   8.4842736463747406E+03
     940.0000000000000000   8.7030892812752554E+03
     950.0000000000000000   8.9242752186960060E+03
     960.0000000000000000   9.1585706650138818E+03
     970.0000000000000000   9.3896596693786396E+03
     980.0000000000000000   9.6232521341248957E+03
     990.0000000000000000   9.8680195102398502E+03
    1000.0000000000000000   1.0123345854220524E+04
    1100.0000000000000000   1.2781273046718297E+04
    1200.0000000000000000   1.5852882469804237E+04
    1300.0000000000000000   1.9364530225677216E+04
    1400.0000000000000000   2.3299198254039540E+04
    1500.0000000000000000   2.7726576659722250E+04
    1600.0000000000000000   3.2683362558659181E+04
    1700.0000000000000000   3.8131596763835936E+04
    1800.0000000000000000   4.4109815985348818E+04
    1843.9990000000000236   4.6936050683778180E+04
    1844.0009999999999764   1.1878155257998147E+04
    1900.0000000000000000   1.2488442400738777E+04
    2000.0000000000000000   1.4124873926833401E+04
    2100.0000000000000000   1.6017167837355923E+04
    2200.0000000000000000   1.8029077107004821E+04
    2300.0000000000000000   2.0212651142758546E+04
    2400.0000000000000000   2.2527979550033950E+04
    2475.9989999999997963   2.4441420340166125E+04
    2476.0010000000002037   1.8638605834096481E+04
    2500.0000000000000000   1.9044245847732796E+04
    2526.9989999999997963   1.9541208185665597E+04
    2527.0010000000002037   1.5329886534953281E+04
    2600.0000000000000000   1.6439341839391447E+04
    2631.9989999999997963   1.6952018445686299E+04
    2632.0010000000002037   1.5228427676134484E+04
    2700.0000000000000000   1.6268900183803791E+04
    2800.0000000000000000   1.7833203411978968E+04
    2871.9989999999997963   1.9026520535760974E+04
    2872.0010000000002037   1.8040062694262655E+04
    2900.0000000000000000   1.8492909104838785E+04
    3000.0000000000000000   2.0156040426015239E+04
    3100.0000000000000000   2.1934745750396243E+04
    3200.0000000000000000   2.3793719879175609E+04
    3300.0000000000000000   2.5812187207695424E+04
    3400.0000000000000000   2.7889195956471773E+04
    3500.0000000000000000   3.0074599955951802E+04
    3600.0000000000000000   3.2416558863609011E+04
    3700.0000000000000000   3.4800646791112224E+04
    3800.0000000000000000   3.7243413239397458E+04
    3900.0000000000000000   3.9899558684492302E+04
    4000.0000000000000000   4.2727467461371256E+04
    4100.0000000000000000   4.5585356223576317E+04
    4200.0000000000000000   4.8554381392550706E+04
    4300.0000000000000000   5.1777687231040632E+04
    4400.0000000000000000   5.4963043568880334E+04
    4500.0000000000000000   5.8367560178896347E+04
    4600.0000000000000000   6.1969305113907292E+04
    4700.0000000000000000   6.5656419414157237E+04
    4800.0000000000000000   6.9415957890640639E+04
    4900.0000000000000000   7.3467117489329423E+04
    5000.0000000000000000   7.7673963890406536E+04
    5100.0000000000000000   8.1806492851486619E+04
    5200.0000000000000000   8.6263773211875348E+04
    5300.0000000000000000   9.0885355852174223E+04
    5400.0000000000000000   9.5661091246569442E+04
    5500.0000000000000000   1.0062752523310643E+05
    5600.0000000000000000   1.0564963291965878E+05
    5700.0000000000000000   1.1080193665184622E+05
    5800.0000000000000000   1.1629522043110548E+05
    5900.0000000000000000   1.2177778773202685E+05
    6000.0000000000000000   1.2774053096431516E+05
    6100.0000000000000000   1.3352193990632880E+05
    6200.0000000000000000   1.3962917625902535E+05
    6300.0000000000000000   1.4595588076307345E+05
    6400.0000000000000000   1.5265869862386936E+05
    6500.0000000000000000   1.5931608583991020E+05
    6600.0000000000000000   1.6618977917387028E+05
    6700.0000000000000000   1.7324973670183209E+05
    6800.0000000000000000   1.8060261197641544E+05
    6900.0000000000000000   1.8799009056234543E+05
    7000.0000000000000000   1.9592264747310412E+05
    7100.0000000000000000   2.0356088347118898E+05
    7200.0000000000000000   2.1190487961956169E+05
    7300.0000000000000000   2.1995636265022206E+05
    7400.0000000000000000   2.2893250644092323E+05
    7500.0000000000000000   2.3729996347284623E+05
    7600.0000000000000000   2.4622663661099915E+05
    7700.0000000000000000   2.5534897287041033E+05
    7800.0000000000000000   2.6502021444595960E+05
    7900.0000000000000000   2.7450324985607777E+05
    8000.0000000000000000   2.8452677565595863E+05
    8100.0000000000000000   2.9520312631259748E+05
    8200.0000000000000000   3.0505002797308011E+05
    8300.0000000000000000   3.1572719217043975E+05
    8400.0000000000000000   3.2644647589309822E+05
    8500.0000000000000000   3.3749516422357300E+05
    8600.0000000000000000   3.4899972039179521E+05
    8700.0000000000000000   3.6090788689808862E+05
    8800.0000000000000000   3.7237099916367675E+05
    8900.0000000000000000   3.8510501890165982E+05
    9000.0000000000000000   3.9682986258288159E+05
    9100.0000000000000000   4.1036435748079204E+05
    9200.0000000000000000   4.2251470485660946E+05
    9300.0000000000000000   4.3541112259477988E+05
    9400.0000000000000000   4.4904278018921235E+05
    9500.0000000000000000   4.6265157548380416E+05
    9600.0000000000000000   4.7685964329253405E+05
    9700.0000000000000000   4.9131301112412079E+05
    9800.0000000000000000   5.0644129047438659E+05
    9900.0000000000000000   5.2040847951735702E+05
   10000.0000000000000000   5.3633231293139060E+05
   11000.0000000000000000   7.0452845339684561E+05
   12000.0000000000000000   9.0407974019783305E+05
   13000.0000000000000000   1.1393665491230802E+06
   14000.0000000000000000   1.4130212510496120E+06
   15000.0000000000000000   1.7278625270736599E+06
   16000.0000000000000000   2.0863303865058383E+06
   17000.0000000000000000   2.4953105746093183E+06
   18000.0000000000000000   2.9464633810110460E+06
   19000.0000000000000000   3.4557851784860468E+06
   20000.0000000000000000   4.0243191061089002E+06
   20005.9989999999997963   4.0282090457016188E+06
   20006.0010000000002037   1.0792653573826095E+06
   21000.0000000000000000   1.2269098667260064E+06
   22000.0000000000000000   1.3829770594360065E+06
   23000.0000000000000000   1.5646552599313462E+06
   24000.0000000000000000   1.7494585164472437E+06
   25000.0000000000000000   1.9503784888666356E+06
   26000.0000000000000000   2.1662107860098430E+06
   27000.0000000000000000   2.4020880978260823E+06
   28000.0000000000000000   2.6529070251371986E+06
   29000.0000000000000000   2.9261494199853470E+06
   30000.0000000000000000   3.2179313194107017E+06
   31000.0000000000000000   3.5116908261150094E+06
   32000.0000000000000000   3.8324606061092303E+06
   33000.0000000000000000   4.1793559376483969E+06
   34000.0000000000000000   4.5364096014606236E+06
   35000.0000000000000000   4.9270472665266842E+06
   36000.0000000000000000   5.3350521033025309E+06
   37000.0000000000000000   5.7464406552343778E+06
   38000.0000000000000000   6.1963081301668398E+06
   39000.0000000000000000   6.6522908360003978E+06
   40000.0000000000000000   7.1775222555224113E+06
   41000.0000000000000000   7.6682936543684397E+06
   42000.0000000000000000   8.2129647368446840E+06
   43000.0000000000000000   8.7855063790699933E+06
   44000.0000000000000000   9.3918272450001612E+06
   45000.0000000000000000   1.0004735314155851E+07
   46000.0000000000000000   1.0620133603979433E+07
   47000.0000000000000000   1.1292072402816754E+07
   48000.0000000000000000   1.1985879616248092E+07
   49000.0000000000000000   1.2720080766940396E+07
   50000.0000000000000000   1.3541298507793760E+07
