       0.1000000000000000   7.1753324163567470E+02
       0.2000000000000000   3.6596283696210355E+02
       0.3000000000000000   2.4770728604591989E+02
       0.4000000000000000   1.8816849336782366E+02
       0.5000000000000000   1.5223642072207093E+02
       0.6000000000000000   1.2815890772697816E+02
       0.7000000000000000   1.1088145202530764E+02
       0.7999999999999999   9.7868841730159218E+01
       0.8999999999999999   8.7708589316823364E+01
       0.9999999999999999   7.9550957972234215E+01
       2.0000000000000000   4.2358363331076085E+01
       3.0000000000000000   2.9662418543479724E+01
       4.0000000000000000   2.3209069660761408E+01
       5.0000000000000000   1.9288729670830573E+01
       6.0000000000000000   1.6649967900902119E+01
       7.0000000000000000   1.4751061265140015E+01
       8.0000000000000000   1.3318768519988051E+01
       9.0000000000000000   1.2200094860049827E+01
      10.0000000000000000   1.1302586434715256E+01
      11.0000000000000000   1.0567021581525514E+01
      12.0000000000000000   9.9536780223001120E+00
      13.0000000000000000   9.4348988731262651E+00
      14.0000000000000000   8.9908234777417206E+00
      15.0000000000000000   8.6068138870355906E+00
      16.0000000000000000   8.2718392689475486E+00
      17.0000000000000000   7.9774261162004265E+00
      18.0000000000000000   7.7169555712551441E+00
      19.0000000000000000   7.4851808003951508E+00
      20.0000000000000000   7.2778879103356209E+00
      21.0000000000000000   7.0916528891387216E+00
      22.0000000000000000   6.9236642335427003E+00
      23.0000000000000000   6.7715914173566887E+00
      24.0000000000000000   6.6334859297200586E+00
      25.0000000000000000   6.5077058343687559E+00
      26.0000000000000000   6.3928575656798623E+00
      27.0000000000000000   6.2877505292794940E+00
      28.0000000000000000   6.1913613316078440E+00
      29.0000000000000000   6.1028053335018795E+00
      30.0000000000000000   6.0213138335076275E+00
      31.0000000000000000   5.9462156200482195E+00
      32.0000000000000000   5.8769219456490092E+00
      33.0000000000000000   5.8129142031930883E+00
      34.0000000000000000   5.7537337530908363E+00
      35.0000000000000000   5.6989734750944026E+00
      36.0000000000000000   5.6482707123406586E+00
      37.0000000000000000   5.6013013466762143E+00
      38.0000000000000000   5.5577747988729174E+00
      39.0000000000000000   5.5174297892774424E+00
      40.0000000000000000   5.4800307269456274E+00
      41.0000000000000000   5.4453646211884550E+00
      41.9990000000000023   5.4132693463509138E+00
      42.0000000000000000   5.4132384291005327E+00
      42.0009999999999977   5.4132075142186409E+00
      43.0000000000000000   5.3834767689620735E+00
      44.0000000000000000   5.3559199416948182E+00
      44.9990000000000023   5.3304467276459730E+00
      45.0000000000000000   5.3304222131133443E+00
      45.0009999999999977   5.3303977005076373E+00
      46.0000000000000000   5.3068503175033896E+00
      47.0000000000000000   5.2850821500049614E+00
      48.0000000000000000   5.2650056204859936E+00
      49.0000000000000000   5.2465176460978791E+00
      50.0000000000000000   5.2295232632846194E+00
      51.0000000000000000   5.2139348429544983E+00
      52.0000000000000000   5.1996713952185845E+00
      53.0000000000000000   5.1866579518129301E+00
      54.0000000000000000   5.1748250163593061E+00
      55.0000000000000000   5.1641080738514411E+00
      56.0000000000000000   5.1544471520797792E+00
      57.0000000000000000   5.1457864286477246E+00
      58.0000000000000000   5.1380738781923565E+00
      59.0000000000000000   5.1312609550053523E+00
      60.0000000000000000   5.1253023070371491E+00
      61.0000000000000000   5.1201555176759994E+00
      62.0000000000000000   5.1157808722326790E+00
      63.0000000000000000   5.1121411463938067E+00
      64.0000000000000000   5.1092014142548878E+00
      65.0000000000000000   5.1069288738960470E+00
      66.0000000000000000   5.1052926885836776E+00
      67.0000000000000000   5.1042638420586330E+00
      67.9989999999999952   5.1038151742399078E+00
      68.0000000000000000   5.1038150064204908E+00
      68.0010000000000048   5.1038148391570148E+00
      69.0000000000000000   5.1039204213755545E+00
      70.0000000000000000   5.1045557836894675E+00
      71.0000000000000000   5.1056981459185620E+00
      72.0000000000000000   5.1073258234353949E+00
      73.0000000000000000   5.1094183090246492E+00
      74.0000000000000000   5.1119561943226550E+00
      75.0000000000000000   5.1149210974700043E+00
      76.0000000000000000   5.1182955964076724E+00
      77.0000000000000000   5.1220631672995873E+00
      78.0000000000000000   5.1262081276650120E+00
      79.0000000000000000   5.1307155837514236E+00
      80.0000000000000000   5.1355713818220385E+00
      81.0000000000000000   5.1407620630137156E+00
      82.0000000000000000   5.1462748214543463E+00
      83.0000000000000000   5.1520974653787803E+00
      84.0000000000000000   5.1582183809749056E+00
      85.0000000000000000   5.1646264987857311E+00
      86.0000000000000000   5.1713112623987367E+00
      87.0000000000000000   5.1782625992825144E+00
      88.0000000000000000   5.1854708935903249E+00
      89.0000000000000000   5.1929269607788093E+00
      90.0000000000000000   5.2006220238867025E+00
      91.0000000000000000   5.2085476913857418E+00
      92.0000000000000000   5.2166959364387333E+00
      93.0000000000000000   5.2250590774870629E+00
      94.0000000000000000   5.2336297600696584E+00
      95.0000000000000000   5.2424009397719233E+00
      96.0000000000000000   5.2513658662317271E+00
      97.0000000000000000   5.2605180681220478E+00
      98.0000000000000000   5.2698513390497981E+00
      99.0000000000000000   5.2793597242918349E+00
     100.0000000000000000   5.2890375083255377E+00
     103.9989999999999952   5.3293256799466793E+00
     104.0010000000000048   5.3293464307208875E+00
     110.0000000000000000   5.3940242975780812E+00
     120.0000000000000000   5.5110624972677451E+00
     130.0000000000000000   5.6370368611779629E+00
     140.0000000000000000   5.7697374318372772E+00
     150.0000000000000000   5.9075585319618904E+00
     153.9989999999999952   5.9638290932065390E+00
     154.0010000000000048   5.9638573813812856E+00
     160.0000000000000000   6.0493099210449959E+00
     167.9989999999999952   6.1649156532891292E+00
     168.0010000000000048   6.1649447690129744E+00
     169.9989999999999952   6.1940796294773826E+00
     170.0000000000000000   6.1940942352193344E+00
     170.0010000000000048   6.1941088409846383E+00
     180.0000000000000000   6.3412250951679452E+00
     190.0000000000000000   6.4901709876368727E+00
     200.0000000000000000   6.6405159493100854E+00
     210.0000000000000000   6.7919314802588087E+00
     220.0000000000000000   6.9441561297614331E+00
     230.0000000000000000   7.0969804281999531E+00
     231.9989999999999952   7.1275864670771822E+00
     232.0010000000000048   7.1276170965991446E+00
     233.9989999999999952   7.1582237645085058E+00
     234.0010000000000048   7.1582544094073466E+00
     236.9989999999999952   7.2042071547882873E+00
     237.0010000000000048   7.2042378206868314E+00
     240.0000000000000000   7.2502356103948777E+00
     250.0000000000000000   7.4037850709522264E+00
     260.0000000000000000   7.5575178167573434E+00
     270.0000000000000000   7.7113433986842725E+00
     280.0000000000000000   7.8651879520185526E+00
     290.0000000000000000   8.0189910770447046E+00
     300.0000000000000000   8.1727033626542145E+00
     310.0000000000000000   8.3262844066725243E+00
     320.0000000000000000   8.4797012231126949E+00
     330.0000000000000000   8.6329269532204584E+00
     340.0000000000000000   8.7859398167348015E+00
     350.0000000000000000   8.9387222544052687E+00
     360.0000000000000000   9.0912602236684297E+00
     370.0000000000000000   9.2435426177592088E+00
     380.0000000000000000   9.3955607847448945E+00
     390.0000000000000000   9.5473081279394183E+00
     398.9990000000000236   9.6836299866741822E+00
     399.0009999999999764   9.6836602587645721E+00
     400.0000000000000000   9.6987797728169678E+00
     410.0000000000000000   9.8499722885803020E+00
     415.9990000000000236   9.9405377597989339E+00
     416.0009999999999764   9.9405679363989634E+00
     420.0000000000000000   1.0000883454755314E+01
     430.0000000000000000   1.0151512065081283E+01
     440.0000000000000000   1.0301857762352881E+01
     450.0000000000000000   1.0451920899066549E+01
     460.0000000000000000   1.0601702419629206E+01
     470.0000000000000000   1.0751203760631666E+01
     480.0000000000000000   1.0900426766321363E+01
     490.0000000000000000   1.1049373616853496E+01
     500.0000000000000000   1.1198046767361845E+01
     510.0000000000000000   1.1346448896156287E+01
     510.9989999999999668   1.1361259487436135E+01
     511.0009999999999195   1.1361289135587052E+01
     520.0000000000000000   1.1494582860685565E+01
     530.0000000000000000   1.1642451660066907E+01
     540.0000000000000000   1.1790058403236980E+01
     550.0000000000000000   1.1937406281858772E+01
     560.0000000000000000   1.2084498547315063E+01
     570.0000000000000000   1.2231338491173108E+01
     580.0000000000000000   1.2377929428638989E+01
     590.0000000000000000   1.2524274684544618E+01
     600.0000000000000000   1.2670377581538741E+01
     610.0000000000000000   1.2816241430137465E+01
     620.0000000000000000   1.2961869520393197E+01
     630.0000000000000000   1.3107265114932575E+01
     640.0000000000000000   1.3252431443195793E+01
     650.0000000000000000   1.3397371696681551E+01
     660.0000000000000000   1.3542089025065680E+01
     670.0000000000000000   1.3686586533087512E+01
     680.0000000000000000   1.3830867278053322E+01
     690.0000000000000000   1.3974934267920101E+01
     700.0000000000000000   1.4118790459829308E+01
     710.0000000000000000   1.4262438759065935E+01
     720.0000000000000000   1.4405882018341357E+01
     730.0000000000000000   1.4549123037395388E+01
     740.0000000000000000   1.4692164562824710E+01
     750.0000000000000000   1.4835009288147047E+01
     760.0000000000000000   1.4977659854023919E+01
     770.0000000000000000   1.5120118848653275E+01
     780.0000000000000000   1.5262388808272284E+01
     790.0000000000000000   1.5404472217778702E+01
     800.0000000000000000   1.5546371511428459E+01
     810.0000000000000000   1.5688089073614602E+01
     820.0000000000000000   1.5829627239689097E+01
     830.0000000000000000   1.5970988296847640E+01
     840.0000000000000000   1.6112174485030881E+01
     850.0000000000000000   1.6253187997867183E+01
     860.0000000000000000   1.6394030983627147E+01
     870.0000000000000000   1.6534705546183471E+01
     880.0000000000000000   1.6675213745996714E+01
     890.0000000000000000   1.6815557601078769E+01
     900.0000000000000000   1.6955739087976269E+01
     910.0000000000000000   1.7095760142730224E+01
     920.0000000000000000   1.7235622661842900E+01
     930.0000000000000000   1.7375328503218480E+01
     940.0000000000000000   1.7514879487109194E+01
     950.0000000000000000   1.7654277397023812E+01
     960.0000000000000000   1.7793523980647031E+01
     970.0000000000000000   1.7932620950716867E+01
     980.0000000000000000   1.8071569985904194E+01
     990.0000000000000000   1.8210372731657930E+01
    1000.0000000000000000   1.8349030801047704E+01
    1100.0000000000000000   1.9727987588664693E+01
    1200.0000000000000000   2.1094039575332562E+01
    1300.0000000000000000   2.2448375446798231E+01
    1400.0000000000000000   2.3791995225511247E+01
    1500.0000000000000000   2.5125749866346474E+01
    1600.0000000000000000   2.6450371050699079E+01
    1700.0000000000000000   2.7766493820007369E+01
    1800.0000000000000000   2.9074673977349970E+01
    1843.9990000000000236   2.9647872389551210E+01
    1844.0009999999999764   2.9647898412427516E+01
    1900.0000000000000000   3.0375401636521204E+01
    2000.0000000000000000   3.1669111903043778E+01
    2100.0000000000000000   3.2956193393927535E+01
    2200.0000000000000000   3.4236995108650184E+01
    2300.0000000000000000   3.5511832027166768E+01
    2400.0000000000000000   3.6780989713844392E+01
    2475.9989999999997963   3.7741899472386038E+01
    2476.0010000000002037   3.7741924719576069E+01
    2500.0000000000000000   3.8044728136732019E+01
    2526.9989999999997963   3.8385027087200342E+01
    2527.0010000000002037   3.8385052281586852E+01
    2600.0000000000000000   3.9303284861268281E+01
    2631.9989999999997963   3.9704952178721065E+01
    2632.0010000000002037   3.9704977267973575E+01
    2700.0000000000000000   4.0556877740555215E+01
    2800.0000000000000000   4.1805707196981395E+01
    2871.9989999999997963   4.2702006845850256E+01
    2872.0010000000002037   4.2702031711052356E+01
    2900.0000000000000000   4.3049958169455294E+01
    3000.0000000000000000   4.4289801784918481E+01
    3100.0000000000000000   4.5525396800983756E+01
    3200.0000000000000000   4.6756890857289505E+01
    3300.0000000000000000   4.7984421566055907E+01
    3400.0000000000000000   4.9208117466665918E+01
    3500.0000000000000000   5.0428098864683506E+01
    3600.0000000000000000   5.1644478572147626E+01
    3700.0000000000000000   5.2857362563127779E+01
    3800.0000000000000000   5.4066850556236048E+01
    3900.0000000000000000   5.5273036533908780E+01
    4000.0000000000000000   5.6476009206734801E+01
    4100.0000000000000000   5.7675852429858573E+01
    4200.0000000000000000   5.8872645577405407E+01
    4300.0000000000000000   6.0066463880073314E+01
    4400.0000000000000000   6.1257378730243062E+01
    4500.0000000000000000   6.2445457958401498E+01
    4600.0000000000000000   6.3630766084119109E+01
    4700.0000000000000000   6.4813364544440176E+01
    4800.0000000000000000   6.5993311902120780E+01
    4900.0000000000000000   6.7170664035889061E+01
    5000.0000000000000000   6.8345474314583342E+01
    5100.0000000000000000   6.9517793756840163E+01
    5200.0000000000000000   7.0687671177778853E+01
    5300.0000000000000000   7.1855153323960536E+01
    5400.0000000000000000   7.3020284997774283E+01
    5500.0000000000000000   7.4183109172222444E+01
    5600.0000000000000000   7.5343667097040338E+01
    5700.0000000000000000   7.6501998396916974E+01
    5800.0000000000000000   7.7658141162551487E+01
    5900.0000000000000000   7.8812132035148807E+01
    6000.0000000000000000   7.9964006284966189E+01
    6100.0000000000000000   8.1113797884383260E+01
    6200.0000000000000000   8.2261539575995144E+01
    6300.0000000000000000   8.3407262936097723E+01
    6400.0000000000000000   8.4550998433981945E+01
    6500.0000000000000000   8.5692775487357267E+01
    6600.0000000000000000   8.6832622514208808E+01
    6700.0000000000000000   8.7970566981366517E+01
    6800.0000000000000000   8.9106635450054156E+01
    6900.0000000000000000   9.0240853618620406E+01
    7000.0000000000000000   9.1373246362699874E+01
    7100.0000000000000000   9.2503837772951044E+01
    7200.0000000000000000   9.3632651190581612E+01
    7300.0000000000000000   9.4759709240801925E+01
    7400.0000000000000000   9.5885033864361873E+01
    7500.0000000000000000   9.7008646347299717E+01
    7600.0000000000000000   9.8130567349026876E+01
    7700.0000000000000000   9.9250816928858370E+01
    7800.0000000000000000   1.0036941457111276E+02
    7900.0000000000000000   1.0148637920884410E+02
    8000.0000000000000000   1.0260172924632623E+02
    8100.0000000000000000   1.0371548258034285E+02
    8200.0000000000000000   1.0482765662039120E+02
    8300.0000000000000000   1.0593826830783975E+02
    8400.0000000000000000   1.0704733413410936E+02
    8500.0000000000000000   1.0815487015796195E+02
    8600.0000000000000000   1.0926089202192455E+02
    8700.0000000000000000   1.1036541496790197E+02
    8800.0000000000000000   1.1146845385205370E+02
    8900.0000000000000000   1.1257002315894123E+02
    9000.0000000000000000   1.1367013701501723E+02
    9100.0000000000000000   1.1476880920147822E+02
    9200.0000000000000000   1.1586605316652596E+02
    9300.0000000000000000   1.1696188203706377E+02
    9400.0000000000000000   1.1805630862987536E+02
    9500.0000000000000000   1.1914934546227455E+02
    9600.0000000000000000   1.2024100476232118E+02
    9700.0000000000000000   1.2133129847854778E+02
    9800.0000000000000000   1.2242023828929933E+02
    9900.0000000000000000   1.2350783561164481E+02
   10000.0000000000000000   1.2459410160993102E+02
   11000.0000000000000000   1.3538582963287405E+02
   12000.0000000000000000   1.4605510577931858E+02
   13000.0000000000000000   1.5660994410118622E+02
   14000.0000000000000000   1.6705702803293960E+02
   15000.0000000000000000   1.7740201773829568E+02
   16000.0000000000000000   1.8764977086788386E+02
   17000.0000000000000000   1.9780450494995890E+02
   18000.0000000000000000   2.0786991933308823E+02
   19000.0000000000000000   2.1784928841722885E+02
   20000.0000000000000000   2.2774553407193125E+02
   20005.9989999999997963   2.2780465625786758E+02
   20006.0010000000002037   2.2780467596806412E+02
   21000.0000000000000000   2.3756128268437345E+02
   22000.0000000000000000   2.4729891066833306E+02
   23000.0000000000000000   2.5696058118079054E+02
   24000.0000000000000000   2.6654827404961554E+02
   25000.0000000000000000   2.7606381039550951E+02
   26000.0000000000000000   2.8550887306153578E+02
   27000.0000000000000000   2.9488502369682027E+02
   28000.0000000000000000   3.0419371714497549E+02
   29000.0000000000000000   3.1343631364314149E+02
   30000.0000000000000000   3.2261408922842571E+02
   31000.0000000000000000   3.3172824466600980E+02
   32000.0000000000000000   3.4077991314975162E+02
   33000.0000000000000000   3.4977016697703033E+02
   34000.0000000000000000   3.5870002336189111E+02
   35000.0000000000000000   3.6757044951930118E+02
   36000.0000000000000000   3.7638236713095858E+02
   37000.0000000000000000   3.8513665628242308E+02
   38000.0000000000000000   3.9383415894755723E+02
   39000.0000000000000000   4.0247568208275078E+02
   40000.0000000000000000   4.1106200038342894E+02
   41000.0000000000000000   4.1959385874809414E+02
   42000.0000000000000000   4.2807197448662487E+02
   43000.0000000000000000   4.3649703930598770E+02
   44000.0000000000000000   4.4486972109955258E+02
   45000.0000000000000000   4.5319066556442954E+02
   46000.0000000000000000   4.6146049766664709E+02
   47000.0000000000000000   4.6967982297179134E+02
   48000.0000000000000000   4.7784922885573116E+02
   49000.0000000000000000   4.8596928560935095E+02
   50000.0000000000000000   4.9404054744819251E+02
