       0.1000000000000000   1.0000000000000000E+30   0.0000000000000000E+00
       0.2000000000000000   1.0000000000000000E+30   0.0000000000000000E+00
       0.3000000000000000   1.0000000000000000E+30   0.0000000000000000E+00
       0.4000000000000000   1.0000000000000000E+30   0.0000000000000000E+00
       0.5000000000000000   1.0000000000000000E+30   0.0000000000000000E+00
       0.6000000000000000   1.0000000000000000E+30   0.0000000000000000E+00
       0.7000000000000000   1.0000000000000000E+30   0.0000000000000000E+00
       0.7999999999999999   1.0000000000000000E+30   0.0000000000000000E+00
       0.8999999999999999   1.0000000000000000E+30   0.0000000000000000E+00
       0.9999999999999999   1.0000000000000000E+30   0.0000000000000000E+00
       2.0000000000000000   1.0000000000000000E+30   0.0000000000000000E+00
       3.0000000000000000   1.0000000000000000E+30   0.0000000000000000E+00
       4.0000000000000000   1.0000000000000000E+30   0.0000000000000000E+00
       5.0000000000000000   1.0000000000000000E+30   0.0000000000000000E+00
       6.0000000000000000   1.0000000000000000E+30   0.0000000000000000E+00
       7.0000000000000000   1.0000000000000000E+30   0.0000000000000000E+00
       8.0000000000000000   1.0000000000000000E+30   0.0000000000000000E+00
       9.0000000000000000   1.0000000000000000E+30   0.0000000000000000E+00
      10.0000000000000000   1.0000000000000000E+30   0.0000000000000000E+00
      11.0000000000000000   1.0000000000000000E+30   0.0000000000000000E+00
      12.0000000000000000   1.0000000000000000E+30   0.0000000000000000E+00
      13.0000000000000000   1.0000000000000000E+30   0.0000000000000000E+00
      14.0000000000000000   1.0000000000000000E+30   0.0000000000000000E+00
      15.0000000000000000   1.0000000000000000E+30   0.0000000000000000E+00
      16.0000000000000000   1.0000000000000000E+30   0.0000000000000000E+00
      17.0000000000000000   1.0000000000000000E+30   0.0000000000000000E+00
      18.0000000000000000   1.0000000000000000E+30   0.0000000000000000E+00
      19.0000000000000000   1.0000000000000000E+30   0.0000000000000000E+00
      20.0000000000000000   1.0000000000000000E+30   0.0000000000000000E+00
      21.0000000000000000   1.0000000000000000E+30   0.0000000000000000E+00
      22.0000000000000000   1.0000000000000000E+30   0.0000000000000000E+00
      23.0000000000000000   1.0000000000000000E+30   0.0000000000000000E+00
      24.0000000000000000   1.0000000000000000E+30   0.0000000000000000E+00
      25.0000000000000000   1.0000000000000000E+30   0.0000000000000000E+00
      26.0000000000000000   1.0000000000000000E+30   0.0000000000000000E+00
      27.0000000000000000   1.0000000000000000E+30   0.0000000000000000E+00
      28.0000000000000000   1.0000000000000000E+30   0.0000000000000000E+00
      29.0000000000000000   1.0000000000000000E+30   0.0000000000000000E+00
      30.0000000000000000   1.0000000000000000E+30   0.0000000000000000E+00
      31.0000000000000000   1.0000000000000000E+30   0.0000000000000000E+00
      32.0000000000000000   1.0000000000000000E+30   0.0000000000000000E+00
      33.0000000000000000   1.0000000000000000E+30   0.0000000000000000E+00
      34.0000000000000000   1.0000000000000000E+30   0.0000000000000000E+00
      35.0000000000000000   1.0000000000000000E+30   0.0000000000000000E+00
      36.0000000000000000   1.0000000000000000E+30   0.0000000000000000E+00
      37.0000000000000000   1.0000000000000000E+30   0.0000000000000000E+00
      38.0000000000000000   1.0000000000000000E+30   0.0000000000000000E+00
      39.0000000000000000   1.0000000000000000E+30   0.0000000000000000E+00
      40.0000000000000000   1.0000000000000000E+30   0.0000000000000000E+00
      41.0000000000000000   1.0000000000000000E+30   0.0000000000000000E+00
      41.9990000000000023   1.0000000000000000E+30   0.0000000000000000E+00
      42.0000000000000000   1.0000000000000000E+30   0.0000000000000000E+00
      42.0009999999999977   1.0000000000000000E+30   0.0000000000000000E+00
      43.0000000000000000   1.0000000000000000E+30   0.0000000000000000E+00
      44.0000000000000000   1.0000000000000000E+30   0.0000000000000000E+00
      44.9990000000000023   1.0000000000000000E+30   0.0000000000000000E+00
      45.0000000000000000   1.0000000000000000E+30   0.0000000000000000E+00
      45.0009999999999977   1.0000000000000000E+30   0.0000000000000000E+00
      46.0000000000000000   1.0000000000000000E+30   0.0000000000000000E+00
      47.0000000000000000   1.0000000000000000E+30   0.0000000000000000E+00
      48.0000000000000000   1.0000000000000000E+30   0.0000000000000000E+00
      49.0000000000000000   1.0000000000000000E+30   0.0000000000000000E+00
      50.0000000000000000   1.0000000000000000E+30   0.0000000000000000E+00
      51.0000000000000000   1.0000000000000000E+30   0.0000000000000000E+00
      52.0000000000000000   1.0000000000000000E+30   0.0000000000000000E+00
      53.0000000000000000   1.0000000000000000E+30   0.0000000000000000E+00
      54.0000000000000000   1.0000000000000000E+30   0.0000000000000000E+00
      55.0000000000000000   1.0000000000000000E+30   0.0000000000000000E+00
      56.0000000000000000   1.0000000000000000E+30   0.0000000000000000E+00
      57.0000000000000000   1.0000000000000000E+30   0.0000000000000000E+00
      58.0000000000000000   1.0000000000000000E+30   0.0000000000000000E+00
      59.0000000000000000   1.0000000000000000E+30   0.0000000000000000E+00
      60.0000000000000000   1.0000000000000000E+30   0.0000000000000000E+00
      61.0000000000000000   1.0000000000000000E+30   0.0000000000000000E+00
      62.0000000000000000   1.0000000000000000E+30   0.0000000000000000E+00
      63.0000000000000000   1.0000000000000000E+30   0.0000000000000000E+00
      64.0000000000000000   1.0000000000000000E+30   0.0000000000000000E+00
      65.0000000000000000   1.0000000000000000E+30   0.0000000000000000E+00
      66.0000000000000000   1.0000000000000000E+30   0.0000000000000000E+00
      67.0000000000000000   1.0000000000000000E+30   0.0000000000000000E+00
      67.9989999999999952   1.0000000000000000E+30   0.0000000000000000E+00
      68.0000000000000000   1.0000000000000000E+30   0.0000000000000000E+00
      68.0010000000000048   1.0000000000000000E+30   0.0000000000000000E+00
      69.0000000000000000   1.0000000000000000E+30   0.0000000000000000E+00
      70.0000000000000000   1.0000000000000000E+30   0.0000000000000000E+00
      71.0000000000000000   1.0000000000000000E+30   0.0000000000000000E+00
      72.0000000000000000   1.0000000000000000E+30   0.0000000000000000E+00
      73.0000000000000000   1.0000000000000000E+30   0.0000000000000000E+00
      74.0000000000000000   1.0000000000000000E+30   0.0000000000000000E+00
      75.0000000000000000   1.0000000000000000E+30   0.0000000000000000E+00
      76.0000000000000000   1.0000000000000000E+30   0.0000000000000000E+00
      77.0000000000000000   1.0000000000000000E+30   0.0000000000000000E+00
      78.0000000000000000   1.0000000000000000E+30   0.0000000000000000E+00
      79.0000000000000000   1.0000000000000000E+30   0.0000000000000000E+00
      80.0000000000000000   1.0000000000000000E+30   0.0000000000000000E+00
      81.0000000000000000   1.0000000000000000E+30   0.0000000000000000E+00
      82.0000000000000000   1.0000000000000000E+30   0.0000000000000000E+00
      83.0000000000000000   1.0000000000000000E+30   0.0000000000000000E+00
      84.0000000000000000   1.0000000000000000E+30   0.0000000000000000E+00
      85.0000000000000000   1.0000000000000000E+30   0.0000000000000000E+00
      86.0000000000000000   1.0000000000000000E+30   0.0000000000000000E+00
      87.0000000000000000   1.0000000000000000E+30   0.0000000000000000E+00
      88.0000000000000000   1.0000000000000000E+30   0.0000000000000000E+00
      89.0000000000000000   1.0000000000000000E+30   0.0000000000000000E+00
      90.0000000000000000   1.0000000000000000E+30   0.0000000000000000E+00
      91.0000000000000000   1.0000000000000000E+30   0.0000000000000000E+00
      92.0000000000000000   1.0000000000000000E+30   0.0000000000000000E+00
      93.0000000000000000   1.0000000000000000E+30   0.0000000000000000E+00
      94.0000000000000000   1.0000000000000000E+30   0.0000000000000000E+00
      95.0000000000000000   1.0000000000000000E+30   0.0000000000000000E+00
      96.0000000000000000   1.0000000000000000E+30   0.0000000000000000E+00
      97.0000000000000000   1.0000000000000000E+30   0.0000000000000000E+00
      98.0000000000000000   1.0000000000000000E+30   0.0000000000000000E+00
      99.0000000000000000   1.0000000000000000E+30   0.0000000000000000E+00
     100.0000000000000000   1.0000000000000000E+30   0.0000000000000000E+00
     103.9989999999999952   1.0000000000000000E+30   0.0000000000000000E+00
     104.0010000000000048   1.0000000000000000E+30   0.0000000000000000E+00
     110.0000000000000000   1.0000000000000000E+30   0.0000000000000000E+00
     120.0000000000000000   1.0000000000000000E+30   0.0000000000000000E+00
     130.0000000000000000   1.0000000000000000E+30   0.0000000000000000E+00
     140.0000000000000000   1.0000000000000000E+30   0.0000000000000000E+00
     150.0000000000000000   1.0000000000000000E+30   0.0000000000000000E+00
     153.9989999999999952   1.0000000000000000E+30   0.0000000000000000E+00
     154.0010000000000048   1.0000000000000000E+30   0.0000000000000000E+00
     160.0000000000000000   1.0000000000000000E+30   0.0000000000000000E+00
     167.9989999999999952   1.0000000000000000E+30   0.0000000000000000E+00
     168.0010000000000048   1.0000000000000000E+30   0.0000000000000000E+00
     169.9989999999999952   1.0000000000000000E+30   0.0000000000000000E+00
     170.0000000000000000   1.0000000000000000E+30   0.0000000000000000E+00
     170.0010000000000048   1.0000000000000000E+30   0.0000000000000000E+00
     180.0000000000000000   1.0000000000000000E+30   0.0000000000000000E+00
     190.0000000000000000   1.0000000000000000E+30   0.0000000000000000E+00
     200.0000000000000000   1.0000000000000000E+30   0.0000000000000000E+00
     210.0000000000000000   1.0000000000000000E+30   0.0000000000000000E+00
     220.0000000000000000   1.0000000000000000E+30   0.0000000000000000E+00
     230.0000000000000000   1.0000000000000000E+30   0.0000000000000000E+00
     231.9989999999999952   1.0000000000000000E+30   0.0000000000000000E+00
     232.0010000000000048   1.0000000000000000E+30   0.0000000000000000E+00
     233.9989999999999952   1.0000000000000000E+30   0.0000000000000000E+00
     234.0010000000000048   1.0000000000000000E+30   0.0000000000000000E+00
     236.9989999999999952   1.0000000000000000E+30   0.0000000000000000E+00
     237.0010000000000048   1.0000000000000000E+30   0.0000000000000000E+00
     240.0000000000000000   1.0000000000000000E+30   0.0000000000000000E+00
     250.0000000000000000   1.0000000000000000E+30   0.0000000000000000E+00
     260.0000000000000000   1.0000000000000000E+30   0.0000000000000000E+00
     270.0000000000000000   1.0000000000000000E+30   0.0000000000000000E+00
     280.0000000000000000   1.0000000000000000E+30   0.0000000000000000E+00
     290.0000000000000000   1.0000000000000000E+30   0.0000000000000000E+00
     300.0000000000000000   1.0000000000000000E+30   0.0000000000000000E+00
     310.0000000000000000   1.0000000000000000E+30   0.0000000000000000E+00
     320.0000000000000000   1.0000000000000000E+30   0.0000000000000000E+00
     330.0000000000000000   1.0000000000000000E+30   0.0000000000000000E+00
     340.0000000000000000   1.0000000000000000E+30   0.0000000000000000E+00
     350.0000000000000000   1.0000000000000000E+30   0.0000000000000000E+00
     360.0000000000000000   1.0000000000000000E+30   0.0000000000000000E+00
     370.0000000000000000   1.0000000000000000E+30   0.0000000000000000E+00
     380.0000000000000000   1.0000000000000000E+30   0.0000000000000000E+00
     390.0000000000000000   1.0000000000000000E+30   0.0000000000000000E+00
     398.9990000000000236   1.0000000000000000E+30   0.0000000000000000E+00
     399.0009999999999764   1.0000000000000000E+30   0.0000000000000000E+00
     400.0000000000000000   1.0000000000000000E+30   0.0000000000000000E+00
     410.0000000000000000   1.0000000000000000E+30   0.0000000000000000E+00
     415.9990000000000236   1.0000000000000000E+30   0.0000000000000000E+00
     416.0009999999999764   1.0000000000000000E+30   0.0000000000000000E+00
     420.0000000000000000   1.0000000000000000E+30   0.0000000000000000E+00
     430.0000000000000000   1.0000000000000000E+30   0.0000000000000000E+00
     440.0000000000000000   1.0000000000000000E+30   0.0000000000000000E+00
     450.0000000000000000   1.0000000000000000E+30   0.0000000000000000E+00
     460.0000000000000000   1.0000000000000000E+30   0.0000000000000000E+00
     470.0000000000000000   1.0000000000000000E+30   0.0000000000000000E+00
     480.0000000000000000   1.0000000000000000E+30   0.0000000000000000E+00
     490.0000000000000000   1.0000000000000000E+30   0.0000000000000000E+00
     500.0000000000000000   1.0000000000000000E+30   0.0000000000000000E+00
     510.0000000000000000   1.0000000000000000E+30   0.0000000000000000E+00
     510.9989999999999668   1.0000000000000000E+30   0.0000000000000000E+00
     511.0009999999999195   1.0000000000000000E+30   0.0000000000000000E+00
     520.0000000000000000   1.0000000000000000E+30   0.0000000000000000E+00
     530.0000000000000000   1.0000000000000000E+30   0.0000000000000000E+00
     540.0000000000000000   1.0000000000000000E+30   0.0000000000000000E+00
     550.0000000000000000   1.0000000000000000E+30   0.0000000000000000E+00
     560.0000000000000000   1.0000000000000000E+30   0.0000000000000000E+00
     570.0000000000000000   1.0000000000000000E+30   0.0000000000000000E+00
     580.0000000000000000   1.0000000000000000E+30   0.0000000000000000E+00
     590.0000000000000000   1.0000000000000000E+30   0.0000000000000000E+00
     600.0000000000000000   1.0000000000000000E+30   0.0000000000000000E+00
     610.0000000000000000   1.0000000000000000E+30   0.0000000000000000E+00
     620.0000000000000000   1.0000000000000000E+30   0.0000000000000000E+00
     630.0000000000000000   1.0000000000000000E+30   0.0000000000000000E+00
     640.0000000000000000   1.0000000000000000E+30   0.0000000000000000E+00
     650.0000000000000000   1.0000000000000000E+30   0.0000000000000000E+00
     660.0000000000000000   1.0000000000000000E+30   0.0000000000000000E+00
     670.0000000000000000   1.0000000000000000E+30   0.0000000000000000E+00
     680.0000000000000000   1.0000000000000000E+30   0.0000000000000000E+00
     690.0000000000000000   1.0000000000000000E+30   0.0000000000000000E+00
     700.0000000000000000   1.0000000000000000E+30   0.0000000000000000E+00
     710.0000000000000000   1.0000000000000000E+30   0.0000000000000000E+00
     720.0000000000000000   1.0000000000000000E+30   0.0000000000000000E+00
     730.0000000000000000   1.0000000000000000E+30   0.0000000000000000E+00
     740.0000000000000000   1.0000000000000000E+30   0.0000000000000000E+00
     750.0000000000000000   1.0000000000000000E+30   0.0000000000000000E+00
     760.0000000000000000   1.0000000000000000E+30   0.0000000000000000E+00
     770.0000000000000000   1.0000000000000000E+30   0.0000000000000000E+00
     780.0000000000000000   1.0000000000000000E+30   0.0000000000000000E+00
     790.0000000000000000   1.0000000000000000E+30   0.0000000000000000E+00
     800.0000000000000000   1.0000000000000000E+30   0.0000000000000000E+00
     810.0000000000000000   1.0000000000000000E+30   0.0000000000000000E+00
     820.0000000000000000   1.0000000000000000E+30   0.0000000000000000E+00
     830.0000000000000000   1.0000000000000000E+30   0.0000000000000000E+00
     840.0000000000000000   1.0000000000000000E+30   0.0000000000000000E+00
     850.0000000000000000   1.0000000000000000E+30   0.0000000000000000E+00
     860.0000000000000000   1.0000000000000000E+30   0.0000000000000000E+00
     870.0000000000000000   1.0000000000000000E+30   0.0000000000000000E+00
     880.0000000000000000   1.0000000000000000E+30   0.0000000000000000E+00
     890.0000000000000000   1.0000000000000000E+30   0.0000000000000000E+00
     900.0000000000000000   1.0000000000000000E+30   0.0000000000000000E+00
     910.0000000000000000   1.0000000000000000E+30   0.0000000000000000E+00
     920.0000000000000000   1.0000000000000000E+30   0.0000000000000000E+00
     930.0000000000000000   1.0000000000000000E+30   0.0000000000000000E+00
     940.0000000000000000   1.0000000000000000E+30   0.0000000000000000E+00
     950.0000000000000000   1.0000000000000000E+30   0.0000000000000000E+00
     960.0000000000000000   1.0000000000000000E+30   0.0000000000000000E+00
     970.0000000000000000   1.0000000000000000E+30   0.0000000000000000E+00
     980.0000000000000000   1.0000000000000000E+30   0.0000000000000000E+00
     990.0000000000000000   1.0000000000000000E+30   0.0000000000000000E+00
    1000.0000000000000000   1.0000000000000000E+30   0.0000000000000000E+00
    1100.0000000000000000   1.0000000000000000E+30   0.0000000000000000E+00
    1200.0000000000000000   1.0000000000000000E+30   0.0000000000000000E+00
    1300.0000000000000000   1.0000000000000000E+30   0.0000000000000000E+00
    1400.0000000000000000   1.0000000000000000E+30   0.0000000000000000E+00
    1500.0000000000000000   1.0000000000000000E+30   0.0000000000000000E+00
    1600.0000000000000000   1.0000000000000000E+30   0.0000000000000000E+00
    1700.0000000000000000   1.0000000000000000E+30   0.0000000000000000E+00
    1800.0000000000000000   1.0000000000000000E+30   0.0000000000000000E+00
    1843.9990000000000236   1.0000000000000000E+30   0.0000000000000000E+00
    1844.0009999999999764   1.0000000000000000E+30   0.0000000000000000E+00
    1900.0000000000000000   1.0000000000000000E+30   0.0000000000000000E+00
    2000.0000000000000000   1.0000000000000000E+30   0.0000000000000000E+00
    2100.0000000000000000   1.0000000000000000E+30   0.0000000000000000E+00
    2200.0000000000000000   1.0000000000000000E+30   0.0000000000000000E+00
    2300.0000000000000000   1.0000000000000000E+30   0.0000000000000000E+00
    2400.0000000000000000   1.0000000000000000E+30   0.0000000000000000E+00
    2475.9989999999997963   1.0000000000000000E+30   0.0000000000000000E+00
    2476.0010000000002037   1.5760805555975566E+14   1.5709856905513609E-11
    2500.0000000000000000   5.1324501664932114E+08   4.8351030069277007E-06
    2526.9989999999997963   1.6493748648980641E+08   1.5083501474087635E-05
    2527.0010000000002037   1.6492929120532393E+08   1.5084253734805937E-05
    2600.0000000000000000   4.2589697859955415E+07   5.8806027314250341E-05
    2631.9989999999997963   2.9907495061675102E+07   8.3985122710402999E-05
    2632.0010000000002037   2.9906955089985210E+07   8.3986654011610038E-05
    2700.0000000000000000   1.7078990650229134E+07   1.4796386938227462E-04
    2800.0000000000000000   9.6119131738371812E+06   2.6522817348113668E-04
    2871.9989999999997963   7.0265100657857759E+06   3.6508631597523034E-04
    2872.0010000000002037   7.0264565630835891E+06   3.6508915830641515E-04
    2900.0000000000000000   6.3157103767855801E+06   4.0715309537426653E-04
    3000.0000000000000000   4.5407088107900508E+06   5.7115964143524683E-04
    3100.0000000000000000   3.4634421270939466E+06   7.5515356634041136E-04
    3200.0000000000000000   2.7551387712571030E+06   9.5725487140057620E-04
    3300.0000000000000000   2.2617349423456332E+06   1.1757851428694367E-03
    3400.0000000000000000   1.9027140092197678E+06   1.4091841180057774E-03
    3500.0000000000000000   1.6324029999767349E+06   1.6559991291102056E-03
    3600.0000000000000000   1.4232157754847794E+06   1.9148644832564597E-03
    3700.0000000000000000   1.2576441741903448E+06   2.1844743265085854E-03
    3800.0000000000000000   1.1240963935453889E+06   2.4636075618430465E-03
    3900.0000000000000000   1.0146590645444349E+06   2.7510472996681475E-03
    4000.0000000000000000   9.2374227911121468E+05   3.0456626502982777E-03
    4100.0000000000000000   8.4732021934075630E+05   3.3463356082746535E-03
    4200.0000000000000000   7.8241661054553266E+05   3.6520039519316464E-03
    4300.0000000000000000   7.2679812621146941E+05   3.9616287026691460E-03
    4400.0000000000000000   6.7875535979435779E+05   4.2742183300292034E-03
    4500.0000000000000000   6.3696250667774281E+05   4.5888173662269110E-03
    4600.0000000000000000   6.0037722209041403E+05   4.9045104154087958E-03
    4700.0000000000000000   5.6816917012399551E+05   5.2204292524497126E-03
    4800.0000000000000000   5.3967084754411969E+05   5.5357473942446410E-03
    4900.0000000000000000   5.1433834383862332E+05   5.8497013720648656E-03
    5000.0000000000000000   4.9172565302186861E+05   6.1615786209597359E-03
    5100.0000000000000000   4.7146528311021463E+05   6.4706984797603543E-03
    5200.0000000000000000   4.5324851528612291E+05   6.7764730706672358E-03
    5300.0000000000000000   4.3681750615008484E+05   7.0783472212393155E-03
    5400.0000000000000000   4.2195412862098165E+05   7.3758250919254541E-03
    5500.0000000000000000   4.0847256028627290E+05   7.6684730206136465E-03
    5600.0000000000000000   3.9621423786535079E+05   7.9559038128690501E-03
    5700.0000000000000000   3.8504261450661795E+05   8.2377888180812341E-03
    5800.0000000000000000   3.7484008912986517E+05   8.5138406005554473E-03
    5900.0000000000000000   3.6550398942304711E+05   8.7838359813938571E-03
    6000.0000000000000000   3.5694575186525623E+05   9.0475701400736120E-03
    6100.0000000000000000   3.4908729712239548E+05   9.3048987588435217E-03
    6200.0000000000000000   3.4186044813308225E+05   9.5557029451181150E-03
    6300.0000000000000000   3.3520487822252110E+05   9.7999079953044084E-03
    6400.0000000000000000   3.2906753071892390E+05   1.0037461269288461E-02
    6500.0000000000000000   3.2340111558194825E+05   1.0268348929443748E-02
    6600.0000000000000000   3.1816407688856282E+05   1.0492564194583378E-02
    6700.0000000000000000   3.1331876845000376E+05   1.0710143821873293E-02
    6800.0000000000000000   3.0883204455405613E+05   1.0921127181818311E-02
    6900.0000000000000000   3.0467404251972242E+05   1.1125578200096601E-02
    7000.0000000000000000   3.0081794758812140E+05   1.1323573409526413E-02
    7100.0000000000000000   2.9723970344196423E+05   1.1515200876262094E-02
    7200.0000000000000000   2.9391746185220254E+05   1.1700565264638972E-02
    7300.0000000000000000   2.9083164568542480E+05   1.1879773708731702E-02
    7400.0000000000000000   2.8796442754759168E+05   1.2052944525972874E-02
    7500.0000000000000000   2.8529971874694736E+05   1.2220198975514403E-02
    7600.0000000000000000   2.8282289830969268E+05   1.2381662932500682E-02
    7700.0000000000000000   2.8052057146826421E+05   1.2537469875584958E-02
    7800.0000000000000000   2.7838054836254352E+05   1.2687755241312035E-02
    7900.0000000000000000   2.7639180667187308E+05   1.2832649856974462E-02
    8000.0000000000000000   2.7454408691792301E+05   1.2972294803956494E-02
    8100.0000000000000000   2.7282805092772399E+05   1.3106828894861226E-02
    8200.0000000000000000   2.7123522364816535E+05   1.3236384617378619E-02
    8300.0000000000000000   2.6975765105472750E+05   1.3361103757867934E-02
    8400.0000000000000000   2.6838821529010416E+05   1.3481115020066756E-02
    8500.0000000000000000   2.6712012835658994E+05   1.3596558988919033E-02
    8600.0000000000000000   2.6594731083789223E+05   1.3707563243372188E-02
    8700.0000000000000000   2.6486408339925372E+05   1.3814257625266918E-02
    8800.0000000000000000   2.6386509613002883E+05   1.3916774993942055E-02
    8900.0000000000000000   2.6294550617988373E+05   1.4015238963353585E-02
    9000.0000000000000000   2.6210088654242246E+05   1.4109766065671089E-02
    9100.0000000000000000   2.6132689605138384E+05   1.4200485666802598E-02
    9200.0000000000000000   2.6061974204172645E+05   1.4287507599731705E-02
    9300.0000000000000000   2.5997568427601151E+05   1.4370954121779436E-02
    9400.0000000000000000   2.5939146175490989E+05   1.4450927258700204E-02
    9500.0000000000000000   2.5886374956338698E+05   1.4527549450674210E-02
    9600.0000000000000000   2.5838980418011243E+05   1.4600909719139578E-02
    9700.0000000000000000   2.5796672815739666E+05   1.4671122549811226E-02
    9800.0000000000000000   2.5759193129285862E+05   1.4738289411208324E-02
    9900.0000000000000000   2.5726308008027793E+05   1.4802500836239395E-02
   10000.0000000000000000   2.5697781065183351E+05   1.4863859861384509E-02
   11000.0000000000000000   2.5611676808534961E+05   1.5339070596489176E-02
   12000.0000000000000000   2.5791891633399279E+05   1.5613395342768304E-02
   13000.0000000000000000   2.6147720989899608E+05   1.5743269402838357E-02
   14000.0000000000000000   2.6624289616089285E+05   1.5769208122853918E-02
   15000.0000000000000000   2.7186650871873187E+05   1.5720341532789617E-02
   16000.0000000000000000   2.7811598078022228E+05   1.5617729409950530E-02
   17000.0000000000000000   2.8483178519896464E+05   1.5476702826319112E-02
   18000.0000000000000000   2.9190104464675480E+05   1.5308500336483186E-02
   19000.0000000000000000   2.9924191044415924E+05   1.5121413852571437E-02
   20000.0000000000000000   3.0679377250876080E+05   1.4921595264875952E-02
   20005.9989999999997963   3.0683961374329141E+05   1.4920368132680177E-02
   20006.0010000000002037   3.0683962902766757E+05   1.4920367723473920E-02
   21000.0000000000000000   3.1451092908028362E+05   1.4713629175015527E-02
   22000.0000000000000000   3.2235837417118461E+05   1.4500942007045024E-02
   23000.0000000000000000   3.3030892808795668E+05   1.4286097968728047E-02
   24000.0000000000000000   3.3834122829358955E+05   1.4071015276442226E-02
   25000.0000000000000000   3.4643830979288666E+05   1.3857124505294622E-02
   26000.0000000000000000   3.5458656633712741E+05   1.3645486826128480E-02
   27000.0000000000000000   3.6277500329701224E+05   1.3436881388541893E-02
   28000.0000000000000000   3.7060831803527632E+05   1.3278827799004547E-02
   29000.0000000000000000   3.7896988691868074E+05   1.3070580290647595E-02
   30000.0000000000000000   3.8729964133752603E+05   1.2872029773013461E-02
   31000.0000000000000000   3.9559887891871494E+05   1.2682475520692972E-02
   32000.0000000000000000   4.0386890100254561E+05   1.2501281037675720E-02
   33000.0000000000000000   4.1211097655431862E+05   1.2327868672527617E-02
   34000.0000000000000000   4.2032634365566255E+05   1.2161712457596336E-02
   35000.0000000000000000   4.2889643445464660E+05   1.1963537439910858E-02
   36000.0000000000000000   4.3705241462913161E+05   1.1811762247055567E-02
   37000.0000000000000000   4.4518532302123099E+05   1.1665857991430422E-02
   38000.0000000000000000   4.5365368835370801E+05   1.1490162614177337E-02
   39000.0000000000000000   4.6173449309611606E+05   1.1356022622111162E-02
   40000.0000000000000000   4.7013990487359656E+05   1.1193410212201754E-02
   41000.0000000000000000   4.7851353803496354E+05   1.1037203042043822E-02
   42000.0000000000000000   4.8651994443619135E+05   1.0918563803311698E-02
   43000.0000000000000000   4.9483724077494437E+05   1.0773220354178091E-02
   44000.0000000000000000   5.0312586916773906E+05   1.0633241701471547E-02
   45000.0000000000000000   5.1138677866322699E+05   1.0498321246448913E-02
   46000.0000000000000000   5.1962087781648873E+05   1.0368175701246304E-02
   47000.0000000000000000   5.2782903699284268E+05   1.0242542896036887E-02
   48000.0000000000000000   5.3601208983608044E+05   1.0121179791454785E-02
   49000.0000000000000000   5.4417083581253048E+05   1.0003860729334971E-02
   50000.0000000000000000   5.5230603918472142E+05   9.8903760573089295E-03
