       0.1000000000000000   1.0000000000000000E+30   0.0000000000000000E+00
       0.2000000000000000   1.0000000000000000E+30   0.0000000000000000E+00
       0.3000000000000000   1.0000000000000000E+30   0.0000000000000000E+00
       0.4000000000000000   1.0000000000000000E+30   0.0000000000000000E+00
       0.5000000000000000   1.0000000000000000E+30   0.0000000000000000E+00
       0.6000000000000000   1.0000000000000000E+30   0.0000000000000000E+00
       0.7000000000000000   1.0000000000000000E+30   0.0000000000000000E+00
       0.7999999999999999   1.0000000000000000E+30   0.0000000000000000E+00
       0.8999999999999999   1.0000000000000000E+30   0.0000000000000000E+00
       0.9999999999999999   1.0000000000000000E+30   0.0000000000000000E+00
       2.0000000000000000   1.0000000000000000E+30   0.0000000000000000E+00
       3.0000000000000000   1.0000000000000000E+30   0.0000000000000000E+00
       4.0000000000000000   1.0000000000000000E+30   0.0000000000000000E+00
       5.0000000000000000   1.0000000000000000E+30   0.0000000000000000E+00
       6.0000000000000000   1.0000000000000000E+30   0.0000000000000000E+00
       7.0000000000000000   1.0000000000000000E+30   0.0000000000000000E+00
       8.0000000000000000   1.0000000000000000E+30   0.0000000000000000E+00
       9.0000000000000000   1.0000000000000000E+30   0.0000000000000000E+00
      10.0000000000000000   1.0000000000000000E+30   0.0000000000000000E+00
      11.0000000000000000   1.0000000000000000E+30   0.0000000000000000E+00
      12.0000000000000000   1.0000000000000000E+30   0.0000000000000000E+00
      13.0000000000000000   1.0000000000000000E+30   0.0000000000000000E+00
      14.0000000000000000   1.0000000000000000E+30   0.0000000000000000E+00
      15.0000000000000000   1.0000000000000000E+30   0.0000000000000000E+00
      16.0000000000000000   1.0000000000000000E+30   0.0000000000000000E+00
      17.0000000000000000   1.0000000000000000E+30   0.0000000000000000E+00
      18.0000000000000000   1.0000000000000000E+30   0.0000000000000000E+00
      19.0000000000000000   1.0000000000000000E+30   0.0000000000000000E+00
      20.0000000000000000   1.0000000000000000E+30   0.0000000000000000E+00
      21.0000000000000000   1.0000000000000000E+30   0.0000000000000000E+00
      22.0000000000000000   1.0000000000000000E+30   0.0000000000000000E+00
      23.0000000000000000   1.0000000000000000E+30   0.0000000000000000E+00
      24.0000000000000000   1.0000000000000000E+30   0.0000000000000000E+00
      25.0000000000000000   1.0000000000000000E+30   0.0000000000000000E+00
      26.0000000000000000   1.0000000000000000E+30   0.0000000000000000E+00
      27.0000000000000000   1.0000000000000000E+30   0.0000000000000000E+00
      28.0000000000000000   1.0000000000000000E+30   0.0000000000000000E+00
      29.0000000000000000   1.0000000000000000E+30   0.0000000000000000E+00
      30.0000000000000000   1.0000000000000000E+30   0.0000000000000000E+00
      31.0000000000000000   1.0000000000000000E+30   0.0000000000000000E+00
      32.0000000000000000   1.0000000000000000E+30   0.0000000000000000E+00
      33.0000000000000000   1.0000000000000000E+30   0.0000000000000000E+00
      34.0000000000000000   1.0000000000000000E+30   0.0000000000000000E+00
      35.0000000000000000   1.0000000000000000E+30   0.0000000000000000E+00
      36.0000000000000000   1.0000000000000000E+30   0.0000000000000000E+00
      37.0000000000000000   1.0000000000000000E+30   0.0000000000000000E+00
      38.0000000000000000   1.0000000000000000E+30   0.0000000000000000E+00
      39.0000000000000000   1.0000000000000000E+30   0.0000000000000000E+00
      40.0000000000000000   1.0000000000000000E+30   0.0000000000000000E+00
      41.0000000000000000   1.0000000000000000E+30   0.0000000000000000E+00
      41.9990000000000023   1.0000000000000000E+30   0.0000000000000000E+00
      42.0000000000000000   1.0000000000000000E+30   0.0000000000000000E+00
      42.0009999999999977   1.0000000000000000E+30   0.0000000000000000E+00
      43.0000000000000000   1.0000000000000000E+30   0.0000000000000000E+00
      44.0000000000000000   1.0000000000000000E+30   0.0000000000000000E+00
      44.9990000000000023   1.0000000000000000E+30   0.0000000000000000E+00
      45.0000000000000000   1.0000000000000000E+30   0.0000000000000000E+00
      45.0009999999999977   1.0000000000000000E+30   0.0000000000000000E+00
      46.0000000000000000   1.0000000000000000E+30   0.0000000000000000E+00
      47.0000000000000000   1.0000000000000000E+30   0.0000000000000000E+00
      48.0000000000000000   1.0000000000000000E+30   0.0000000000000000E+00
      49.0000000000000000   1.0000000000000000E+30   0.0000000000000000E+00
      50.0000000000000000   1.0000000000000000E+30   0.0000000000000000E+00
      51.0000000000000000   1.0000000000000000E+30   0.0000000000000000E+00
      52.0000000000000000   1.0000000000000000E+30   0.0000000000000000E+00
      53.0000000000000000   1.0000000000000000E+30   0.0000000000000000E+00
      54.0000000000000000   1.0000000000000000E+30   0.0000000000000000E+00
      55.0000000000000000   1.0000000000000000E+30   0.0000000000000000E+00
      56.0000000000000000   1.0000000000000000E+30   0.0000000000000000E+00
      57.0000000000000000   1.0000000000000000E+30   0.0000000000000000E+00
      58.0000000000000000   1.0000000000000000E+30   0.0000000000000000E+00
      59.0000000000000000   1.0000000000000000E+30   0.0000000000000000E+00
      60.0000000000000000   1.0000000000000000E+30   0.0000000000000000E+00
      61.0000000000000000   1.0000000000000000E+30   0.0000000000000000E+00
      62.0000000000000000   1.0000000000000000E+30   0.0000000000000000E+00
      63.0000000000000000   1.0000000000000000E+30   0.0000000000000000E+00
      64.0000000000000000   1.0000000000000000E+30   0.0000000000000000E+00
      65.0000000000000000   1.0000000000000000E+30   0.0000000000000000E+00
      66.0000000000000000   1.0000000000000000E+30   0.0000000000000000E+00
      67.0000000000000000   1.0000000000000000E+30   0.0000000000000000E+00
      67.9989999999999952   1.0000000000000000E+30   0.0000000000000000E+00
      68.0000000000000000   1.0000000000000000E+30   0.0000000000000000E+00
      68.0010000000000048   1.0000000000000000E+30   0.0000000000000000E+00
      69.0000000000000000   1.0000000000000000E+30   0.0000000000000000E+00
      70.0000000000000000   1.0000000000000000E+30   0.0000000000000000E+00
      71.0000000000000000   1.0000000000000000E+30   0.0000000000000000E+00
      72.0000000000000000   1.0000000000000000E+30   0.0000000000000000E+00
      73.0000000000000000   1.0000000000000000E+30   0.0000000000000000E+00
      74.0000000000000000   1.0000000000000000E+30   0.0000000000000000E+00
      75.0000000000000000   1.0000000000000000E+30   0.0000000000000000E+00
      76.0000000000000000   1.0000000000000000E+30   0.0000000000000000E+00
      77.0000000000000000   1.0000000000000000E+30   0.0000000000000000E+00
      78.0000000000000000   1.0000000000000000E+30   0.0000000000000000E+00
      79.0000000000000000   1.0000000000000000E+30   0.0000000000000000E+00
      80.0000000000000000   1.0000000000000000E+30   0.0000000000000000E+00
      81.0000000000000000   1.0000000000000000E+30   0.0000000000000000E+00
      82.0000000000000000   1.0000000000000000E+30   0.0000000000000000E+00
      83.0000000000000000   1.0000000000000000E+30   0.0000000000000000E+00
      84.0000000000000000   1.0000000000000000E+30   0.0000000000000000E+00
      85.0000000000000000   1.0000000000000000E+30   0.0000000000000000E+00
      86.0000000000000000   1.0000000000000000E+30   0.0000000000000000E+00
      87.0000000000000000   1.0000000000000000E+30   0.0000000000000000E+00
      88.0000000000000000   1.0000000000000000E+30   0.0000000000000000E+00
      89.0000000000000000   1.0000000000000000E+30   0.0000000000000000E+00
      90.0000000000000000   1.0000000000000000E+30   0.0000000000000000E+00
      91.0000000000000000   1.0000000000000000E+30   0.0000000000000000E+00
      92.0000000000000000   1.0000000000000000E+30   0.0000000000000000E+00
      93.0000000000000000   1.0000000000000000E+30   0.0000000000000000E+00
      94.0000000000000000   1.0000000000000000E+30   0.0000000000000000E+00
      95.0000000000000000   1.0000000000000000E+30   0.0000000000000000E+00
      96.0000000000000000   1.0000000000000000E+30   0.0000000000000000E+00
      97.0000000000000000   1.0000000000000000E+30   0.0000000000000000E+00
      98.0000000000000000   1.0000000000000000E+30   0.0000000000000000E+00
      99.0000000000000000   1.0000000000000000E+30   0.0000000000000000E+00
     100.0000000000000000   1.0000000000000000E+30   0.0000000000000000E+00
     103.9989999999999952   1.0000000000000000E+30   0.0000000000000000E+00
     104.0010000000000048   1.0000000000000000E+30   0.0000000000000000E+00
     110.0000000000000000   1.0000000000000000E+30   0.0000000000000000E+00
     120.0000000000000000   1.0000000000000000E+30   0.0000000000000000E+00
     130.0000000000000000   1.0000000000000000E+30   0.0000000000000000E+00
     140.0000000000000000   1.0000000000000000E+30   0.0000000000000000E+00
     150.0000000000000000   1.0000000000000000E+30   0.0000000000000000E+00
     153.9989999999999952   1.0000000000000000E+30   0.0000000000000000E+00
     154.0010000000000048   1.0000000000000000E+30   0.0000000000000000E+00
     160.0000000000000000   1.0000000000000000E+30   0.0000000000000000E+00
     167.9989999999999952   1.0000000000000000E+30   0.0000000000000000E+00
     168.0010000000000048   1.0000000000000000E+30   0.0000000000000000E+00
     169.9989999999999952   1.0000000000000000E+30   0.0000000000000000E+00
     170.0000000000000000   5.7588843164554512E+10   2.9519606690872667E-09
     170.0010000000000048   5.7590094781561829E+10   2.9518965135377337E-09
     180.0000000000000000   1.8028638564606025E+05   9.5569868438437897E-04
     190.0000000000000000   6.2103939743689036E+04   2.8105658895372621E-03
     200.0000000000000000   3.3222697146233048E+04   5.3206470974262411E-03
     210.0000000000000000   2.1354416591547917E+04   8.3809822316051677E-03
     220.0000000000000000   1.5203706162718343E+04   1.1916172144307091E-02
     230.0000000000000000   1.1558806317711933E+04   1.5863934540778935E-02
     231.9989999999999952   1.1007809204630519E+04   1.6697952542726956E-02
     232.0010000000000048   1.1007286624628074E+04   1.6698785139221021E-02
     233.9989999999999952   1.0500806197831002E+04   1.7546052029938884E-02
     234.0010000000000048   1.0500324472283532E+04   1.7546898781590516E-02
     236.9989999999999952   9.8125979983786037E+03   1.8843929600178336E-02
     237.0010000000000048   9.8121697076759938E+03   1.8844796864867307E-02
     240.0000000000000000   9.1994778358381645E+03   2.0171645821319875E-02
     250.0000000000000000   7.5736830273636724E+03   2.4792759916932319E-02
     260.0000000000000000   6.3998816365425546E+03   2.9684898341564511E-02
     270.0000000000000000   5.5212729024732826E+03   3.4808914978489751E-02
     280.0000000000000000   4.8444763577655849E+03   4.0128154645129935E-02
     290.0000000000000000   4.3108730515056322E+03   4.5607619582417651E-02
     300.0000000000000000   3.8820136306221461E+03   5.1213935149542575E-02
     310.0000000000000000   3.5317746368258418E+03   5.6914874295116290E-02
     320.0000000000000000   3.2418550434696426E+03   6.2679395071221819E-02
     330.0000000000000000   2.9990836067394598E+03   6.8477951068626572E-02
     340.0000000000000000   2.7937696878028605E+03   7.4282514307282985E-02
     350.0000000000000000   2.6186397393249426E+03   8.0066749855114028E-02
     360.0000000000000000   2.4681368267780822E+03   8.5806289861490012E-02
     370.0000000000000000   2.3379461861574550E+03   9.1478959715997191E-02
     380.0000000000000000   2.2246727061193674E+03   9.7064844333288020E-02
     390.0000000000000000   2.1256137269281626E+03   1.0254625232843624E-01
     398.9990000000000236   2.0468102831798731E+03   1.0737710863530724E-01
     399.0009999999999764   2.0467937626112405E+03   1.0737817013046225E-01
     400.0000000000000000   2.0385867442562890E+03   1.0790810573952672E-01
     410.0000000000000000   1.9618196212654746E+03   1.1313743141779405E-01
     415.9990000000000236   1.9200730891104618E+03   1.1620643439230516E-01
     416.0009999999999764   1.9200596761189258E+03   1.1620744822118415E-01
     420.0000000000000000   1.8938539635451812E+03   1.1822371294506069E-01
     430.0000000000000000   1.8334830085321250E+03   1.2315851479841966E-01
     440.0000000000000000   1.7797005787152784E+03   1.2793535186688992E-01
     450.0000000000000000   1.7316619529812376E+03   1.3254952522241661E-01
     460.0000000000000000   1.6886527511265474E+03   1.3699806688157770E-01
     470.0000000000000000   1.6500668240800314E+03   1.4127930482009191E-01
     480.0000000000000000   1.6153854878928803E+03   1.4539296336827937E-01
     490.0000000000000000   1.5841651748239469E+03   1.4933967223792410E-01
     500.0000000000000000   1.5560220008838257E+03   1.5312113934522112E-01
     510.0000000000000000   1.5306250529556348E+03   1.5673968762975907E-01
     510.9989999999999668   1.5282274520872934E+03   1.5709232692342445E-01
     511.0009999999999195   1.5282226781233160E+03   1.5709303112786499E-01
     520.0000000000000000   1.5076862253933125E+03   1.6019831455286415E-01
     530.0000000000000000   1.4869538579054913E+03   1.6350057511577801E-01
     540.0000000000000000   1.4682084886109585E+03   1.6665031899151239E-01
     550.0000000000000000   1.4512569129372966E+03   1.6965175666691065E-01
     560.0000000000000000   1.4359285701641340E+03   1.7250936657640642E-01
     570.0000000000000000   1.4220739313933716E+03   1.7522762500149447E-01
     580.0000000000000000   1.4095592456314268E+03   1.7781126455934398E-01
     590.0000000000000000   1.3982661055865772E+03   1.8026501120161950E-01
     600.0000000000000000   1.3880890637038153E+03   1.8259357389521158E-01
     610.0000000000000000   1.3789342366090191E+03   1.8480158595865920E-01
     620.0000000000000000   1.3707165138514169E+03   1.8689380217280951E-01
     630.0000000000000000   1.3633604263274403E+03   1.8887473237669597E-01
     640.0000000000000000   1.3567977663125164E+03   1.9074884100040176E-01
     650.0000000000000000   1.3509671517862207E+03   1.9252046592668956E-01
     660.0000000000000000   1.3458125915618284E+03   1.9419392339849006E-01
     670.0000000000000000   1.3412840367711251E+03   1.9577327495877136E-01
     680.0000000000000000   1.3373360841889294E+03   1.9726244098429929E-01
     690.0000000000000000   1.3339265060106602E+03   1.9866541693386880E-01
     700.0000000000000000   1.3310180627283939E+03   1.9998578638854317E-01
     710.0000000000000000   1.3285757375863793E+03   2.0122723748377844E-01
     720.0000000000000000   1.3265683797248662E+03   2.0239311149765132E-01
     730.0000000000000000   1.3249667833390952E+03   2.0348679490835855E-01
     740.0000000000000000   1.3237448041592538E+03   2.0451136932002587E-01
     750.0000000000000000   1.3228777338586319E+03   2.0546996526633066E-01
     760.0000000000000000   1.3223433269590064E+03   2.0636547002115299E-01
     770.0000000000000000   1.3221209753089843E+03   2.0720066848715465E-01
     780.0000000000000000   1.3221915771336955E+03   2.0797825597691780E-01
     790.0000000000000000   1.3225376237515284E+03   2.0870077023926800E-01
     800.0000000000000000   1.3231427796052353E+03   2.0937067618704497E-01
     810.0000000000000000   1.3239919815587207E+03   2.0999032367307699E-01
     820.0000000000000000   1.3250713320687605E+03   2.1056192345600411E-01
     830.0000000000000000   1.3263677508313087E+03   2.1108764409776137E-01
     840.0000000000000000   1.3278691846857494E+03   2.1156953057503541E-01
     850.0000000000000000   1.3295645077414438E+03   2.1200951008698193E-01
     860.0000000000000000   1.3314431333678776E+03   2.1240947876118615E-01
     870.0000000000000000   1.3334953454655956E+03   2.1277121166114005E-01
     880.0000000000000000   1.3357120253946619E+03   2.1309641244940897E-01
     890.0000000000000000   1.3380846728727308E+03   2.1338670648020092E-01
     900.0000000000000000   1.3406052653824606E+03   2.1364365880705233E-01
     910.0000000000000000   1.3432663831224922E+03   2.1386874658476129E-01
     920.0000000000000000   1.3460610281793424E+03   2.1406338578358497E-01
     930.0000000000000000   1.3489826144862564E+03   2.1422893959525408E-01
     940.0000000000000000   1.3520249345343020E+03   2.1436671154619888E-01
     950.0000000000000000   1.3551822672223650E+03   2.1447792134051577E-01
     960.0000000000000000   1.3584491324548417E+03   2.1456375730233021E-01
     970.0000000000000000   1.3618203943135322E+03   2.1462535221284582E-01
     980.0000000000000000   1.3652911885943352E+03   2.1466379113320830E-01
     990.0000000000000000   1.3688569871630712E+03   2.1468009687057962E-01
    1000.0000000000000000   1.3725134803085241E+03   2.1467525702326992E-01
    1100.0000000000000000   1.4132717319238971E+03   2.1365243763898800E-01
    1200.0000000000000000   1.4597427749036513E+03   2.1133228386370456E-01
    1300.0000000000000000   1.5100462792493529E+03   2.0820342892229463E-01
    1400.0000000000000000   1.5629948374652065E+03   2.0458517973502552E-01
    1500.0000000000000000   1.6178066744173229E+03   2.0068842552487950E-01
    1600.0000000000000000   1.6739493183351640E+03   1.9665351410113552E-01
    1700.0000000000000000   1.7310497975118449E+03   1.9257420216877655E-01
    1800.0000000000000000   1.7888407637778607E+03   1.8851303818044982E-01
    1843.9990000000000236   1.8144345948852886E+03   1.8674316574683833E-01
    1844.0009999999999764   1.8144357602279069E+03   1.8674308560220482E-01
    1900.0000000000000000   1.8471267950297981E+03   1.8451142969684964E-01
    2000.0000000000000000   1.9045500550197867E+03   1.8097063050904300E-01
    2100.0000000000000000   1.9646215379783016E+03   1.7692451804468645E-01
    2200.0000000000000000   2.0222596811942417E+03   1.7374431243452898E-01
    2300.0000000000000000   2.0817433477324757E+03   1.7016435174802721E-01
    2400.0000000000000000   2.1409247107417214E+03   1.6679940518477931E-01
    2475.9989999999997963   2.1857864965136955E+03   1.6435239004875607E-01
    2476.0010000000002037   2.1857878252222999E+03   1.6435228542872149E-01
    2500.0000000000000000   2.1998210882931785E+03   1.6362945986718991E-01
    2526.9989999999997963   2.2158254839252240E+03   1.6276350439229481E-01
    2527.0010000000002037   2.2158268074092839E+03   1.6276340257862598E-01
    2600.0000000000000000   2.2602883807607204E+03   1.6013785449410262E-01
    2631.9989999999997963   2.2776620905176487E+03   1.5957663194037336E-01
    2632.0010000000002037   2.2776634037144090E+03   1.5957653556385173E-01
    2700.0000000000000000   2.3186035038218142E+03   1.5732882352944011E-01
    2800.0000000000000000   2.3766820163061111E+03   1.5466640663755821E-01
    2871.9989999999997963   2.4198577639605805E+03   1.5244189722710369E-01
    2872.0010000000002037   2.4198590562068821E+03   1.5244181192427705E-01
    2900.0000000000000000   2.4362261291410332E+03   1.5169861906909896E-01
    3000.0000000000000000   2.4954713759517858E+03   1.4888846042136064E-01
    3100.0000000000000000   2.5544320545152200E+03   1.4622305192335572E-01
    3200.0000000000000000   2.6131216365178343E+03   1.4369089780265545E-01
    3300.0000000000000000   2.6715527879802212E+03   1.4128170795953476E-01
    3400.0000000000000000   2.7297374206054374E+03   1.3898624067857671E-01
    3500.0000000000000000   2.7876867128444596E+03   1.3679617681744274E-01
    3600.0000000000000000   2.8468946778471272E+03   1.3435870479383619E-01
    3700.0000000000000000   2.9043728346761104E+03   1.3236832505249391E-01
    3800.0000000000000000   2.9616456686883639E+03   1.3046229454073538E-01
    3900.0000000000000000   3.0201309544906180E+03   1.2831948909807991E-01
    4000.0000000000000000   3.0769882603483084E+03   1.2657506320649395E-01
    4100.0000000000000000   3.1350312886131251E+03   1.2460086908056703E-01
    4200.0000000000000000   3.1928584537605730E+03   1.2270700729572502E-01
    4300.0000000000000000   3.2491367376400840E+03   1.2117183142009552E-01
    4400.0000000000000000   3.3065664675518501E+03   1.1941704779195143E-01
    4500.0000000000000000   3.3638009165098274E+03   1.1772910688921857E-01
    4600.0000000000000000   3.4208462537035043E+03   1.1610410689431262E-01
    4700.0000000000000000   3.4777083632502172E+03   1.1453844902199135E-01
    4800.0000000000000000   3.5343928697541296E+03   1.1302880665115990E-01
    4900.0000000000000000   3.5909051357753974E+03   1.1157210292609783E-01
    5000.0000000000000000   3.6472502956502772E+03   1.1016548432343477E-01
    5100.0000000000000000   3.7034332488962436E+03   1.0880630359730380E-01
    5200.0000000000000000   3.7594586846005600E+03   1.0749209965912709E-01
    5300.0000000000000000   3.8153310890111743E+03   1.0622058171808615E-01
    5400.0000000000000000   3.8710547528652683E+03   1.0498961540744096E-01
    5500.0000000000000000   3.9278096105393242E+03   1.0358105203546986E-01
    5600.0000000000000000   3.9832340860889481E+03   1.0242962297559106E-01
    5700.0000000000000000   4.0385216776721554E+03   1.0131299572713884E-01
    5800.0000000000000000   4.0936760132787867E+03   1.0022954775301858E-01
    5900.0000000000000000   4.1498345081584748E+03   9.8977544825191013E-02
    6000.0000000000000000   4.2047186869490379E+03   9.7959705762221849E-02
    6100.0000000000000000   4.2594797059745915E+03   9.6970627132479850E-02
    6200.0000000000000000   4.3152259990893717E+03   9.5819357867241481E-02
    6300.0000000000000000   4.3697358422506441E+03   9.4887481858802317E-02
    6400.0000000000000000   4.4252218921943113E+03   9.3797374193400784E-02
    6500.0000000000000000   4.4794921172380182E+03   9.2917814983026814E-02
    6600.0000000000000000   4.5347286808503304E+03   9.1883881556232436E-02
    6700.0000000000000000   4.5887700516811174E+03   9.1052298450888511E-02
    6800.0000000000000000   4.6437672277218053E+03   9.0070084230191444E-02
    6900.0000000000000000   4.6975897572176254E+03   8.9282611757969657E-02
    7000.0000000000000000   4.7523570272246507E+03   8.8348125797612115E-02
    7100.0000000000000000   4.8070117517202862E+03   8.7437356221598636E-02
    7200.0000000000000000   4.8605163169944099E+03   8.6710966674836756E-02
    7300.0000000000000000   4.9149541312939327E+03   8.5842626894086560E-02
    7400.0000000000000000   4.9682621789911072E+03   8.5152280212390782E-02
    7500.0000000000000000   5.0224911659122290E+03   8.4323313934460076E-02
    7600.0000000000000000   5.0766175898335896E+03   8.3514018768371223E-02
    7700.0000000000000000   5.1306432097968845E+03   8.2723683334031808E-02
    7800.0000000000000000   5.1835671245568137E+03   8.2099989686325120E-02
    7900.0000000000000000   5.2373985001297751E+03   8.1343659616623140E-02
    8000.0000000000000000   5.2911341486475549E+03   8.0604399810164956E-02
    8100.0000000000000000   5.3447754071521422E+03   7.9881656397920761E-02
    8200.0000000000000000   5.3973436433484294E+03   7.9315469009845083E-02
    8300.0000000000000000   5.4508039076791847E+03   7.8622273312252244E-02
    8400.0000000000000000   5.5041744755821874E+03   7.7944005781158010E-02
    8500.0000000000000000   5.5574565959219517E+03   7.7280198771127989E-02
    8600.0000000000000000   5.6106516272081617E+03   7.6630385135491169E-02
    8700.0000000000000000   5.6637610229845150E+03   7.5994100168536208E-02
    8800.0000000000000000   5.7158356844061464E+03   7.5501248618699890E-02
    8900.0000000000000000   5.7687813803185345E+03   7.4889148809350395E-02
    9000.0000000000000000   5.8216452792570954E+03   7.4289384186670943E-02
    9100.0000000000000000   5.8744285723739686E+03   7.3701578459422087E-02
    9200.0000000000000000   5.9271324738355243E+03   7.3125363903544807E-02
    9300.0000000000000000   5.9797581902111015E+03   7.2560384924879817E-02
    9400.0000000000000000   6.0323068975493416E+03   7.2006300647641117E-02
    9500.0000000000000000   6.0847797274602408E+03   7.1462786063582473E-02
    9600.0000000000000000   6.1371777641114177E+03   7.0929531702060275E-02
    9700.0000000000000000   6.1895020534969917E+03   7.0406241914324666E-02
    9800.0000000000000000   6.2417536089016166E+03   6.9892633530968570E-02
    9900.0000000000000000   6.2939334198033011E+03   6.9388434318213996E-02
   10000.0000000000000000   6.3460424543559147E+03   6.8893382183512028E-02
   11000.0000000000000000   6.8634398984311265E+03   6.4394584896478507E-02
   12000.0000000000000000   7.3763631157164109E+03   6.0393545877640460E-02
   13000.0000000000000000   7.8836998451372183E+03   5.6960054684560307E-02
   14000.0000000000000000   8.3860226203238453E+03   5.3978265872848312E-02
   15000.0000000000000000   8.8853364377058006E+03   5.1214691831105913E-02
   16000.0000000000000000   9.3796609783044041E+03   4.8841750220796835E-02
   17000.0000000000000000   9.8708777194063623E+03   4.6661490993863443E-02
   18000.0000000000000000   1.0358500292069430E+04   4.4706605034095327E-02
   19000.0000000000000000   1.0843511151997975E+04   4.2883848188344925E-02
   20000.0000000000000000   1.1325383353599449E+04   4.1231475019784455E-02
   20005.9989999999997963   1.1328286677445363E+04   4.1220329580772902E-02
   20006.0010000000002037   1.1328287645347569E+04   4.1220325867380558E-02
   21000.0000000000000000   1.1804315842351567E+04   3.9726341508852188E-02
   22000.0000000000000000   1.2280486597884184E+04   3.8349370683162520E-02
   23000.0000000000000000   1.2754746027105875E+04   3.7035227932496161E-02
   24000.0000000000000000   1.3226502086202143E+04   3.5825904580704622E-02
   25000.0000000000000000   1.3695937047555999E+04   3.4705914760586078E-02
   26000.0000000000000000   1.4163148237729176E+04   3.3666714846222183E-02
   27000.0000000000000000   1.4628244272682632E+04   3.2699661512391509E-02
   28000.0000000000000000   1.5091359494563696E+04   3.1795219111347028E-02
   29000.0000000000000000   1.5553099827862736E+04   3.0915894539818935E-02
   30000.0000000000000000   1.6013046824279560E+04   3.0088261793664580E-02
   31000.0000000000000000   1.6470553093382776E+04   2.9348871634028904E-02
   32000.0000000000000000   1.6926993167645975E+04   2.8617525718219045E-02
   33000.0000000000000000   1.7381792976071603E+04   2.7927936549112117E-02
   34000.0000000000000000   1.7835018834972630E+04   2.7276443828503156E-02
   35000.0000000000000000   1.8286717556045238E+04   2.6660404938878619E-02
   36000.0000000000000000   1.8736970063123121E+04   2.6075842314753482E-02
   37000.0000000000000000   1.9186403661645734E+04   2.5490655398032760E-02
   38000.0000000000000000   1.9633872304265722E+04   2.4963961573585530E-02
   39000.0000000000000000   2.0079935057856761E+04   2.4466373379633598E-02
   40000.0000000000000000   2.0525360108097888E+04   2.3961768303621105E-02
   41000.0000000000000000   2.0968945344807864E+04   2.3508180107365381E-02
   42000.0000000000000000   2.1411927477551355E+04   2.3047388967924260E-02
   43000.0000000000000000   2.1853830439281595E+04   2.2602913742798943E-02
   44000.0000000000000000   2.2293842143391419E+04   2.2210292943084357E-02
   45000.0000000000000000   2.2733337911538350E+04   2.1808337307990464E-02
   46000.0000000000000000   2.3171859289614644E+04   2.1419025545885186E-02
   47000.0000000000000000   2.3609344601411805E+04   2.1044653936168365E-02
   48000.0000000000000000   2.4044987039464610E+04   2.0718435440729526E-02
   49000.0000000000000000   2.4480383854302174E+04   2.0374798743349742E-02
   50000.0000000000000000   2.4914834171496379E+04   2.0043373234104302E-02
