       0.1000000000000000   1.0000000000000000E+30   0.0000000000000000E+00
       0.2000000000000000   1.0000000000000000E+30   0.0000000000000000E+00
       0.3000000000000000   1.0000000000000000E+30   0.0000000000000000E+00
       0.4000000000000000   1.0000000000000000E+30   0.0000000000000000E+00
       0.5000000000000000   1.0000000000000000E+30   0.0000000000000000E+00
       0.6000000000000000   1.0000000000000000E+30   0.0000000000000000E+00
       0.7000000000000000   1.0000000000000000E+30   0.0000000000000000E+00
       0.7999999999999999   1.0000000000000000E+30   0.0000000000000000E+00
       0.8999999999999999   1.0000000000000000E+30   0.0000000000000000E+00
       0.9999999999999999   1.0000000000000000E+30   0.0000000000000000E+00
       2.0000000000000000   1.0000000000000000E+30   0.0000000000000000E+00
       3.0000000000000000   1.0000000000000000E+30   0.0000000000000000E+00
       4.0000000000000000   1.0000000000000000E+30   0.0000000000000000E+00
       5.0000000000000000   1.0000000000000000E+30   0.0000000000000000E+00
       6.0000000000000000   1.0000000000000000E+30   0.0000000000000000E+00
       7.0000000000000000   1.0000000000000000E+30   0.0000000000000000E+00
       8.0000000000000000   1.0000000000000000E+30   0.0000000000000000E+00
       9.0000000000000000   1.0000000000000000E+30   0.0000000000000000E+00
      10.0000000000000000   1.0000000000000000E+30   0.0000000000000000E+00
      11.0000000000000000   1.0000000000000000E+30   0.0000000000000000E+00
      12.0000000000000000   1.0000000000000000E+30   0.0000000000000000E+00
      13.0000000000000000   1.0000000000000000E+30   0.0000000000000000E+00
      14.0000000000000000   1.0000000000000000E+30   0.0000000000000000E+00
      15.0000000000000000   1.0000000000000000E+30   0.0000000000000000E+00
      16.0000000000000000   1.0000000000000000E+30   0.0000000000000000E+00
      17.0000000000000000   1.0000000000000000E+30   0.0000000000000000E+00
      18.0000000000000000   1.0000000000000000E+30   0.0000000000000000E+00
      19.0000000000000000   1.0000000000000000E+30   0.0000000000000000E+00
      20.0000000000000000   1.0000000000000000E+30   0.0000000000000000E+00
      21.0000000000000000   1.0000000000000000E+30   0.0000000000000000E+00
      22.0000000000000000   1.0000000000000000E+30   0.0000000000000000E+00
      23.0000000000000000   1.0000000000000000E+30   0.0000000000000000E+00
      24.0000000000000000   1.0000000000000000E+30   0.0000000000000000E+00
      25.0000000000000000   1.0000000000000000E+30   0.0000000000000000E+00
      26.0000000000000000   1.0000000000000000E+30   0.0000000000000000E+00
      27.0000000000000000   1.0000000000000000E+30   0.0000000000000000E+00
      28.0000000000000000   1.0000000000000000E+30   0.0000000000000000E+00
      29.0000000000000000   1.0000000000000000E+30   0.0000000000000000E+00
      30.0000000000000000   1.0000000000000000E+30   0.0000000000000000E+00
      31.0000000000000000   1.0000000000000000E+30   0.0000000000000000E+00
      32.0000000000000000   1.0000000000000000E+30   0.0000000000000000E+00
      33.0000000000000000   1.0000000000000000E+30   0.0000000000000000E+00
      34.0000000000000000   1.0000000000000000E+30   0.0000000000000000E+00
      35.0000000000000000   1.0000000000000000E+30   0.0000000000000000E+00
      36.0000000000000000   1.0000000000000000E+30   0.0000000000000000E+00
      37.0000000000000000   1.0000000000000000E+30   0.0000000000000000E+00
      38.0000000000000000   1.0000000000000000E+30   0.0000000000000000E+00
      39.0000000000000000   1.0000000000000000E+30   0.0000000000000000E+00
      40.0000000000000000   1.0000000000000000E+30   0.0000000000000000E+00
      41.0000000000000000   1.0000000000000000E+30   0.0000000000000000E+00
      41.9990000000000023   1.0000000000000000E+30   0.0000000000000000E+00
      42.0000000000000000   1.0000000000000000E+30   0.0000000000000000E+00
      42.0009999999999977   1.0000000000000000E+30   0.0000000000000000E+00
      43.0000000000000000   1.0000000000000000E+30   0.0000000000000000E+00
      44.0000000000000000   1.0000000000000000E+30   0.0000000000000000E+00
      44.9990000000000023   1.0000000000000000E+30   0.0000000000000000E+00
      45.0000000000000000   1.0000000000000000E+30   0.0000000000000000E+00
      45.0009999999999977   1.0000000000000000E+30   0.0000000000000000E+00
      46.0000000000000000   1.0000000000000000E+30   0.0000000000000000E+00
      47.0000000000000000   1.0000000000000000E+30   0.0000000000000000E+00
      48.0000000000000000   1.0000000000000000E+30   0.0000000000000000E+00
      49.0000000000000000   1.0000000000000000E+30   0.0000000000000000E+00
      50.0000000000000000   1.0000000000000000E+30   0.0000000000000000E+00
      51.0000000000000000   1.0000000000000000E+30   0.0000000000000000E+00
      52.0000000000000000   1.0000000000000000E+30   0.0000000000000000E+00
      53.0000000000000000   1.0000000000000000E+30   0.0000000000000000E+00
      54.0000000000000000   1.0000000000000000E+30   0.0000000000000000E+00
      55.0000000000000000   1.0000000000000000E+30   0.0000000000000000E+00
      56.0000000000000000   1.0000000000000000E+30   0.0000000000000000E+00
      57.0000000000000000   1.0000000000000000E+30   0.0000000000000000E+00
      58.0000000000000000   1.0000000000000000E+30   0.0000000000000000E+00
      59.0000000000000000   1.0000000000000000E+30   0.0000000000000000E+00
      60.0000000000000000   1.0000000000000000E+30   0.0000000000000000E+00
      61.0000000000000000   1.0000000000000000E+30   0.0000000000000000E+00
      62.0000000000000000   1.0000000000000000E+30   0.0000000000000000E+00
      63.0000000000000000   1.0000000000000000E+30   0.0000000000000000E+00
      64.0000000000000000   1.0000000000000000E+30   0.0000000000000000E+00
      65.0000000000000000   1.0000000000000000E+30   0.0000000000000000E+00
      66.0000000000000000   1.0000000000000000E+30   0.0000000000000000E+00
      67.0000000000000000   1.0000000000000000E+30   0.0000000000000000E+00
      67.9989999999999952   1.0000000000000000E+30   0.0000000000000000E+00
      68.0000000000000000   1.0000000000000000E+30   0.0000000000000000E+00
      68.0010000000000048   1.0000000000000000E+30   0.0000000000000000E+00
      69.0000000000000000   1.0000000000000000E+30   0.0000000000000000E+00
      70.0000000000000000   1.0000000000000000E+30   0.0000000000000000E+00
      71.0000000000000000   1.0000000000000000E+30   0.0000000000000000E+00
      72.0000000000000000   1.0000000000000000E+30   0.0000000000000000E+00
      73.0000000000000000   1.0000000000000000E+30   0.0000000000000000E+00
      74.0000000000000000   1.0000000000000000E+30   0.0000000000000000E+00
      75.0000000000000000   1.0000000000000000E+30   0.0000000000000000E+00
      76.0000000000000000   1.0000000000000000E+30   0.0000000000000000E+00
      77.0000000000000000   1.0000000000000000E+30   0.0000000000000000E+00
      78.0000000000000000   1.0000000000000000E+30   0.0000000000000000E+00
      79.0000000000000000   1.0000000000000000E+30   0.0000000000000000E+00
      80.0000000000000000   1.0000000000000000E+30   0.0000000000000000E+00
      81.0000000000000000   1.0000000000000000E+30   0.0000000000000000E+00
      82.0000000000000000   1.0000000000000000E+30   0.0000000000000000E+00
      83.0000000000000000   1.0000000000000000E+30   0.0000000000000000E+00
      84.0000000000000000   1.0000000000000000E+30   0.0000000000000000E+00
      85.0000000000000000   1.0000000000000000E+30   0.0000000000000000E+00
      86.0000000000000000   1.0000000000000000E+30   0.0000000000000000E+00
      87.0000000000000000   1.0000000000000000E+30   0.0000000000000000E+00
      88.0000000000000000   1.0000000000000000E+30   0.0000000000000000E+00
      89.0000000000000000   1.0000000000000000E+30   0.0000000000000000E+00
      90.0000000000000000   1.0000000000000000E+30   0.0000000000000000E+00
      91.0000000000000000   1.0000000000000000E+30   0.0000000000000000E+00
      92.0000000000000000   1.0000000000000000E+30   0.0000000000000000E+00
      93.0000000000000000   1.0000000000000000E+30   0.0000000000000000E+00
      94.0000000000000000   1.0000000000000000E+30   0.0000000000000000E+00
      95.0000000000000000   1.0000000000000000E+30   0.0000000000000000E+00
      96.0000000000000000   1.0000000000000000E+30   0.0000000000000000E+00
      97.0000000000000000   1.0000000000000000E+30   0.0000000000000000E+00
      98.0000000000000000   1.0000000000000000E+30   0.0000000000000000E+00
      99.0000000000000000   1.0000000000000000E+30   0.0000000000000000E+00
     100.0000000000000000   1.0000000000000000E+30   0.0000000000000000E+00
     103.9989999999999952   1.0000000000000000E+30   0.0000000000000000E+00
     104.0010000000000048   1.0000000000000000E+30   0.0000000000000000E+00
     110.0000000000000000   1.0000000000000000E+30   0.0000000000000000E+00
     120.0000000000000000   1.0000000000000000E+30   0.0000000000000000E+00
     130.0000000000000000   1.0000000000000000E+30   0.0000000000000000E+00
     140.0000000000000000   1.0000000000000000E+30   0.0000000000000000E+00
     150.0000000000000000   1.0000000000000000E+30   0.0000000000000000E+00
     153.9989999999999952   1.0000000000000000E+30   0.0000000000000000E+00
     154.0010000000000048   1.0000000000000000E+30   0.0000000000000000E+00
     160.0000000000000000   1.0000000000000000E+30   0.0000000000000000E+00
     167.9989999999999952   1.0000000000000000E+30   0.0000000000000000E+00
     168.0010000000000048   1.0000000000000000E+30   0.0000000000000000E+00
     169.9989999999999952   1.0000000000000000E+30   0.0000000000000000E+00
     170.0000000000000000   1.0000000000000000E+30   0.0000000000000000E+00
     170.0010000000000048   1.0000000000000000E+30   0.0000000000000000E+00
     180.0000000000000000   1.0000000000000000E+30   0.0000000000000000E+00
     190.0000000000000000   1.0000000000000000E+30   0.0000000000000000E+00
     200.0000000000000000   1.0000000000000000E+30   0.0000000000000000E+00
     210.0000000000000000   1.0000000000000000E+30   0.0000000000000000E+00
     220.0000000000000000   1.0000000000000000E+30   0.0000000000000000E+00
     230.0000000000000000   1.0000000000000000E+30   0.0000000000000000E+00
     231.9989999999999952   1.0000000000000000E+30   0.0000000000000000E+00
     232.0010000000000048   1.4142312467582248E+11   1.6404672187225575E-09
     233.9989999999999952   5.9009264386982415E+06   3.9394884702421141E-05
     234.0010000000000048   5.8931842484953767E+06   3.9446723450928160E-05
     236.9989999999999952   1.4881764157314992E+06   1.5667528871632678E-04
     237.0010000000000048   1.4874244947783451E+06   1.5675479778531789E-04
     240.0000000000000000   7.2980150798110757E+05   3.2042999912140465E-04
     250.0000000000000000   2.1104285630414198E+05   1.1188264707570833E-03
     260.0000000000000000   1.0666288078017521E+05   2.2346954247023441E-03
     270.0000000000000000   6.6480045092291723E+04   3.6188003366773333E-03
     280.0000000000000000   4.6337256360576604E+04   5.2395098453666923E-03
     290.0000000000000000   3.4641514799251752E+04   7.0719888068799435E-03
     300.0000000000000000   2.7177170972844317E+04   9.0951905267277321E-03
     310.0000000000000000   2.2086960433199878E+04   1.1290758161342456E-02
     320.0000000000000000   1.8441126327748603E+04   1.3642168972248859E-02
     330.0000000000000000   1.5729453734608314E+04   1.6133908815889681E-02
     340.0000000000000000   1.3650938633391259E+04   1.8751881884280074E-02
     350.0000000000000000   1.2018194936390950E+04   2.1482961404295859E-02
     360.0000000000000000   1.0709343793581824E+04   2.4314651144959325E-02
     370.0000000000000000   9.6420634806804883E+03   2.7235095665041717E-02
     380.0000000000000000   8.7591622182009087E+03   3.0232436327851709E-02
     390.0000000000000000   8.0195489895894943E+03   3.3295836182890740E-02
     398.9990000000000236   7.4514956486874480E+03   3.6100266440098720E-02
     399.0009999999999764   7.4513786010235235E+03   3.6100892573212681E-02
     400.0000000000000000   7.3932305826071852E+03   3.6414574082649746E-02
     410.0000000000000000   6.8578257652540970E+03   3.9578216977300754E-02
     415.9990000000000236   6.5730178696521152E+03   4.1493399943026060E-02
     416.0009999999999764   6.5729250828200084E+03   4.1494052109781916E-02
     420.0000000000000000   6.3963269515402071E+03   4.2776629980879985E-02
     430.0000000000000000   5.9956071175689531E+03   4.6000021156532213E-02
     440.0000000000000000   5.6453792921760014E+03   4.9239026342726415E-02
     450.0000000000000000   5.3374983857196257E+03   5.2484579274146799E-02
     460.0000000000000000   5.0654275439557741E+03   5.5728103286157057E-02
     470.0000000000000000   4.8238799496563279E+03   5.8961265912148335E-02
     480.0000000000000000   4.6084888828222811E+03   6.2176880200461693E-02
     490.0000000000000000   4.4157104652947919E+03   6.5367324430575344E-02
     500.0000000000000000   4.2425543502853652E+03   6.8526183027516924E-02
     510.0000000000000000   4.0865272193067804E+03   7.1647385643613393E-02
     510.9989999999999668   4.0717983804906921E+03   7.1956886983506024E-02
     511.0009999999999195   4.0717690652868096E+03   7.1957505740358335E-02
     520.0000000000000000   3.9455223346653070E+03   7.4725462396606171E-02
     530.0000000000000000   3.8177521782818371E+03   7.7755485027435067E-02
     540.0000000000000000   3.7016867061255880E+03   8.0733149968275172E-02
     550.0000000000000000   3.5960169138766973E+03   8.3654597080947316E-02
     560.0000000000000000   3.4996077005077273E+03   8.6516627431405438E-02
     570.0000000000000000   3.4114776878105658E+03   8.9316477831756141E-02
     580.0000000000000000   3.3307737252063421E+03   9.2051832487947252E-02
     590.0000000000000000   3.2567482554707003E+03   9.4720868840485056E-02
     600.0000000000000000   3.1887458256591913E+03   9.7322179039149553E-02
     610.0000000000000000   3.1261889154062255E+03   9.9854751543814596E-02
     620.0000000000000000   3.0685691842847268E+03   1.0231785501873972E-01
     630.0000000000000000   3.0154355625747485E+03   1.0471111981754373E-01
     640.0000000000000000   2.9663860679093218E+03   1.0703448050976364E-01
     650.0000000000000000   2.9210638160510994E+03   1.0928810554548311E-01
     660.0000000000000000   2.8791501964345662E+03   1.1147236623937473E-01
     670.0000000000000000   2.8403592969697793E+03   1.1358785460365659E-01
     680.0000000000000000   2.8044351336548830E+03   1.1563531614289006E-01
     690.0000000000000000   2.7711466549758302E+03   1.1761567392248333E-01
     700.0000000000000000   2.7402871488144433E+03   1.1952990393707663E-01
     710.0000000000000000   2.7116679928639064E+03   1.2137918585375564E-01
     720.0000000000000000   2.6851197013631836E+03   1.2316472514252867E-01
     730.0000000000000000   2.6604885341502236E+03   1.2488779124673416E-01
     740.0000000000000000   2.6376345137447388E+03   1.2654974715577141E-01
     750.0000000000000000   2.6164303831639600E+03   1.2815197919103558E-01
     760.0000000000000000   2.5967597637083550E+03   1.2969593797768464E-01
     770.0000000000000000   2.5785173431590079E+03   1.3118302819291897E-01
     780.0000000000000000   2.5616059708095167E+03   1.3261473977345278E-01
     790.0000000000000000   2.5459367187380067E+03   1.3399254421096091E-01
     800.0000000000000000   2.5314290923868753E+03   1.3531786376384844E-01
     810.0000000000000000   2.5180072204546586E+03   1.3659222456106046E-01
     820.0000000000000000   2.5056027048675992E+03   1.3781705973477390E-01
     830.0000000000000000   2.4941528023592082E+03   1.3899376259154253E-01
     840.0000000000000000   2.4835981932589098E+03   1.4012381111747915E-01
     850.0000000000000000   2.4738851731058885E+03   1.4120858474134362E-01
     860.0000000000000000   2.4649639184467146E+03   1.4224944809647860E-01
     870.0000000000000000   2.4567879136438278E+03   1.4324776987554422E-01
     880.0000000000000000   2.4493153747524575E+03   1.4420478446109475E-01
     890.0000000000000000   2.4425046637102796E+03   1.4512193351262209E-01
     900.0000000000000000   2.4363209008506860E+03   1.4600030063096553E-01
     910.0000000000000000   2.4307283142190140E+03   1.4684123319104114E-01
     920.0000000000000000   2.4256949917682468E+03   1.4764592017486292E-01
     930.0000000000000000   2.4211914143690365E+03   1.4841549765975276E-01
     940.0000000000000000   2.4171891552140769E+03   1.4915115560475267E-01
     950.0000000000000000   2.4136632403019617E+03   1.4985389444839231E-01
     960.0000000000000000   2.4105887073182466E+03   1.5052484810757455E-01
     970.0000000000000000   2.4079424639044355E+03   1.5116509016495877E-01
     980.0000000000000000   2.4057037464561527E+03   1.5177556925509803E-01
     990.0000000000000000   2.4038524894848847E+03   1.5235727310102362E-01
    1000.0000000000000000   2.4023695124062601E+03   1.5291119274635337E-01
    1100.0000000000000000   2.4044016871132844E+03   1.5710907627102627E-01
    1200.0000000000000000   2.4290806290856744E+03   1.5937134172340484E-01
    1300.0000000000000000   2.4687644242416113E+03   1.6025452569402074E-01
    1400.0000000000000000   2.5187953411047870E+03   1.6015486260062395E-01
    1500.0000000000000000   2.5761900848279324E+03   1.5935525095367775E-01
    1600.0000000000000000   2.6389587671712175E+03   1.5805891723387427E-01
    1700.0000000000000000   2.7057288473633776E+03   1.5641290353997686E-01
    1800.0000000000000000   2.7755265632740357E+03   1.5452434913902377E-01
    1843.9990000000000236   2.8070064339931146E+03   1.5363762099994219E-01
    1844.0009999999999764   2.8070078743516497E+03   1.5363758005937025E-01
    1900.0000000000000000   2.8476445014924052E+03   1.5247179706036268E-01
    2000.0000000000000000   2.9215580268270733E+03   1.5031313588098968E-01
    2100.0000000000000000   2.9968711772352081E+03   1.4809118683832109E-01
    2200.0000000000000000   3.0732805465040824E+03   1.4583768740857153E-01
    2300.0000000000000000   3.1505505596776538E+03   1.4357615894439088E-01
    2400.0000000000000000   3.2284960406887467E+03   1.4132400792008801E-01
    2475.9989999999997963   3.2880940429524526E+03   1.3962667642695870E-01
    2476.0010000000002037   3.2880956148734263E+03   1.3962663196818356E-01
    2500.0000000000000000   3.3069700755839617E+03   1.3909403192484587E-01
    2526.9989999999997963   3.3282320495420690E+03   1.3849704078396752E-01
    2527.0010000000002037   3.3282336256205149E+03   1.3849699664974971E-01
    2600.0000000000000000   3.3858549512624490E+03   1.3689556515431872E-01
    2631.9989999999997963   3.4111680325889115E+03   1.3619988838261909E-01
    2632.0010000000002037   3.4111696156597154E+03   1.3619984502755472E-01
    2700.0000000000000000   3.4649072923874796E+03   1.3477279637987383E-01
    2800.0000000000000000   3.5418218396855627E+03   1.3302706003060316E-01
    2871.9989999999997963   3.6005918719014821E+03   1.3139964108112506E-01
    2872.0010000000002037   3.6005937205883256E+03   1.3139957054586246E-01
    2900.0000000000000000   3.6225280024142403E+03   1.3088589307340925E-01
    3000.0000000000000000   3.7029110626384067E+03   1.2884594641286565E-01
    3100.0000000000000000   3.7829844663558256E+03   1.2689979307063409E-01
    3200.0000000000000000   3.8627614952731019E+03   1.2504070598820452E-01
    3300.0000000000000000   3.9422550483278192E+03   1.2326258797873040E-01
    3400.0000000000000000   4.0214776060327267E+03   1.2155989902946812E-01
    3500.0000000000000000   4.1004411220153434E+03   1.1992759935653256E-01
    3600.0000000000000000   4.1824634708542644E+03   1.1799817677393683E-01
    3700.0000000000000000   4.2608609653061076E+03   1.1650481222013290E-01
    3800.0000000000000000   4.3422235308240715E+03   1.1472722842856199E-01
    3900.0000000000000000   4.4201022081013989E+03   1.1335506482983633E-01
    4000.0000000000000000   4.5008523662781399E+03   1.1171090210344341E-01
    4100.0000000000000000   4.5782549877760093E+03   1.1044512643752886E-01
    4200.0000000000000000   4.6584360427413585E+03   1.0891888226985577E-01
    4300.0000000000000000   4.7383300306699748E+03   1.0745044587936445E-01
    4400.0000000000000000   4.8179464119591757E+03   1.0603643661696954E-01
    4500.0000000000000000   4.8944354177415207E+03   1.0495573380473597E-01
    4600.0000000000000000   4.9735585223422149E+03   1.0363463283531385E-01
    4700.0000000000000000   5.0524301177024754E+03   1.0235957825181688E-01
    4800.0000000000000000   5.1310581604325180E+03   1.0112808097874985E-01
    4900.0000000000000000   5.2094502550807792E+03   9.9937832145194527E-02
    5000.0000000000000000   5.2876136993412010E+03   9.8786685147746481E-02
    5100.0000000000000000   5.3655554737251741E+03   9.7672643024287589E-02
    5200.0000000000000000   5.4458973780508759E+03   9.6354086692420682E-02
    5300.0000000000000000   5.5233812965613615E+03   9.5313912646217469E-02
    5400.0000000000000000   5.6006629521141513E+03   9.4305433335516636E-02
    5500.0000000000000000   5.6777482434518397E+03   9.3327142348550537E-02
    5600.0000000000000000   5.7546428057008770E+03   9.2377630715390610E-02
    5700.0000000000000000   5.8338291243742178E+03   9.1239144582836149E-02
    5800.0000000000000000   5.9103245278728709E+03   9.0347566084309924E-02
    5900.0000000000000000   5.9866450347850314E+03   8.9480892358380845E-02
    6000.0000000000000000   6.0652022693743993E+03   8.8433559496830030E-02
    6100.0000000000000000   6.1411537210063670E+03   8.7617339669606345E-02
    6200.0000000000000000   6.2193141208229035E+03   8.6625547871390471E-02
    6300.0000000000000000   6.2949148237715781E+03   8.5855427499111583E-02
    6400.0000000000000000   6.3726955940047237E+03   8.4914615693982190E-02
    6500.0000000000000000   6.4479625818327577E+03   8.4186731813247637E-02
    6600.0000000000000000   6.5253798407430613E+03   8.3292834035490135E-02
    6700.0000000000000000   6.6003289688352088E+03   8.2603748346143202E-02
    6800.0000000000000000   6.6773978032792784E+03   8.1753129628549928E-02
    6900.0000000000000000   6.7520438643789284E+03   8.1099770091021886E-02
    7000.0000000000000000   6.8287784166345746E+03   8.0289170174060689E-02
    7100.0000000000000000   6.9031352106211561E+03   7.9668784347411564E-02
    7200.0000000000000000   6.9795487596321782E+03   7.8895269453996303E-02
    7300.0000000000000000   7.0558035301668797E+03   7.8140495279925101E-02
    7400.0000000000000000   7.1297341855719405E+03   7.7566307386666214E-02
    7500.0000000000000000   7.2056862518705175E+03   7.6844678269184896E-02
    7600.0000000000000000   7.2814880426083619E+03   7.6139868353278267E-02
    7700.0000000000000000   7.3571422119503040E+03   7.5451275477157118E-02
    7800.0000000000000000   7.4305350531692902E+03   7.4931843824199332E-02
    7900.0000000000000000   7.5059084181865792E+03   7.4271943797354245E-02
    8000.0000000000000000   7.5811417752147854E+03   7.3626676535952076E-02
    8100.0000000000000000   7.6562374881690266E+03   7.2995543959819720E-02
    8200.0000000000000000   7.7291346044581223E+03   7.2523458816365183E-02
    8300.0000000000000000   7.8039690492574928E+03   7.1917341571710341E-02
    8400.0000000000000000   7.8786726704043704E+03   7.1324041914753458E-02
    8500.0000000000000000   7.9532475658068979E+03   7.0743145198753007E-02
    8600.0000000000000000   8.0276957614948606E+03   7.0174256109935107E-02
    8700.0000000000000000   8.1020192463390640E+03   6.9616995345438776E-02
    8800.0000000000000000   8.1742260929321355E+03   6.9205678842611987E-02
    8900.0000000000000000   8.2483139515770035E+03   6.8668977107794155E-02
    9000.0000000000000000   8.3222829742846516E+03   6.8142888121925815E-02
    9100.0000000000000000   8.3961349526626345E+03   6.7627091315079282E-02
    9200.0000000000000000   8.4698716448265441E+03   6.7121278548383373E-02
    9300.0000000000000000   8.5434947747798014E+03   6.6625153545543339E-02
    9400.0000000000000000   8.6170060328937070E+03   6.6138431343219006E-02
    9500.0000000000000000   8.6904070801470334E+03   6.5660837599286134E-02
    9600.0000000000000000   8.7636995354210158E+03   6.5192108874558202E-02
    9700.0000000000000000   8.8368849770595352E+03   6.4731992110787354E-02
    9800.0000000000000000   8.9099649475908391E+03   6.4280243933696232E-02
    9900.0000000000000000   8.9829409474503354E+03   6.3836630578217368E-02
   10000.0000000000000000   9.0558144467275924E+03   6.3400926868190169E-02
   11000.0000000000000000   9.7810173874215980E+03   5.9328888794597148E-02
   12000.0000000000000000   1.0497203180298589E+04   5.5870964994842787E-02
   13000.0000000000000000   1.1207078271429655E+04   5.2805937681345061E-02
   14000.0000000000000000   1.1911315775642124E+04   5.0057348974053784E-02
   15000.0000000000000000   1.2608882825069573E+04   4.7644056197530836E-02
   16000.0000000000000000   1.3301927817807406E+04   4.5435588313306796E-02
   17000.0000000000000000   1.3989322048751454E+04   4.3466245418741625E-02
   18000.0000000000000000   1.4671509786064664E+04   4.1698129870323293E-02
   19000.0000000000000000   1.5350330699054382E+04   4.0041786701651594E-02
   20000.0000000000000000   1.6023169090142406E+04   3.8595000606265431E-02
   20005.9989999999997963   1.6027243181584028E+04   3.8584718681155573E-02
   20006.0010000000002037   1.6027244539802132E+04   3.8584715254788710E-02
   21000.0000000000000000   1.6694617474793919E+04   3.7167888454227631E-02
   22000.0000000000000000   1.7360631738930915E+04   3.5912899681923967E-02
   23000.0000000000000000   1.8024279360914694E+04   3.4709369036308932E-02
   24000.0000000000000000   1.8682959381129782E+04   3.3647041230245429E-02
   25000.0000000000000000   1.9339636869740239E+04   3.2617820397842015E-02
   26000.0000000000000000   1.9993089950281636E+04   3.1662513373681735E-02
   27000.0000000000000000   2.0644779775589264E+04   3.0731684167871164E-02
   28000.0000000000000000   2.1292262091508910E+04   2.9902318486025994E-02
   29000.0000000000000000   2.1936927019184546E+04   2.9127366685966723E-02
   30000.0000000000000000   2.2580218754782469E+04   2.8362344340930105E-02
   31000.0000000000000000   2.3220882423380484E+04   2.7645145665387699E-02
   32000.0000000000000000   2.3859107906258927E+04   2.6969135649751265E-02
   33000.0000000000000000   2.4494970090699513E+04   2.6331295981494258E-02
   34000.0000000000000000   2.5128551092525850E+04   2.5728670699325738E-02
   35000.0000000000000000   2.5759933905779297E+04   2.5158420642624826E-02
   36000.0000000000000000   2.6389202735755141E+04   2.4617863243677162E-02
   37000.0000000000000000   2.7016438227339851E+04   2.4104450084336176E-02
   38000.0000000000000000   2.7641763033824987E+04   2.3614934858459596E-02
   39000.0000000000000000   2.8266193725627043E+04   2.3123945606103719E-02
   40000.0000000000000000   2.8887718926283047E+04   2.2681317896988219E-02
   41000.0000000000000000   2.9508536652368311E+04   2.2233346120947180E-02
   42000.0000000000000000   3.0126555803745094E+04   2.1829965159400326E-02
   43000.0000000000000000   3.0743917920748558E+04   2.1420765088018250E-02
   44000.0000000000000000   3.1359716661773564E+04   2.1027181900960201E-02
   45000.0000000000000000   3.1973864430201753E+04   2.0651136328502892E-02
   46000.0000000000000000   3.2585348291546336E+04   2.0314802035390944E-02
   47000.0000000000000000   3.3196439389162013E+04   1.9968029180337691E-02
   48000.0000000000000000   3.3806041243460902E+04   1.9635116508947170E-02
   49000.0000000000000000   3.4414251962193128E+04   1.9314268443361569E-02
   50000.0000000000000000   3.5021067025049058E+04   1.9005482314789369E-02
