       0.1000000000000000   1.0000000000000000E+30   0.0000000000000000E+00
       0.2000000000000000   1.0000000000000000E+30   0.0000000000000000E+00
       0.3000000000000000   1.0000000000000000E+30   0.0000000000000000E+00
       0.4000000000000000   1.0000000000000000E+30   0.0000000000000000E+00
       0.5000000000000000   1.0000000000000000E+30   0.0000000000000000E+00
       0.6000000000000000   1.0000000000000000E+30   0.0000000000000000E+00
       0.7000000000000000   1.0000000000000000E+30   0.0000000000000000E+00
       0.7999999999999999   1.0000000000000000E+30   0.0000000000000000E+00
       0.8999999999999999   1.0000000000000000E+30   0.0000000000000000E+00
       0.9999999999999999   1.0000000000000000E+30   0.0000000000000000E+00
       2.0000000000000000   1.0000000000000000E+30   0.0000000000000000E+00
       3.0000000000000000   1.0000000000000000E+30   0.0000000000000000E+00
       4.0000000000000000   1.0000000000000000E+30   0.0000000000000000E+00
       5.0000000000000000   1.0000000000000000E+30   0.0000000000000000E+00
       6.0000000000000000   1.0000000000000000E+30   0.0000000000000000E+00
       7.0000000000000000   1.0000000000000000E+30   0.0000000000000000E+00
       8.0000000000000000   1.0000000000000000E+30   0.0000000000000000E+00
       9.0000000000000000   1.0000000000000000E+30   0.0000000000000000E+00
      10.0000000000000000   1.0000000000000000E+30   0.0000000000000000E+00
      11.0000000000000000   1.0000000000000000E+30   0.0000000000000000E+00
      12.0000000000000000   1.0000000000000000E+30   0.0000000000000000E+00
      13.0000000000000000   1.0000000000000000E+30   0.0000000000000000E+00
      14.0000000000000000   1.0000000000000000E+30   0.0000000000000000E+00
      15.0000000000000000   1.0000000000000000E+30   0.0000000000000000E+00
      16.0000000000000000   1.0000000000000000E+30   0.0000000000000000E+00
      17.0000000000000000   1.0000000000000000E+30   0.0000000000000000E+00
      18.0000000000000000   1.0000000000000000E+30   0.0000000000000000E+00
      19.0000000000000000   1.0000000000000000E+30   0.0000000000000000E+00
      20.0000000000000000   1.0000000000000000E+30   0.0000000000000000E+00
      21.0000000000000000   1.0000000000000000E+30   0.0000000000000000E+00
      22.0000000000000000   1.0000000000000000E+30   0.0000000000000000E+00
      23.0000000000000000   1.0000000000000000E+30   0.0000000000000000E+00
      24.0000000000000000   1.0000000000000000E+30   0.0000000000000000E+00
      25.0000000000000000   1.0000000000000000E+30   0.0000000000000000E+00
      26.0000000000000000   1.0000000000000000E+30   0.0000000000000000E+00
      27.0000000000000000   1.0000000000000000E+30   0.0000000000000000E+00
      28.0000000000000000   1.0000000000000000E+30   0.0000000000000000E+00
      29.0000000000000000   1.0000000000000000E+30   0.0000000000000000E+00
      30.0000000000000000   1.0000000000000000E+30   0.0000000000000000E+00
      31.0000000000000000   1.0000000000000000E+30   0.0000000000000000E+00
      32.0000000000000000   1.0000000000000000E+30   0.0000000000000000E+00
      33.0000000000000000   1.0000000000000000E+30   0.0000000000000000E+00
      34.0000000000000000   1.0000000000000000E+30   0.0000000000000000E+00
      35.0000000000000000   1.0000000000000000E+30   0.0000000000000000E+00
      36.0000000000000000   1.0000000000000000E+30   0.0000000000000000E+00
      37.0000000000000000   1.0000000000000000E+30   0.0000000000000000E+00
      38.0000000000000000   1.0000000000000000E+30   0.0000000000000000E+00
      39.0000000000000000   1.0000000000000000E+30   0.0000000000000000E+00
      40.0000000000000000   1.0000000000000000E+30   0.0000000000000000E+00
      41.0000000000000000   1.0000000000000000E+30   0.0000000000000000E+00
      41.9990000000000023   1.0000000000000000E+30   0.0000000000000000E+00
      42.0000000000000000   1.0000000000000000E+30   0.0000000000000000E+00
      42.0009999999999977   1.0000000000000000E+30   0.0000000000000000E+00
      43.0000000000000000   1.0000000000000000E+30   0.0000000000000000E+00
      44.0000000000000000   1.0000000000000000E+30   0.0000000000000000E+00
      44.9990000000000023   1.0000000000000000E+30   0.0000000000000000E+00
      45.0000000000000000   1.0000000000000000E+30   0.0000000000000000E+00
      45.0009999999999977   1.0000000000000000E+30   0.0000000000000000E+00
      46.0000000000000000   1.0000000000000000E+30   0.0000000000000000E+00
      47.0000000000000000   1.0000000000000000E+30   0.0000000000000000E+00
      48.0000000000000000   1.0000000000000000E+30   0.0000000000000000E+00
      49.0000000000000000   1.0000000000000000E+30   0.0000000000000000E+00
      50.0000000000000000   1.0000000000000000E+30   0.0000000000000000E+00
      51.0000000000000000   1.0000000000000000E+30   0.0000000000000000E+00
      52.0000000000000000   1.0000000000000000E+30   0.0000000000000000E+00
      53.0000000000000000   1.0000000000000000E+30   0.0000000000000000E+00
      54.0000000000000000   1.0000000000000000E+30   0.0000000000000000E+00
      55.0000000000000000   1.0000000000000000E+30   0.0000000000000000E+00
      56.0000000000000000   1.0000000000000000E+30   0.0000000000000000E+00
      57.0000000000000000   1.0000000000000000E+30   0.0000000000000000E+00
      58.0000000000000000   1.0000000000000000E+30   0.0000000000000000E+00
      59.0000000000000000   1.0000000000000000E+30   0.0000000000000000E+00
      60.0000000000000000   1.0000000000000000E+30   0.0000000000000000E+00
      61.0000000000000000   1.0000000000000000E+30   0.0000000000000000E+00
      62.0000000000000000   1.0000000000000000E+30   0.0000000000000000E+00
      63.0000000000000000   1.0000000000000000E+30   0.0000000000000000E+00
      64.0000000000000000   1.0000000000000000E+30   0.0000000000000000E+00
      65.0000000000000000   1.0000000000000000E+30   0.0000000000000000E+00
      66.0000000000000000   1.0000000000000000E+30   0.0000000000000000E+00
      67.0000000000000000   1.0000000000000000E+30   0.0000000000000000E+00
      67.9989999999999952   1.0000000000000000E+30   0.0000000000000000E+00
      68.0000000000000000   1.0000000000000000E+30   0.0000000000000000E+00
      68.0010000000000048   1.0000000000000000E+30   0.0000000000000000E+00
      69.0000000000000000   1.0000000000000000E+30   0.0000000000000000E+00
      70.0000000000000000   1.0000000000000000E+30   0.0000000000000000E+00
      71.0000000000000000   1.0000000000000000E+30   0.0000000000000000E+00
      72.0000000000000000   1.0000000000000000E+30   0.0000000000000000E+00
      73.0000000000000000   1.0000000000000000E+30   0.0000000000000000E+00
      74.0000000000000000   1.0000000000000000E+30   0.0000000000000000E+00
      75.0000000000000000   1.0000000000000000E+30   0.0000000000000000E+00
      76.0000000000000000   1.0000000000000000E+30   0.0000000000000000E+00
      77.0000000000000000   1.0000000000000000E+30   0.0000000000000000E+00
      78.0000000000000000   1.0000000000000000E+30   0.0000000000000000E+00
      79.0000000000000000   1.0000000000000000E+30   0.0000000000000000E+00
      80.0000000000000000   1.0000000000000000E+30   0.0000000000000000E+00
      81.0000000000000000   1.0000000000000000E+30   0.0000000000000000E+00
      82.0000000000000000   1.0000000000000000E+30   0.0000000000000000E+00
      83.0000000000000000   1.0000000000000000E+30   0.0000000000000000E+00
      84.0000000000000000   1.0000000000000000E+30   0.0000000000000000E+00
      85.0000000000000000   1.0000000000000000E+30   0.0000000000000000E+00
      86.0000000000000000   1.0000000000000000E+30   0.0000000000000000E+00
      87.0000000000000000   1.0000000000000000E+30   0.0000000000000000E+00
      88.0000000000000000   1.0000000000000000E+30   0.0000000000000000E+00
      89.0000000000000000   1.0000000000000000E+30   0.0000000000000000E+00
      90.0000000000000000   1.0000000000000000E+30   0.0000000000000000E+00
      91.0000000000000000   1.0000000000000000E+30   0.0000000000000000E+00
      92.0000000000000000   1.0000000000000000E+30   0.0000000000000000E+00
      93.0000000000000000   1.0000000000000000E+30   0.0000000000000000E+00
      94.0000000000000000   1.0000000000000000E+30   0.0000000000000000E+00
      95.0000000000000000   1.0000000000000000E+30   0.0000000000000000E+00
      96.0000000000000000   1.0000000000000000E+30   0.0000000000000000E+00
      97.0000000000000000   1.0000000000000000E+30   0.0000000000000000E+00
      98.0000000000000000   1.0000000000000000E+30   0.0000000000000000E+00
      99.0000000000000000   1.0000000000000000E+30   0.0000000000000000E+00
     100.0000000000000000   1.0000000000000000E+30   0.0000000000000000E+00
     103.9989999999999952   1.0000000000000000E+30   0.0000000000000000E+00
     104.0010000000000048   1.0000000000000000E+30   0.0000000000000000E+00
     110.0000000000000000   1.0000000000000000E+30   0.0000000000000000E+00
     120.0000000000000000   1.0000000000000000E+30   0.0000000000000000E+00
     130.0000000000000000   1.0000000000000000E+30   0.0000000000000000E+00
     140.0000000000000000   1.0000000000000000E+30   0.0000000000000000E+00
     150.0000000000000000   1.0000000000000000E+30   0.0000000000000000E+00
     153.9989999999999952   1.0000000000000000E+30   0.0000000000000000E+00
     154.0010000000000048   1.0000000000000000E+30   0.0000000000000000E+00
     160.0000000000000000   1.0000000000000000E+30   0.0000000000000000E+00
     167.9989999999999952   1.0000000000000000E+30   0.0000000000000000E+00
     168.0010000000000048   2.7832907270441177E+10   6.0360205409952864E-09
     169.9989999999999952   9.9096470048081805E+05   1.7000186116677447E-04
     170.0000000000000000   9.9037003822643030E+05   1.7010416994760785E-04
     170.0010000000000048   9.8977600867203751E+05   1.7020649285955105E-04
     180.0000000000000000   6.5487286973841576E+04   2.6074047657121736E-03
     190.0000000000000000   2.5753176196812485E+04   6.7172956925859607E-03
     200.0000000000000000   1.4450267492133709E+04   1.2124801143330470E-02
     210.0000000000000000   9.5235466410881381E+03   1.8628491475420488E-02
     220.0000000000000000   6.8870842416080841E+03   2.6078927158814463E-02
     230.0000000000000000   5.2923198382018800E+03   3.4352878213484990E-02
     231.9989999999999952   5.0489669320502599E+03   3.6095738334537088E-02
     232.0010000000000048   5.0487355741580077E+03   3.6097479344398747E-02
     233.9989999999999952   4.8243730598999200E+03   3.7867369346455043E-02
     234.0010000000000048   4.8241534791688118E+03   3.7869185196552808E-02
     236.9989999999999952   4.5186618122826330E+03   4.0575442275834935E-02
     237.0010000000000048   4.5184710885323229E+03   4.0577252189854474E-02
     240.0000000000000000   4.2453804195530074E+03   4.3343059956297059E-02
     250.0000000000000000   3.5163953905899953E+03   5.2955573694953913E-02
     260.0000000000000000   2.9858926199925322E+03   6.3103700363579540E-02
     270.0000000000000000   2.5863004111269693E+03   7.3708049319798880E-02
     280.0000000000000000   2.2769426356309923E+03   8.4693155980173976E-02
     290.0000000000000000   2.0320504709412492E+03   9.5986402852404243E-02
     300.0000000000000000   1.8345692197642923E+03   1.0751937665063002E-01
     310.0000000000000000   1.6728437254665328E+03   1.1922567720062587E-01
     320.0000000000000000   1.5386628970125810E+03   1.3104142643733574E-01
     330.0000000000000000   1.4260852425039770E+03   1.4290628049089976E-01
     340.0000000000000000   1.3307281376389071E+03   1.5476241397184887E-01
     350.0000000000000000   1.2492797756172770E+03   1.6655697176359649E-01
     360.0000000000000000   1.1792070914674339E+03   1.7824051985022227E-01
     370.0000000000000000   1.1185371294396516E+03   1.8976843320838038E-01
     380.0000000000000000   1.0657114550995605E+03   2.0110124250477385E-01
     390.0000000000000000   1.0194862255544185E+03   2.1220426927455974E-01
     398.9990000000000236   9.8269654426662271E+02   2.2197485790160965E-01
     399.0009999999999764   9.8268883000576363E+02   2.2197700334440432E-01
     400.0000000000000000   9.7885713629736108E+02   2.2304783017974072E-01
     410.0000000000000000   9.4300463881515714E+02   2.3360721834244444E-01
     415.9990000000000236   9.2350358405660415E+02   2.3979688514074238E-01
     416.0009999999999764   9.2349731794464674E+02   2.3979892898494365E-01
     420.0000000000000000   9.1125473391941023E+02   2.4386235906996642E-01
     430.0000000000000000   8.8304837818397436E+02   2.5379760355157233E-01
     440.0000000000000000   8.5791877653516860E+02   2.6340124483892302E-01
     450.0000000000000000   8.3547347314665751E+02   2.7266524127778441E-01
     460.0000000000000000   8.1538036345589478E+02   2.8158487864791787E-01
     470.0000000000000000   7.9735744650482081E+02   2.9015805688358326E-01
     480.0000000000000000   7.8116338631322139E+02   2.9838529427051153E-01
     490.0000000000000000   7.6659113103365826E+02   3.0626909668741137E-01
     500.0000000000000000   7.5346181616124329E+02   3.1381382576340028E-01
     510.0000000000000000   7.4162086904000842E+02   3.2102514047176345E-01
     510.9989999999999668   7.4050341550812402E+02   3.2172749224223168E-01
     511.0009999999999195   7.4050119064901742E+02   3.2172889467656735E-01
     520.0000000000000000   7.3093377006031187E+02   3.2790992731862295E-01
     530.0000000000000000   7.2128296019540790E+02   3.3447607414146940E-01
     540.0000000000000000   7.1256581046610870E+02   3.4073205478831009E-01
     550.0000000000000000   7.0469192482215328E+02   3.4668694250338883E-01
     560.0000000000000000   6.9758163138946611E+02   3.5235022933169652E-01
     570.0000000000000000   6.9116452813880869E+02   3.5773162663904751E-01
     580.0000000000000000   6.8537826423628292E+02   3.6284092329007311E-01
     590.0000000000000000   6.8016732191310882E+02   3.6768800608297597E-01
     600.0000000000000000   6.7548216093662791E+02   3.7228276230998647E-01
     610.0000000000000000   6.7127858060678693E+02   3.7663491978849761E-01
     620.0000000000000000   6.6751712925494337E+02   3.8075394741058316E-01
     630.0000000000000000   6.6416183435149674E+02   3.8464954271965707E-01
     640.0000000000000000   6.6118122677914516E+02   3.8833044297835312E-01
     650.0000000000000000   6.5854587003784980E+02   3.9180600381695618E-01
     660.0000000000000000   6.5622979603247518E+02   3.9508478028437033E-01
     670.0000000000000000   6.5420942633870163E+02   3.9817508168924953E-01
     680.0000000000000000   6.5246314222804665E+02   4.0108514504545678E-01
     690.0000000000000000   6.5097156786737162E+02   4.0382263844917421E-01
     700.0000000000000000   6.4971666251256022E+02   4.0639531887459229E-01
     710.0000000000000000   6.4868237058003183E+02   4.0881024292006390E-01
     720.0000000000000000   6.4785368057974165E+02   4.1107451369912573E-01
     730.0000000000000000   6.4721703185479305E+02   4.1319477377656877E-01
     740.0000000000000000   6.4675990795050393E+02   4.1517745147663648E-01
     750.0000000000000000   6.4647082599846567E+02   4.1702870185631991E-01
     760.0000000000000000   6.4633924799168744E+02   4.1875437369725260E-01
     770.0000000000000000   6.4635541643009901E+02   4.2036013138275008E-01
     780.0000000000000000   6.4651038788390156E+02   4.2185131410198407E-01
     790.0000000000000000   6.4679580544607518E+02   4.2323312321936218E-01
     800.0000000000000000   6.4720399128832219E+02   4.2451048970185834E-01
     810.0000000000000000   6.4772788104398160E+02   4.2568805084056233E-01
     820.0000000000000000   6.4836080682824308E+02   4.2677036764907011E-01
     830.0000000000000000   6.4909665096699382E+02   4.2776172299240622E-01
     840.0000000000000000   6.4992975118911806E+02   4.2866617175870975E-01
     850.0000000000000000   6.5085473709009568E+02   4.2948768618422822E-01
     860.0000000000000000   6.5186668949768728E+02   4.3022997695122939E-01
     870.0000000000000000   6.5296098399063931E+02   4.3089662032490011E-01
     880.0000000000000000   6.5413330191888690E+02   4.3149102835950176E-01
     890.0000000000000000   6.5537960454147242E+02   4.3201646143608269E-01
     900.0000000000000000   6.5669613898437899E+02   4.3247600853728763E-01
     910.0000000000000000   6.5807936347864791E+02   4.3287263695417827E-01
     920.0000000000000000   6.5952593672107503E+02   4.3320920920957934E-01
     930.0000000000000000   6.6103278211588281E+02   4.3348839411984208E-01
     940.0000000000000000   6.6259696252064225E+02   4.3371279092161386E-01
     950.0000000000000000   6.6421572230949619E+02   4.3388487193659175E-01
     960.0000000000000000   6.6588649210005599E+02   4.3400698192651560E-01
     970.0000000000000000   6.6760683858775678E+02   4.3408136838264594E-01
     980.0000000000000000   6.6937445167447981E+02   4.3411019590185324E-01
     990.0000000000000000   6.7118716555026140E+02   4.3409551881102004E-01
    1000.0000000000000000   6.7304295824033522E+02   4.3403928478818693E-01
    1100.0000000000000000   6.9359265913068907E+02   4.3156608760984216E-01
    1200.0000000000000000   7.1685589290524172E+02   4.2655957905029429E-01
    1300.0000000000000000   7.4193889503609762E+02   4.1998661949473415E-01
    1400.0000000000000000   7.6827675101861814E+02   4.1247697499263947E-01
    1500.0000000000000000   7.9549724776058895E+02   4.0444520953431973E-01
    1600.0000000000000000   8.2334678365063621E+02   3.9616617125792397E-01
    1700.0000000000000000   8.5164768904128277E+02   3.8782266188668235E-01
    1800.0000000000000000   8.8027260891838341E+02   3.7953596559708064E-01
    1843.9990000000000236   8.9294499706216277E+02   3.7592958020811262E-01
    1844.0009999999999764   8.9294557400514475E+02   3.7592941696271137E-01
    1900.0000000000000000   9.0912847138366101E+02   3.7138580273420307E-01
    2000.0000000000000000   9.3759216771778017E+02   3.6418675697450925E-01
    2100.0000000000000000   9.6625222344659323E+02   3.5724827611330012E-01
    2200.0000000000000000   9.9582526012286519E+02   3.4950500096467740E-01
    2300.0000000000000000   1.0252374944485812E+03   3.4224699814635839E-01
    2400.0000000000000000   1.0544980170399242E+03   3.3542740872977239E-01
    2475.9989999999997963   1.0766765373837686E+03   3.3047027970754916E-01
    2476.0010000000002037   1.0766771928269072E+03   3.3047006902329257E-01
    2500.0000000000000000   1.0836155953724490E+03   3.2900520514528830E-01
    2526.9989999999997963   1.0915262144796077E+03   3.2725238467364792E-01
    2527.0010000000002037   1.0915268673526041E+03   3.2725217966332898E-01
    2600.0000000000000000   1.1125985551802030E+03   3.2294435977012792E-01
    2631.9989999999997963   1.1220915723751991E+03   3.2080130566479781E-01
    2632.0010000000002037   1.1220922201876024E+03   3.2080111164329922E-01
    2700.0000000000000000   1.1423180742005993E+03   3.1625999619562439E-01
    2800.0000000000000000   1.1710267947823638E+03   3.1087027043633253E-01
    2871.9989999999997963   1.1923544475584611E+03   3.0637889175389010E-01
    2872.0010000000002037   1.1923550850619906E+03   3.0637872009403450E-01
    2900.0000000000000000   1.2004432150286566E+03   3.0487608069292910E-01
    3000.0000000000000000   1.2297114985098844E+03   2.9920116836987115E-01
    3100.0000000000000000   1.2588387443648137E+03   2.9381937982934159E-01
    3200.0000000000000000   1.2878316280248421E+03   2.8870738481016045E-01
    3300.0000000000000000   1.3166964316077676E+03   2.8384429806967765E-01
    3400.0000000000000000   1.3454390509631303E+03   2.7921137627617143E-01
    3500.0000000000000000   1.3740650232600888E+03   2.7479174610976170E-01
    3600.0000000000000000   1.4025795452957409E+03   2.7057017758261431E-01
    3700.0000000000000000   1.4316929583735525E+03   2.6586478542910313E-01
    3800.0000000000000000   1.4599839936564883E+03   2.6201945727812620E-01
    3900.0000000000000000   1.4888621638301158E+03   2.5770337846770897E-01
    4000.0000000000000000   1.5169475392383570E+03   2.5418463191789936E-01
    4100.0000000000000000   1.5456073159335344E+03   2.5020881486144664E-01
    4200.0000000000000000   1.5741605657107000E+03   2.4639500158137267E-01
    4300.0000000000000000   1.6019594701666892E+03   2.4329892585531301E-01
    4400.0000000000000000   1.6303164410935321E+03   2.3976570175151707E-01
    4500.0000000000000000   1.6585770362159822E+03   2.3636724264599643E-01
    4600.0000000000000000   1.6867442959698785E+03   2.3309567489594543E-01
    4700.0000000000000000   1.7148211239703219E+03   2.2994373357293590E-01
    4800.0000000000000000   1.7428102901759166E+03   2.2690470816761030E-01
    4900.0000000000000000   1.7707144417199290E+03   2.2397238773675066E-01
    5000.0000000000000000   1.7985361059312181E+03   2.2114101736253350E-01
    5100.0000000000000000   1.8262776995032648E+03   2.1840525540043723E-01
    5200.0000000000000000   1.8539415327102652E+03   2.1576013736419464E-01
    5300.0000000000000000   1.8815298177265281E+03   2.1320104179660929E-01
    5400.0000000000000000   1.9090446706417749E+03   2.1072366254881883E-01
    5500.0000000000000000   1.9364881163264852E+03   2.0832398261960960E-01
    5600.0000000000000000   1.9644272373498479E+03   2.0557507412163017E-01
    5700.0000000000000000   1.9917269075549470E+03   2.0332800546817137E-01
    5800.0000000000000000   2.0189607763264294E+03   2.0114778746559134E-01
    5900.0000000000000000   2.0466821507490961E+03   1.9863145374750496E-01
    6000.0000000000000000   2.0737827296209598E+03   1.9658335186796752E-01
    6100.0000000000000000   2.1008224788064308E+03   1.9459319484531040E-01
    6200.0000000000000000   2.1283406803749908E+03   1.9227953774826498E-01
    6300.0000000000000000   2.1552564976041690E+03   1.9040455321793415E-01
    6400.0000000000000000   2.1826464080710066E+03   1.8821394082730677E-01
    6500.0000000000000000   2.2094439955750099E+03   1.8644428010724193E-01
    6600.0000000000000000   2.2367109181683932E+03   1.8436666917491812E-01
    6700.0000000000000000   2.2633955706372526E+03   1.8269359389684384E-01
    6800.0000000000000000   2.2905444904017672E+03   1.8072000931850582E-01
    6900.0000000000000000   2.3171211356190606E+03   1.7913573644456410E-01
    7000.0000000000000000   2.3441567228342365E+03   1.7725814532846526E-01
    7100.0000000000000000   2.3706299641333767E+03   1.7575571282004798E-01
    7200.0000000000000000   2.3975565964479079E+03   1.7396690523222044E-01
    7300.0000000000000000   2.4244298361819974E+03   1.7222229136450748E-01
    7400.0000000000000000   2.4507525327166254E+03   1.7083354714284621E-01
    7500.0000000000000000   2.4775228008832796E+03   1.6916812696894615E-01
    7600.0000000000000000   2.5042425507118951E+03   1.6754222842471206E-01
    7700.0000000000000000   2.5304234874233907E+03   1.6625478915751923E-01
    7800.0000000000000000   2.5570457266846115E+03   1.6469985478897370E-01
    7900.0000000000000000   2.5836200270530330E+03   1.6318044592511000E-01
    8000.0000000000000000   2.6101470799976764E+03   1.6169538636680811E-01
    8100.0000000000000000   2.6361490858082434E+03   1.6052807562417179E-01
    8200.0000000000000000   2.6625852984888465E+03   1.5910459022242368E-01
    8300.0000000000000000   2.6889766226132137E+03   1.5771211663411533E-01
    8400.0000000000000000   2.7153236697618154E+03   1.5634968298532248E-01
    8500.0000000000000000   2.7416270945458095E+03   1.5501632553230926E-01
    8600.0000000000000000   2.7678876218372861E+03   1.5371107292434094E-01
    8700.0000000000000000   2.7936417000613424E+03   1.5269655330022680E-01
    8800.0000000000000000   2.8198202147005400E+03   1.5144153597384014E-01
    8900.0000000000000000   2.8459577890271189E+03   1.5021210578120445E-01
    9000.0000000000000000   2.8720550193748891E+03   1.4900747608605053E-01
    9100.0000000000000000   2.8981125218650409E+03   1.4782687399384434E-01
    9200.0000000000000000   2.9241309125488929E+03   1.4666955035506560E-01
    9300.0000000000000000   2.9501107912298748E+03   1.4553478774162035E-01
    9400.0000000000000000   2.9760527304348761E+03   1.4442190483875383E-01
    9500.0000000000000000   3.0019572756375619E+03   1.4333025487275330E-01
    9600.0000000000000000   3.0278249499897343E+03   1.4225922162601923E-01
    9700.0000000000000000   3.0536562621038051E+03   1.4120821424067551E-01
    9800.0000000000000000   3.0794517077967662E+03   1.4017666517786179E-01
    9900.0000000000000000   3.1052117737802946E+03   1.3916402741112788E-01
   10000.0000000000000000   3.1309369377177391E+03   1.3816977361092811E-01
   11000.0000000000000000   3.3863674257100456E+03   1.2913506196706490E-01
   12000.0000000000000000   3.6395811065105827E+03   1.2110270701267298E-01
   13000.0000000000000000   3.8900409643991215E+03   1.1421004348194479E-01
   14000.0000000000000000   4.1380291534225535E+03   1.0822431292784986E-01
   15000.0000000000000000   4.3841482527363778E+03   1.0282671599227457E-01
   16000.0000000000000000   4.6285641812520253E+03   9.7915907255471279E-02
   17000.0000000000000000   4.8710679731015935E+03   9.3540662492757304E-02
   18000.0000000000000000   5.1117981472727242E+03   8.9618325764226611E-02
   19000.0000000000000000   5.3512378000886256E+03   8.5961212437261902E-02
   20000.0000000000000000   5.5891286050494873E+03   8.2646485324038607E-02
   20005.9989999999997963   5.5905613641006021E+03   8.2624274136555653E-02
   20006.0010000000002037   5.5905618417347978E+03   8.2624266741004967E-02
   21000.0000000000000000   5.8255712841632785E+03   7.9626783349815836E-02
   22000.0000000000000000   6.0606511258430401E+03   7.6864550020480302E-02
   23000.0000000000000000   6.2947787451727618E+03   7.4230506549341047E-02
   24000.0000000000000000   6.5276830206359482E+03   7.1803610795604073E-02
   25000.0000000000000000   6.7594386202864307E+03   6.9557030202829717E-02
   26000.0000000000000000   6.9900967680181202E+03   6.7472832136702521E-02
   27000.0000000000000000   7.2197117217892792E+03   6.5533556089263090E-02
   28000.0000000000000000   7.4483413484508046E+03   6.3721717336954947E-02
   29000.0000000000000000   7.6763086465072047E+03   6.1955943169539986E-02
   30000.0000000000000000   7.9030762220559700E+03   6.0369883586512296E-02
   31000.0000000000000000   8.1292536928207737E+03   5.8813742445456015E-02
   32000.0000000000000000   8.3545961417301023E+03   5.7347311959449608E-02
   33000.0000000000000000   8.5791417984987256E+03   5.5962460151328275E-02
   34000.0000000000000000   8.8029034226895601E+03   5.4655567804194671E-02
   35000.0000000000000000   9.0259046067259096E+03   5.3421176535174301E-02
   36000.0000000000000000   9.2481791469433374E+03   5.2252237416084972E-02
   37000.0000000000000000   9.4697786408992306E+03   5.1138982681096130E-02
   38000.0000000000000000   9.6909705004657044E+03   5.0025453680829363E-02
   39000.0000000000000000   9.9112237471889785E+03   4.9022845597688519E-02
   40000.0000000000000000   1.0131152919804481E+04   4.8007678779971905E-02
   41000.0000000000000000   1.0350154572373178E+04   4.7098834576531010E-02
   42000.0000000000000000   1.0568836398643223E+04   4.6178821806651386E-02
   43000.0000000000000000   1.0786658968129197E+04   4.5351392708339176E-02
   44000.0000000000000000   1.1004267971560990E+04   4.4497531583716020E-02
   45000.0000000000000000   1.1221220836042088E+04   4.3696954007400611E-02
   46000.0000000000000000   1.1437778032553924E+04   4.2907653690456751E-02
   47000.0000000000000000   1.1653364557762976E+04   4.2226057860925301E-02
   48000.0000000000000000   1.1868835660820812E+04   4.1506958095898945E-02
   49000.0000000000000000   1.2083833524097337E+04   4.0813183565553891E-02
   50000.0000000000000000   1.2298330313405066E+04   4.0148827039020792E-02
