       0.1000000000000000   1.0000000000000000E+30
       0.2000000000000000   1.0000000000000000E+30
       0.3000000000000000   1.0000000000000000E+30
       0.4000000000000000   1.0000000000000000E+30
       0.5000000000000000   1.0000000000000000E+30
       0.6000000000000000   1.0000000000000000E+30
       0.7000000000000000   1.0000000000000000E+30
       0.7999999999999999   1.0000000000000000E+30
       0.8999999999999999   1.0000000000000000E+30
       0.9999999999999999   1.0000000000000000E+30
       2.0000000000000000   1.0000000000000000E+30
       3.0000000000000000   1.0000000000000000E+30
       4.0000000000000000   1.0000000000000000E+30
       5.0000000000000000   1.0000000000000000E+30
       6.0000000000000000   1.0000000000000000E+30
       7.0000000000000000   1.0000000000000000E+30
       8.0000000000000000   1.0000000000000000E+30
       9.0000000000000000   1.0000000000000000E+30
      10.0000000000000000   1.0000000000000000E+30
      11.0000000000000000   1.0000000000000000E+30
      12.0000000000000000   1.0000000000000000E+30
      13.0000000000000000   1.0000000000000000E+30
      14.0000000000000000   1.0000000000000000E+30
      15.0000000000000000   1.0000000000000000E+30
      16.0000000000000000   1.0000000000000000E+30
      17.0000000000000000   1.0000000000000000E+30
      18.0000000000000000   1.0000000000000000E+30
      19.0000000000000000   1.0000000000000000E+30
      20.0000000000000000   1.0000000000000000E+30
      21.0000000000000000   1.0000000000000000E+30
      22.0000000000000000   1.0000000000000000E+30
      23.0000000000000000   1.0000000000000000E+30
      24.0000000000000000   1.0000000000000000E+30
      25.0000000000000000   1.0000000000000000E+30
      26.0000000000000000   1.0000000000000000E+30
      27.0000000000000000   1.0000000000000000E+30
      28.0000000000000000   1.0000000000000000E+30
      29.0000000000000000   1.0000000000000000E+30
      30.0000000000000000   1.0000000000000000E+30
      31.0000000000000000   1.0000000000000000E+30
      32.0000000000000000   1.0000000000000000E+30
      33.0000000000000000   1.0000000000000000E+30
      34.0000000000000000   1.0000000000000000E+30
      35.0000000000000000   1.0000000000000000E+30
      36.0000000000000000   1.0000000000000000E+30
      37.0000000000000000   1.0000000000000000E+30
      38.0000000000000000   1.0000000000000000E+30
      39.0000000000000000   1.0000000000000000E+30
      40.0000000000000000   1.0000000000000000E+30
      41.0000000000000000   1.0000000000000000E+30
      41.9990000000000023   1.0000000000000000E+30
      42.0000000000000000   1.0000000000000000E+30
      42.0009999999999977   1.0000000000000000E+30
      43.0000000000000000   1.0000000000000000E+30
      44.0000000000000000   1.0000000000000000E+30
      44.9990000000000023   1.0000000000000000E+30
      45.0000000000000000   1.0000000000000000E+30
      45.0009999999999977   1.0000000000000000E+30
      46.0000000000000000   1.0000000000000000E+30
      47.0000000000000000   1.0000000000000000E+30
      48.0000000000000000   1.0000000000000000E+30
      49.0000000000000000   1.0000000000000000E+30
      50.0000000000000000   1.0000000000000000E+30
      51.0000000000000000   1.0000000000000000E+30
      52.0000000000000000   1.0000000000000000E+30
      53.0000000000000000   1.0000000000000000E+30
      54.0000000000000000   1.0000000000000000E+30
      55.0000000000000000   1.0000000000000000E+30
      56.0000000000000000   1.0000000000000000E+30
      57.0000000000000000   1.0000000000000000E+30
      58.0000000000000000   1.0000000000000000E+30
      59.0000000000000000   1.0000000000000000E+30
      60.0000000000000000   1.0000000000000000E+30
      61.0000000000000000   1.0000000000000000E+30
      62.0000000000000000   1.0000000000000000E+30
      63.0000000000000000   1.0000000000000000E+30
      64.0000000000000000   1.0000000000000000E+30
      65.0000000000000000   1.0000000000000000E+30
      66.0000000000000000   1.0000000000000000E+30
      67.0000000000000000   1.0000000000000000E+30
      67.9989999999999952   1.0000000000000000E+30
      68.0000000000000000   1.0000000000000000E+30
      68.0010000000000048   1.0000000000000000E+30
      69.0000000000000000   1.0000000000000000E+30
      70.0000000000000000   1.0000000000000000E+30
      71.0000000000000000   1.0000000000000000E+30
      72.0000000000000000   1.0000000000000000E+30
      73.0000000000000000   1.0000000000000000E+30
      74.0000000000000000   1.0000000000000000E+30
      75.0000000000000000   1.0000000000000000E+30
      76.0000000000000000   1.0000000000000000E+30
      77.0000000000000000   1.0000000000000000E+30
      78.0000000000000000   1.0000000000000000E+30
      79.0000000000000000   1.0000000000000000E+30
      80.0000000000000000   1.0000000000000000E+30
      81.0000000000000000   1.0000000000000000E+30
      82.0000000000000000   1.0000000000000000E+30
      83.0000000000000000   1.0000000000000000E+30
      84.0000000000000000   1.0000000000000000E+30
      85.0000000000000000   1.0000000000000000E+30
      86.0000000000000000   1.0000000000000000E+30
      87.0000000000000000   1.0000000000000000E+30
      88.0000000000000000   1.0000000000000000E+30
      89.0000000000000000   1.0000000000000000E+30
      90.0000000000000000   1.0000000000000000E+30
      91.0000000000000000   1.0000000000000000E+30
      92.0000000000000000   1.0000000000000000E+30
      93.0000000000000000   1.0000000000000000E+30
      94.0000000000000000   1.0000000000000000E+30
      95.0000000000000000   1.0000000000000000E+30
      96.0000000000000000   1.0000000000000000E+30
      97.0000000000000000   1.0000000000000000E+30
      98.0000000000000000   1.0000000000000000E+30
      99.0000000000000000   1.0000000000000000E+30
     100.0000000000000000   1.0000000000000000E+30
     103.9989999999999952   1.0000000000000000E+30
     104.0010000000000048   1.0000000000000000E+30
     110.0000000000000000   1.0000000000000000E+30
     120.0000000000000000   1.0000000000000000E+30
     130.0000000000000000   1.0000000000000000E+30
     140.0000000000000000   1.0000000000000000E+30
     150.0000000000000000   1.0000000000000000E+30
     153.9989999999999952   1.0000000000000000E+30
     154.0010000000000048   1.0000000000000000E+30
     160.0000000000000000   1.0000000000000000E+30
     167.9989999999999952   1.0000000000000000E+30
     168.0010000000000048   1.0000000000000000E+30
     169.9989999999999952   1.0000000000000000E+30
     170.0000000000000000   1.0000000000000000E+30
     170.0010000000000048   1.0000000000000000E+30
     180.0000000000000000   1.0000000000000000E+30
     190.0000000000000000   1.0000000000000000E+30
     200.0000000000000000   1.0000000000000000E+30
     210.0000000000000000   1.0000000000000000E+30
     220.0000000000000000   1.0000000000000000E+30
     230.0000000000000000   1.0000000000000000E+30
     231.9989999999999952   1.0000000000000000E+30
     232.0010000000000048   2.1748900096708272E+04
     233.9989999999999952   2.1811414716287596E+04
     234.0010000000000048   2.1811477473535630E+04
     236.9989999999999952   2.1905958357156065E+04
     237.0010000000000048   2.1906021659638478E+04
     240.0000000000000000   2.2001357110291610E+04
     250.0000000000000000   2.2325332772588808E+04
     260.0000000000000000   2.2871671134799853E+04
     270.0000000000000000   2.3476034236744697E+04
     280.0000000000000000   2.4038503974151852E+04
     290.0000000000000000   2.4793990491573717E+04
     300.0000000000000000   2.5583271381414448E+04
     310.0000000000000000   2.6466388872265517E+04
     320.0000000000000000   2.7537685948916296E+04
     330.0000000000000000   2.8518137594591732E+04
     340.0000000000000000   2.9622535811892998E+04
     350.0000000000000000   3.0577777055507406E+04
     360.0000000000000000   3.1740869996719412E+04
     370.0000000000000000   3.2854217997022446E+04
     380.0000000000000000   3.4146939546010413E+04
     390.0000000000000000   3.5369089001206608E+04
     398.9990000000000236   3.6591228488078166E+04
     399.0009999999999764   3.6591509492382138E+04
     400.0000000000000000   3.6732412716036051E+04
     410.0000000000000000   3.8135894440127136E+04
     415.9990000000000236   3.8904188724919055E+04
     416.0009999999999764   3.8904477166332326E+04
     420.0000000000000000   3.9489898681530722E+04
     430.0000000000000000   4.0829024271970688E+04
     440.0000000000000000   4.2350104025384840E+04
     450.0000000000000000   4.3674443383398153E+04
     460.0000000000000000   4.5178663979446828E+04
     470.0000000000000000   4.6810308909294901E+04
     480.0000000000000000   4.8273112970056311E+04
     490.0000000000000000   4.9752882962581221E+04
     500.0000000000000000   5.1434843255329833E+04
     510.0000000000000000   5.3079950002248668E+04
     510.9989999999999668   5.3257929212958283E+04
     511.0009999999999195   5.3258286724831996E+04
     520.0000000000000000   5.4917023371629832E+04
     530.0000000000000000   5.6885816066163985E+04
     540.0000000000000000   5.8347700588322456E+04
     550.0000000000000000   6.0131947541819412E+04
     560.0000000000000000   6.2136443755876957E+04
     570.0000000000000000   6.3926908839256801E+04
     580.0000000000000000   6.6014060987080782E+04
     590.0000000000000000   6.7745888297204860E+04
     600.0000000000000000   6.9892493156388620E+04
     610.0000000000000000   7.1628491617390682E+04
     620.0000000000000000   7.3786806282290447E+04
     630.0000000000000000   7.5827197414015653E+04
     640.0000000000000000   7.8119729789420118E+04
     650.0000000000000000   8.0555207119820101E+04
     660.0000000000000000   8.2370089083498198E+04
     670.0000000000000000   8.4844685868269749E+04
     680.0000000000000000   8.6665509955554255E+04
     690.0000000000000000   8.9123429716454353E+04
     700.0000000000000000   9.1395413108110210E+04
     710.0000000000000000   9.3987818989683976E+04
     720.0000000000000000   9.6265321373922619E+04
     730.0000000000000000   9.8942527476778283E+04
     740.0000000000000000   1.0115828592008133E+05
     750.0000000000000000   1.0389598865092329E+05
     760.0000000000000000   1.0612632027813893E+05
     770.0000000000000000   1.0887326279340663E+05
     780.0000000000000000   1.1176618593547777E+05
     790.0000000000000000   1.1421935476850832E+05
     800.0000000000000000   1.1720792822814196E+05
     810.0000000000000000   1.1969171215833411E+05
     820.0000000000000000   1.2271966339855953E+05
     830.0000000000000000   1.2590479264575179E+05
     840.0000000000000000   1.2819344350037340E+05
     850.0000000000000000   1.3138172796228359E+05
     860.0000000000000000   1.3473264823679940E+05
     870.0000000000000000   1.3689473831404245E+05
     880.0000000000000000   1.4017383551358001E+05
     890.0000000000000000   1.4302476446463529E+05
     900.0000000000000000   1.4639572990187252E+05
     910.0000000000000000   1.4931804666720450E+05
     920.0000000000000000   1.5271809656803575E+05
     930.0000000000000000   1.5627659627744884E+05
     940.0000000000000000   1.5902064202308445E+05
     950.0000000000000000   1.6257138479149391E+05
     960.0000000000000000   1.6628431682313507E+05
     970.0000000000000000   1.6898450457823928E+05
     980.0000000000000000   1.7261457737706715E+05
     990.0000000000000000   1.7640403421396387E+05
    1000.0000000000000000   1.8036360771445607E+05
    1100.0000000000000000   2.1784771556414923E+05
    1200.0000000000000000   2.6062011644448168E+05
    1300.0000000000000000   3.0676834363620094E+05
    1400.0000000000000000   3.5898077174695599E+05
    1500.0000000000000000   4.1845659089321044E+05
    1600.0000000000000000   4.8027578599899338E+05
    1700.0000000000000000   5.4944724309321237E+05
    1800.0000000000000000   6.2180294864554459E+05
    1843.9990000000000236   6.5595519026498881E+05
    1844.0009999999999764   6.5595688404149318E+05
    1900.0000000000000000   7.0133881135811389E+05
    2000.0000000000000000   7.8931050721940864E+05
    2100.0000000000000000   8.8313075075010816E+05
    2200.0000000000000000   9.8142285502396512E+05
    2300.0000000000000000   1.0917298888410295E+06
    2400.0000000000000000   1.2002801901476835E+06
    2475.9989999999997963   1.2923126355379075E+06
    2476.0010000000002037   1.2923152591278052E+06
    2500.0000000000000000   1.3245831618674686E+06
    2526.9989999999997963   1.3544376120333106E+06
    2527.0010000000002037   1.3544402708492561E+06
    2600.0000000000000000   1.4526546638168050E+06
    2631.9989999999997963   1.4943470435767355E+06
    2632.0010000000002037   1.4943499507172448E+06
    2700.0000000000000000   1.5882435036488362E+06
    2800.0000000000000000   1.7314065841627084E+06
    2871.9989999999997963   1.8405845898158625E+06
    2872.0010000000002037   1.8405878791616503E+06
    2900.0000000000000000   1.8878188186836888E+06
    3000.0000000000000000   2.0459012350435397E+06
    3100.0000000000000000   2.2250928017449174E+06
    3200.0000000000000000   2.3953320538761839E+06
    3300.0000000000000000   2.5899227247416009E+06
    3400.0000000000000000   2.7769265627640844E+06
    3500.0000000000000000   2.9910664574060980E+06
    3600.0000000000000000   3.2188966221789699E+06
    3700.0000000000000000   3.4309478913554880E+06
    3800.0000000000000000   3.6729840033580465E+06
    3900.0000000000000000   3.9232007912440808E+06
    4000.0000000000000000   4.1808381440088865E+06
    4100.0000000000000000   4.4456357341057165E+06
    4200.0000000000000000   4.7255924007336199E+06
    4300.0000000000000000   5.0190708610043870E+06
    4400.0000000000000000   5.3270177125699790E+06
    4500.0000000000000000   5.6417305902631208E+06
    4600.0000000000000000   5.9647604378555547E+06
    4700.0000000000000000   6.3119484371080250E+06
    4800.0000000000000000   6.6726125078365440E+06
    4900.0000000000000000   7.0326775704143280E+06
    5000.0000000000000000   7.4090686208089320E+06
    5100.0000000000000000   7.8037849494618420E+06
    5200.0000000000000000   8.2038863202416115E+06
    5300.0000000000000000   8.6623720453949105E+06
    5400.0000000000000000   9.0775189411953371E+06
    5500.0000000000000000   9.5037911390712690E+06
    5600.0000000000000000   1.0000274465258330E+07
    5700.0000000000000000   1.0460018587129032E+07
    5800.0000000000000000   1.0942569672084091E+07
    5900.0000000000000000   1.1449418385998329E+07
    6000.0000000000000000   1.2013460879246622E+07
    6100.0000000000000000   1.2532557236925397E+07
    6200.0000000000000000   1.3060871328671917E+07
    6300.0000000000000000   1.3630201636768254E+07
    6400.0000000000000000   1.4266454690451898E+07
    6500.0000000000000000   1.4862719344679249E+07
    6600.0000000000000000   1.5483137154092981E+07
    6700.0000000000000000   1.6092355591046618E+07
    6800.0000000000000000   1.6810537453246541E+07
    6900.0000000000000000   1.7446466129839472E+07
    7000.0000000000000000   1.8126850282637250E+07
    7100.0000000000000000   1.8810163063946776E+07
    7200.0000000000000000   1.9593184608656358E+07
    7300.0000000000000000   2.0288696848145857E+07
    7400.0000000000000000   2.1125871777486809E+07
    7500.0000000000000000   2.1883641933144052E+07
    7600.0000000000000000   2.2660525142804585E+07
    7700.0000000000000000   2.3472582479042634E+07
    7800.0000000000000000   2.4312132827951480E+07
    7900.0000000000000000   2.5231435178808540E+07
    8000.0000000000000000   2.6062480360518828E+07
    8100.0000000000000000   2.7043137714579146E+07
    8200.0000000000000000   2.7909875769587144E+07
    8300.0000000000000000   2.8837107061950214E+07
    8400.0000000000000000   2.9873892138686921E+07
    8500.0000000000000000   3.0803257639587454E+07
    8600.0000000000000000   3.1910125189072896E+07
    8700.0000000000000000   3.2843945211036347E+07
    8800.0000000000000000   3.3869360973648421E+07
    8900.0000000000000000   3.5029254215021662E+07
    9000.0000000000000000   3.6081633285312861E+07
    9100.0000000000000000   3.7185278464711100E+07
    9200.0000000000000000   3.8406232041620411E+07
    9300.0000000000000000   3.9710085972790129E+07
    9400.0000000000000000   4.0752987237931155E+07
    9500.0000000000000000   4.2107007255121656E+07
    9600.0000000000000000   4.3209336143107578E+07
    9700.0000000000000000   4.4432365557882741E+07
    9800.0000000000000000   4.5805458463309474E+07
    9900.0000000000000000   4.7022381826651148E+07
   10000.0000000000000000   4.8453036590892069E+07
   11000.0000000000000000   6.3404160295134895E+07
   12000.0000000000000000   8.1327378629599199E+07
   13000.0000000000000000   1.0195538687220712E+08
   14000.0000000000000000   1.2605624468496743E+08
   15000.0000000000000000   1.5411610048141760E+08
   16000.0000000000000000   1.8685806743117160E+08
   17000.0000000000000000   2.2217863123452747E+08
   18000.0000000000000000   2.6267743484104678E+08
   19000.0000000000000000   3.0857750706474018E+08
   20000.0000000000000000   3.5888257794477677E+08
   20005.9989999999997963   3.5922018075462663E+08
   20006.0010000000002037   3.5922029341356999E+08
   21000.0000000000000000   4.1575629463882953E+08
   22000.0000000000000000   4.7853057562546480E+08
   23000.0000000000000000   5.4551999191482353E+08
   24000.0000000000000000   6.1974831327310407E+08
   25000.0000000000000000   7.0176737730186951E+08
   26000.0000000000000000   7.9109252612515569E+08
   27000.0000000000000000   8.8558573467025554E+08
   28000.0000000000000000   9.8598050707304513E+08
   29000.0000000000000000   1.0995975082923577E+09
   30000.0000000000000000   1.2181736852596312E+09
   31000.0000000000000000   1.3435093044476135E+09
   32000.0000000000000000   1.4823113855067146E+09
   33000.0000000000000000   1.6338532340127549E+09
   34000.0000000000000000   1.7852284136681983E+09
   35000.0000000000000000   1.9508161281291959E+09
   36000.0000000000000000   2.1296417639866610E+09
   37000.0000000000000000   2.3134771429680519E+09
   38000.0000000000000000   2.5144777067936673E+09
   39000.0000000000000000   2.7274836340826135E+09
   40000.0000000000000000   2.9472086816221519E+09
   41000.0000000000000000   3.1931796515680151E+09
   42000.0000000000000000   3.4461964163085208E+09
   43000.0000000000000000   3.6852171586939988E+09
   44000.0000000000000000   3.9626821469972181E+09
   45000.0000000000000000   4.2442677979507232E+09
   46000.0000000000000000   4.5451121302385426E+09
   47000.0000000000000000   4.8629039402852573E+09
   48000.0000000000000000   5.2019591407984543E+09
   49000.0000000000000000   5.5264745857818346E+09
   50000.0000000000000000   5.8900495261238403E+09
