       0.1000000000000000   1.0000000000000000E+30
       0.2000000000000000   1.0000000000000000E+30
       0.3000000000000000   1.0000000000000000E+30
       0.4000000000000000   1.0000000000000000E+30
       0.5000000000000000   1.0000000000000000E+30
       0.6000000000000000   1.0000000000000000E+30
       0.7000000000000000   1.0000000000000000E+30
       0.7999999999999999   1.0000000000000000E+30
       0.8999999999999999   1.0000000000000000E+30
       0.9999999999999999   1.0000000000000000E+30
       2.0000000000000000   1.0000000000000000E+30
       3.0000000000000000   1.0000000000000000E+30
       4.0000000000000000   1.0000000000000000E+30
       5.0000000000000000   1.0000000000000000E+30
       6.0000000000000000   1.0000000000000000E+30
       7.0000000000000000   1.0000000000000000E+30
       8.0000000000000000   1.0000000000000000E+30
       9.0000000000000000   1.0000000000000000E+30
      10.0000000000000000   1.0000000000000000E+30
      11.0000000000000000   1.0000000000000000E+30
      12.0000000000000000   1.0000000000000000E+30
      13.0000000000000000   1.0000000000000000E+30
      14.0000000000000000   1.0000000000000000E+30
      15.0000000000000000   1.0000000000000000E+30
      16.0000000000000000   1.0000000000000000E+30
      17.0000000000000000   1.0000000000000000E+30
      18.0000000000000000   1.0000000000000000E+30
      19.0000000000000000   1.0000000000000000E+30
      20.0000000000000000   1.0000000000000000E+30
      21.0000000000000000   1.0000000000000000E+30
      22.0000000000000000   1.0000000000000000E+30
      23.0000000000000000   1.0000000000000000E+30
      24.0000000000000000   1.0000000000000000E+30
      25.0000000000000000   1.0000000000000000E+30
      26.0000000000000000   1.0000000000000000E+30
      27.0000000000000000   1.0000000000000000E+30
      28.0000000000000000   1.0000000000000000E+30
      29.0000000000000000   1.0000000000000000E+30
      30.0000000000000000   1.0000000000000000E+30
      31.0000000000000000   1.0000000000000000E+30
      32.0000000000000000   1.0000000000000000E+30
      33.0000000000000000   1.0000000000000000E+30
      34.0000000000000000   1.0000000000000000E+30
      35.0000000000000000   1.0000000000000000E+30
      36.0000000000000000   1.0000000000000000E+30
      37.0000000000000000   1.0000000000000000E+30
      38.0000000000000000   1.0000000000000000E+30
      39.0000000000000000   1.0000000000000000E+30
      40.0000000000000000   1.0000000000000000E+30
      41.0000000000000000   1.0000000000000000E+30
      41.9990000000000023   1.0000000000000000E+30
      42.0000000000000000   1.0000000000000000E+30
      42.0009999999999977   1.0000000000000000E+30
      43.0000000000000000   1.0000000000000000E+30
      44.0000000000000000   1.0000000000000000E+30
      44.9990000000000023   1.0000000000000000E+30
      45.0000000000000000   1.0000000000000000E+30
      45.0009999999999977   1.0000000000000000E+30
      46.0000000000000000   1.0000000000000000E+30
      47.0000000000000000   1.0000000000000000E+30
      48.0000000000000000   1.0000000000000000E+30
      49.0000000000000000   1.0000000000000000E+30
      50.0000000000000000   1.0000000000000000E+30
      51.0000000000000000   1.0000000000000000E+30
      52.0000000000000000   1.0000000000000000E+30
      53.0000000000000000   1.0000000000000000E+30
      54.0000000000000000   1.0000000000000000E+30
      55.0000000000000000   1.0000000000000000E+30
      56.0000000000000000   1.0000000000000000E+30
      57.0000000000000000   1.0000000000000000E+30
      58.0000000000000000   1.0000000000000000E+30
      59.0000000000000000   1.0000000000000000E+30
      60.0000000000000000   1.0000000000000000E+30
      61.0000000000000000   1.0000000000000000E+30
      62.0000000000000000   1.0000000000000000E+30
      63.0000000000000000   1.0000000000000000E+30
      64.0000000000000000   1.0000000000000000E+30
      65.0000000000000000   1.0000000000000000E+30
      66.0000000000000000   1.0000000000000000E+30
      67.0000000000000000   1.0000000000000000E+30
      67.9989999999999952   1.0000000000000000E+30
      68.0000000000000000   1.0000000000000000E+30
      68.0010000000000048   1.0000000000000000E+30
      69.0000000000000000   1.0000000000000000E+30
      70.0000000000000000   1.0000000000000000E+30
      71.0000000000000000   1.0000000000000000E+30
      72.0000000000000000   1.0000000000000000E+30
      73.0000000000000000   1.0000000000000000E+30
      74.0000000000000000   1.0000000000000000E+30
      75.0000000000000000   1.0000000000000000E+30
      76.0000000000000000   1.0000000000000000E+30
      77.0000000000000000   1.0000000000000000E+30
      78.0000000000000000   1.0000000000000000E+30
      79.0000000000000000   1.0000000000000000E+30
      80.0000000000000000   1.0000000000000000E+30
      81.0000000000000000   1.0000000000000000E+30
      82.0000000000000000   1.0000000000000000E+30
      83.0000000000000000   1.0000000000000000E+30
      84.0000000000000000   1.0000000000000000E+30
      85.0000000000000000   1.0000000000000000E+30
      86.0000000000000000   1.0000000000000000E+30
      87.0000000000000000   1.0000000000000000E+30
      88.0000000000000000   1.0000000000000000E+30
      89.0000000000000000   1.0000000000000000E+30
      90.0000000000000000   1.0000000000000000E+30
      91.0000000000000000   1.0000000000000000E+30
      92.0000000000000000   1.0000000000000000E+30
      93.0000000000000000   1.0000000000000000E+30
      94.0000000000000000   1.0000000000000000E+30
      95.0000000000000000   1.0000000000000000E+30
      96.0000000000000000   1.0000000000000000E+30
      97.0000000000000000   1.0000000000000000E+30
      98.0000000000000000   1.0000000000000000E+30
      99.0000000000000000   1.0000000000000000E+30
     100.0000000000000000   1.0000000000000000E+30
     103.9989999999999952   1.0000000000000000E+30
     104.0010000000000048   1.0000000000000000E+30
     110.0000000000000000   1.0000000000000000E+30
     120.0000000000000000   1.0000000000000000E+30
     130.0000000000000000   1.0000000000000000E+30
     140.0000000000000000   1.0000000000000000E+30
     150.0000000000000000   1.0000000000000000E+30
     153.9989999999999952   1.0000000000000000E+30
     154.0010000000000048   1.0000000000000000E+30
     160.0000000000000000   1.0000000000000000E+30
     167.9989999999999952   1.0000000000000000E+30
     168.0010000000000048   2.5867734196606296E+04
     169.9989999999999952   1.1658252702941656E+04
     170.0000000000000000   1.1654065712888989E+04
     170.0010000000000048   1.1649881729220262E+04
     180.0000000000000000   2.3709775493695388E+03
     190.0000000000000000   2.5429359547188651E+03
     200.0000000000000000   2.7708357128578200E+03
     210.0000000000000000   3.0653660962408294E+03
     220.0000000000000000   3.3522648454083569E+03
     230.0000000000000000   3.6583819993988373E+03
     231.9989999999999952   3.7275391800999037E+03
     232.0010000000000048   3.7276096811947368E+03
     233.9989999999999952   3.7993980235065592E+03
     234.0010000000000048   3.7994712690441006E+03
     236.9989999999999952   3.9465612626432735E+03
     237.0010000000000048   3.9466843115436236E+03
     240.0000000000000000   4.1402516586879883E+03
     250.0000000000000000   4.3038219017513802E+03
     260.0000000000000000   4.6612066940193681E+03
     270.0000000000000000   5.0097633534850502E+03
     280.0000000000000000   5.3849602105825606E+03
     290.0000000000000000   5.8007273247165031E+03
     300.0000000000000000   6.2301976082953261E+03
     310.0000000000000000   6.7225003610083641E+03
     320.0000000000000000   7.2103440106918442E+03
     330.0000000000000000   7.7577275172361215E+03
     340.0000000000000000   8.3268216102683709E+03
     350.0000000000000000   8.9247277090278767E+03
     360.0000000000000000   9.5662632676367048E+03
     370.0000000000000000   1.0246583797827438E+04
     380.0000000000000000   1.0951711583455039E+04
     390.0000000000000000   1.1631554017539154E+04
     398.9990000000000236   1.2319395594668105E+04
     399.0009999999999764   1.2319558770167518E+04
     400.0000000000000000   1.2401608862048399E+04
     410.0000000000000000   1.3190590793718760E+04
     415.9990000000000236   1.3732388106839300E+04
     416.0009999999999764   1.3732576157883486E+04
     420.0000000000000000   1.4001646451152075E+04
     430.0000000000000000   1.4886473470040213E+04
     440.0000000000000000   1.5807967099523701E+04
     450.0000000000000000   1.6745542645666883E+04
     460.0000000000000000   1.7706195965941381E+04
     470.0000000000000000   1.8759803748125658E+04
     480.0000000000000000   1.9857018975421317E+04
     490.0000000000000000   2.0956313237123177E+04
     500.0000000000000000   2.2099744320348578E+04
     510.0000000000000000   2.3305869242485598E+04
     510.9989999999999668   2.3438428730775689E+04
     511.0009999999999195   2.3438695627633111E+04
     520.0000000000000000   2.4530119115823985E+04
     530.0000000000000000   2.5777589849680753E+04
     540.0000000000000000   2.7087534159102488E+04
     550.0000000000000000   2.8452639719365085E+04
     560.0000000000000000   2.9876489254751199E+04
     570.0000000000000000   3.1321639943121645E+04
     580.0000000000000000   3.2946856732575892E+04
     590.0000000000000000   3.4450630808458780E+04
     600.0000000000000000   3.6123473296257966E+04
     610.0000000000000000   3.7757802519743957E+04
     620.0000000000000000   3.9463034114500057E+04
     630.0000000000000000   4.1249584801028766E+04
     640.0000000000000000   4.3055673093156278E+04
     650.0000000000000000   4.5086223126849494E+04
     660.0000000000000000   4.6950238146458905E+04
     670.0000000000000000   4.8978472783266341E+04
     680.0000000000000000   5.1056618872271618E+04
     690.0000000000000000   5.3404680975004543E+04
     700.0000000000000000   5.5462866703766806E+04
     710.0000000000000000   5.7634422833798890E+04
     720.0000000000000000   5.9934091868165364E+04
     730.0000000000000000   6.2486251465933281E+04
     740.0000000000000000   6.4816049360745346E+04
     750.0000000000000000   6.7207154705311899E+04
     760.0000000000000000   6.9947610235478845E+04
     770.0000000000000000   7.2495663855974039E+04
     780.0000000000000000   7.5464814722135416E+04
     790.0000000000000000   7.8116966411640940E+04
     800.0000000000000000   8.0954728690365693E+04
     810.0000000000000000   8.4124342035286958E+04
     820.0000000000000000   8.6979582821646647E+04
     830.0000000000000000   9.0389936154312265E+04
     840.0000000000000000   9.3269917991199109E+04
     850.0000000000000000   9.6482985511000763E+04
     860.0000000000000000   1.0011300341079144E+05
     870.0000000000000000   1.0341924592400207E+05
     880.0000000000000000   1.0687461833470134E+05
     890.0000000000000000   1.1078396722533586E+05
     900.0000000000000000   1.1414769598367519E+05
     910.0000000000000000   1.1827352817060807E+05
     920.0000000000000000   1.2180415775212654E+05
     930.0000000000000000   1.2563845286383592E+05
     940.0000000000000000   1.2992722224916132E+05
     950.0000000000000000   1.3376109216277683E+05
     960.0000000000000000   1.3829598157113045E+05
     970.0000000000000000   1.4218633023027831E+05
     980.0000000000000000   1.4689784342504267E+05
     990.0000000000000000   1.5130137505332610E+05
    1000.0000000000000000   1.5580988827663974E+05
    1100.0000000000000000   2.0731199201395572E+05
    1200.0000000000000000   2.7037852230734489E+05
    1300.0000000000000000   3.4663395017069660E+05
    1400.0000000000000000   4.3521560793482268E+05
    1500.0000000000000000   5.3994730132602085E+05
    1600.0000000000000000   6.6183916570213391E+05
    1700.0000000000000000   8.0300713847973186E+05
    1800.0000000000000000   9.6807145284851943E+05
    1843.9990000000000236   1.0422489835970685E+06
    1844.0009999999999764   1.0422528228664802E+06
    1900.0000000000000000   1.1471475935357674E+06
    2000.0000000000000000   1.3546359253663779E+06
    2100.0000000000000000   1.5886883401296439E+06
    2200.0000000000000000   1.8489769795022551E+06
    2300.0000000000000000   2.1447817678491655E+06
    2400.0000000000000000   2.4656045245835530E+06
    2475.9989999999997963   2.7344140918235555E+06
    2476.0010000000002037   2.7344216852964540E+06
    2500.0000000000000000   2.8286807775249514E+06
    2526.9989999999997963   2.9264960036583943E+06
    2527.0010000000002037   2.9265041120409281E+06
    2600.0000000000000000   3.2238969011982516E+06
    2631.9989999999997963   3.3563960391005203E+06
    2632.0010000000002037   3.3564052286822977E+06
    2700.0000000000000000   3.6550469568847753E+06
    2800.0000000000000000   4.1517567328811823E+06
    2871.9989999999997963   4.5087148819534378E+06
    2872.0010000000002037   4.5087263712383015E+06
    2900.0000000000000000   4.6495013824317874E+06
    3000.0000000000000000   5.2347052401664238E+06
    3100.0000000000000000   5.8356634943820536E+06
    3200.0000000000000000   6.5057437524567600E+06
    3300.0000000000000000   7.2610270715770330E+06
    3400.0000000000000000   8.0039322459845087E+06
    3500.0000000000000000   8.8448228157191500E+06
    3600.0000000000000000   9.7555965372297354E+06
    3700.0000000000000000   1.0751328074002633E+07
    3800.0000000000000000   1.1783132813104490E+07
    3900.0000000000000000   1.2873313915338460E+07
    4000.0000000000000000   1.4095980292132661E+07
    4100.0000000000000000   1.5347228073604288E+07
    4200.0000000000000000   1.6750928238630617E+07
    4300.0000000000000000   1.8229427593870252E+07
    4400.0000000000000000   1.9696544706653349E+07
    4500.0000000000000000   2.1357312169058580E+07
    4600.0000000000000000   2.3106649693395700E+07
    4700.0000000000000000   2.4842857054587185E+07
    4800.0000000000000000   2.6817798444444273E+07
    4900.0000000000000000   2.8941058238932256E+07
    5000.0000000000000000   3.0937515137598522E+07
    5100.0000000000000000   3.3238679428668842E+07
    5200.0000000000000000   3.5641055239595637E+07
    5300.0000000000000000   3.8145399098161086E+07
    5400.0000000000000000   4.0808593776586749E+07
    5500.0000000000000000   4.3598259697803535E+07
    5600.0000000000000000   4.6552184615998290E+07
    5700.0000000000000000   4.9506372122887202E+07
    5800.0000000000000000   5.2685474016661480E+07
    5900.0000000000000000   5.6043594418769360E+07
    6000.0000000000000000   5.9593973846590608E+07
    6100.0000000000000000   6.3258565046834260E+07
    6200.0000000000000000   6.7053666586401947E+07
    6300.0000000000000000   7.1039562610175669E+07
    6400.0000000000000000   7.5659039104061529E+07
    6500.0000000000000000   7.9946310124372855E+07
    6600.0000000000000000   8.4163211707768455E+07
    6700.0000000000000000   8.8949059318906173E+07
    6800.0000000000000000   9.4342341329735830E+07
    6900.0000000000000000   9.9359855962121487E+07
    7000.0000000000000000   1.0428961518236057E+08
    7100.0000000000000000   1.1020275359838492E+08
    7200.0000000000000000   1.1590032539094616E+08
    7300.0000000000000000   1.2173075116630378E+08
    7400.0000000000000000   1.2808691228263371E+08
    7500.0000000000000000   1.3442886992479408E+08
    7600.0000000000000000   1.4188695024002466E+08
    7700.0000000000000000   1.4853111601540235E+08
    7800.0000000000000000   1.5559654664408535E+08
    7900.0000000000000000   1.6302106159242553E+08
    8000.0000000000000000   1.7078058727694470E+08
    8100.0000000000000000   1.7850718554594725E+08
    8200.0000000000000000   1.8753777300150600E+08
    8300.0000000000000000   1.9573987385510737E+08
    8400.0000000000000000   2.0453170754794872E+08
    8500.0000000000000000   2.1342358807748631E+08
    8600.0000000000000000   2.2378694439322275E+08
    8700.0000000000000000   2.3296085939370427E+08
    8800.0000000000000000   2.4314059955841440E+08
    8900.0000000000000000   2.5317088739959976E+08
    9000.0000000000000000   2.6496931154882374E+08
    9100.0000000000000000   2.7538906065902871E+08
    9200.0000000000000000   2.8653777663396287E+08
    9300.0000000000000000   2.9927988347082347E+08
    9400.0000000000000000   3.1109971414329404E+08
    9500.0000000000000000   3.2347847179617012E+08
    9600.0000000000000000   3.3774623801295888E+08
    9700.0000000000000000   3.4994514279968625E+08
    9800.0000000000000000   3.6295685344151753E+08
    9900.0000000000000000   3.7685633549612725E+08
   10000.0000000000000000   3.9222602436878556E+08
   11000.0000000000000000   5.6137136321949363E+08
   12000.0000000000000000   7.7934566945154762E+08
   13000.0000000000000000   1.0584961112702568E+09
   14000.0000000000000000   1.4039928111593809E+09
   15000.0000000000000000   1.8291667337898827E+09
   16000.0000000000000000   2.3479351885964894E+09
   17000.0000000000000000   2.9742970604140816E+09
   18000.0000000000000000   3.7151740268663645E+09
   19000.0000000000000000   4.5990778188389521E+09
   20000.0000000000000000   5.5899993374084997E+09
   20005.9989999999997963   5.5969161020549412E+09
   20006.0010000000002037   5.5969184108817244E+09
   21000.0000000000000000   6.7859030961320810E+09
   22000.0000000000000000   8.1158609554866972E+09
   23000.0000000000000000   9.6717127688688030E+09
   24000.0000000000000000   1.1426663834221083E+10
   25000.0000000000000000   1.3444466671668154E+10
   26000.0000000000000000   1.5683019866569328E+10
   27000.0000000000000000   1.8162421996039070E+10
   28000.0000000000000000   2.0976928140979237E+10
   29000.0000000000000000   2.4117878128536900E+10
   30000.0000000000000000   2.7650046287055885E+10
   31000.0000000000000000   3.1440272276358677E+10
   32000.0000000000000000   3.5652502659886292E+10
   33000.0000000000000000   4.0311904003020660E+10
   34000.0000000000000000   4.5294813724291168E+10
   35000.0000000000000000   5.0818543657469467E+10
   36000.0000000000000000   5.7055681241404411E+10
   37000.0000000000000000   6.3316550410879471E+10
   38000.0000000000000000   7.0547912638205383E+10
   39000.0000000000000000   7.8127803621348938E+10
   40000.0000000000000000   8.6228676434761414E+10
   41000.0000000000000000   9.5341242254092697E+10
   42000.0000000000000000   1.0474772144735596E+11
   43000.0000000000000000   1.1491983183597787E+11
   44000.0000000000000000   1.2621245765484106E+11
   45000.0000000000000000   1.3787249877228333E+11
   46000.0000000000000000   1.5037971996799280E+11
   47000.0000000000000000   1.6376094306078665E+11
   48000.0000000000000000   1.7805138748514749E+11
   49000.0000000000000000   1.9343426771568506E+11
   50000.0000000000000000   2.0970992934865891E+11
