       0.1000000000000000   1.0000000000000000E+30
       0.2000000000000000   1.0000000000000000E+30
       0.3000000000000000   1.0000000000000000E+30
       0.4000000000000000   1.0000000000000000E+30
       0.5000000000000000   1.0000000000000000E+30
       0.6000000000000000   1.0000000000000000E+30
       0.7000000000000000   1.0000000000000000E+30
       0.7999999999999999   1.0000000000000000E+30
       0.8999999999999999   1.0000000000000000E+30
       0.9999999999999999   1.0000000000000000E+30
       2.0000000000000000   1.0000000000000000E+30
       3.0000000000000000   1.0000000000000000E+30
       4.0000000000000000   1.0000000000000000E+30
       5.0000000000000000   1.0000000000000000E+30
       6.0000000000000000   1.0000000000000000E+30
       7.0000000000000000   1.0000000000000000E+30
       8.0000000000000000   1.0000000000000000E+30
       9.0000000000000000   1.0000000000000000E+30
      10.0000000000000000   1.0000000000000000E+30
      11.0000000000000000   1.0000000000000000E+30
      12.0000000000000000   1.0000000000000000E+30
      13.0000000000000000   1.0000000000000000E+30
      14.0000000000000000   1.0000000000000000E+30
      15.0000000000000000   1.0000000000000000E+30
      16.0000000000000000   1.0000000000000000E+30
      17.0000000000000000   1.0000000000000000E+30
      18.0000000000000000   1.0000000000000000E+30
      19.0000000000000000   1.0000000000000000E+30
      20.0000000000000000   1.0000000000000000E+30
      21.0000000000000000   1.0000000000000000E+30
      22.0000000000000000   1.0000000000000000E+30
      23.0000000000000000   1.0000000000000000E+30
      24.0000000000000000   1.0000000000000000E+30
      25.0000000000000000   1.0000000000000000E+30
      26.0000000000000000   1.0000000000000000E+30
      27.0000000000000000   1.0000000000000000E+30
      28.0000000000000000   1.0000000000000000E+30
      29.0000000000000000   1.0000000000000000E+30
      30.0000000000000000   1.0000000000000000E+30
      31.0000000000000000   1.0000000000000000E+30
      32.0000000000000000   1.0000000000000000E+30
      33.0000000000000000   1.0000000000000000E+30
      34.0000000000000000   1.0000000000000000E+30
      35.0000000000000000   1.0000000000000000E+30
      36.0000000000000000   1.0000000000000000E+30
      37.0000000000000000   1.0000000000000000E+30
      38.0000000000000000   1.0000000000000000E+30
      39.0000000000000000   1.0000000000000000E+30
      40.0000000000000000   1.0000000000000000E+30
      41.0000000000000000   1.0000000000000000E+30
      41.9990000000000023   1.0000000000000000E+30
      42.0000000000000000   1.0000000000000000E+30
      42.0009999999999977   1.0000000000000000E+30
      43.0000000000000000   1.0000000000000000E+30
      44.0000000000000000   1.0000000000000000E+30
      44.9990000000000023   1.0000000000000000E+30
      45.0000000000000000   1.0000000000000000E+30
      45.0009999999999977   1.0000000000000000E+30
      46.0000000000000000   1.0000000000000000E+30
      47.0000000000000000   1.0000000000000000E+30
      48.0000000000000000   1.0000000000000000E+30
      49.0000000000000000   1.0000000000000000E+30
      50.0000000000000000   1.0000000000000000E+30
      51.0000000000000000   1.0000000000000000E+30
      52.0000000000000000   1.0000000000000000E+30
      53.0000000000000000   1.0000000000000000E+30
      54.0000000000000000   1.0000000000000000E+30
      55.0000000000000000   1.0000000000000000E+30
      56.0000000000000000   1.0000000000000000E+30
      57.0000000000000000   1.0000000000000000E+30
      58.0000000000000000   1.0000000000000000E+30
      59.0000000000000000   1.0000000000000000E+30
      60.0000000000000000   1.0000000000000000E+30
      61.0000000000000000   1.0000000000000000E+30
      62.0000000000000000   1.0000000000000000E+30
      63.0000000000000000   1.0000000000000000E+30
      64.0000000000000000   1.0000000000000000E+30
      65.0000000000000000   1.0000000000000000E+30
      66.0000000000000000   1.0000000000000000E+30
      67.0000000000000000   1.0000000000000000E+30
      67.9989999999999952   1.0000000000000000E+30
      68.0000000000000000   1.0000000000000000E+30
      68.0010000000000048   1.0000000000000000E+30
      69.0000000000000000   1.0000000000000000E+30
      70.0000000000000000   1.0000000000000000E+30
      71.0000000000000000   1.0000000000000000E+30
      72.0000000000000000   1.0000000000000000E+30
      73.0000000000000000   1.0000000000000000E+30
      74.0000000000000000   1.0000000000000000E+30
      75.0000000000000000   1.0000000000000000E+30
      76.0000000000000000   1.0000000000000000E+30
      77.0000000000000000   1.0000000000000000E+30
      78.0000000000000000   1.0000000000000000E+30
      79.0000000000000000   1.0000000000000000E+30
      80.0000000000000000   1.0000000000000000E+30
      81.0000000000000000   1.0000000000000000E+30
      82.0000000000000000   1.0000000000000000E+30
      83.0000000000000000   1.0000000000000000E+30
      84.0000000000000000   1.0000000000000000E+30
      85.0000000000000000   1.0000000000000000E+30
      86.0000000000000000   1.0000000000000000E+30
      87.0000000000000000   1.0000000000000000E+30
      88.0000000000000000   1.0000000000000000E+30
      89.0000000000000000   1.0000000000000000E+30
      90.0000000000000000   1.0000000000000000E+30
      91.0000000000000000   1.0000000000000000E+30
      92.0000000000000000   1.0000000000000000E+30
      93.0000000000000000   1.0000000000000000E+30
      94.0000000000000000   1.0000000000000000E+30
      95.0000000000000000   1.0000000000000000E+30
      96.0000000000000000   1.0000000000000000E+30
      97.0000000000000000   1.0000000000000000E+30
      98.0000000000000000   1.0000000000000000E+30
      99.0000000000000000   1.0000000000000000E+30
     100.0000000000000000   1.0000000000000000E+30
     103.9989999999999952   1.0000000000000000E+30
     104.0010000000000048   1.0000000000000000E+30
     110.0000000000000000   1.0000000000000000E+30
     120.0000000000000000   1.0000000000000000E+30
     130.0000000000000000   1.0000000000000000E+30
     140.0000000000000000   1.0000000000000000E+30
     150.0000000000000000   1.0000000000000000E+30
     153.9989999999999952   1.0000000000000000E+30
     154.0010000000000048   1.0000000000000000E+30
     160.0000000000000000   1.0000000000000000E+30
     167.9989999999999952   1.0000000000000000E+30
     168.0010000000000048   1.0000000000000000E+30
     169.9989999999999952   1.0000000000000000E+30
     170.0000000000000000   1.0000000000000000E+30
     170.0010000000000048   4.2201744635445793E+04
     180.0000000000000000   5.0751167532966356E+03
     190.0000000000000000   5.4609683145734953E+03
     200.0000000000000000   5.8981429457342356E+03
     210.0000000000000000   6.2975027021498490E+03
     220.0000000000000000   6.8037166872046209E+03
     230.0000000000000000   7.3985582489892440E+03
     231.9989999999999952   7.5270090294416177E+03
     232.0010000000000048   7.5271397779769177E+03
     233.9989999999999952   7.5694957645905943E+03
     234.0010000000000048   7.5696056148583857E+03
     236.9989999999999952   7.7379353735029872E+03
     237.0010000000000048   7.7380501670713147E+03
     240.0000000000000000   7.9344973144254991E+03
     250.0000000000000000   8.5724372108514945E+03
     260.0000000000000000   9.2748314127519916E+03
     270.0000000000000000   9.9510099864645654E+03
     280.0000000000000000   1.0711066315773314E+04
     290.0000000000000000   1.1494332986276646E+04
     300.0000000000000000   1.2378911373857212E+04
     310.0000000000000000   1.3290047647479325E+04
     320.0000000000000000   1.4325512500069226E+04
     330.0000000000000000   1.5371285352848165E+04
     340.0000000000000000   1.6579730435041649E+04
     350.0000000000000000   1.7779175534144506E+04
     360.0000000000000000   1.8930374065493947E+04
     370.0000000000000000   2.0249072208445930E+04
     380.0000000000000000   2.1630930745540762E+04
     390.0000000000000000   2.3098262611132184E+04
     398.9990000000000236   2.4435363315016264E+04
     399.0009999999999764   2.4435701933828554E+04
     400.0000000000000000   2.4474740359325802E+04
     410.0000000000000000   2.6054717421092380E+04
     415.9990000000000236   2.7019715832105489E+04
     416.0009999999999764   2.7020054057219535E+04
     420.0000000000000000   2.7713705150806349E+04
     430.0000000000000000   2.9412757334251255E+04
     440.0000000000000000   3.1157639204320531E+04
     450.0000000000000000   3.3044088017057526E+04
     460.0000000000000000   3.5002079968615937E+04
     470.0000000000000000   3.7248040494392502E+04
     480.0000000000000000   3.9277563900574925E+04
     490.0000000000000000   4.1335370132190757E+04
     500.0000000000000000   4.3630071237200056E+04
     510.0000000000000000   4.6018189054700975E+04
     510.9989999999999668   4.6282997875937392E+04
     511.0009999999999195   4.6283531080573019E+04
     520.0000000000000000   4.8383898188004918E+04
     530.0000000000000000   5.0859370150049654E+04
     540.0000000000000000   5.3461811234631481E+04
     550.0000000000000000   5.6094864163171442E+04
     560.0000000000000000   5.9102078441584090E+04
     570.0000000000000000   6.1825164415771862E+04
     580.0000000000000000   6.4775243830321189E+04
     590.0000000000000000   6.7833157285413778E+04
     600.0000000000000000   7.1029560791115524E+04
     610.0000000000000000   7.4580652826714359E+04
     620.0000000000000000   7.7888721480033651E+04
     630.0000000000000000   8.1239647180575557E+04
     640.0000000000000000   8.4882674106087405E+04
     650.0000000000000000   8.8614958043805338E+04
     660.0000000000000000   9.2478687502591521E+04
     670.0000000000000000   9.6802994461782800E+04
     680.0000000000000000   1.0067620612318939E+05
     690.0000000000000000   1.0472213976893859E+05
     700.0000000000000000   1.0899551332429303E+05
     710.0000000000000000   1.1330093899111124E+05
     720.0000000000000000   1.1815468965134340E+05
     730.0000000000000000   1.2256704919355384E+05
     740.0000000000000000   1.2742727260780902E+05
     750.0000000000000000   1.3283663950463035E+05
     760.0000000000000000   1.3760532523601429E+05
     770.0000000000000000   1.4264573290684252E+05
     780.0000000000000000   1.4796389915032950E+05
     790.0000000000000000   1.5377126959004079E+05
     800.0000000000000000   1.5915422323243783E+05
     810.0000000000000000   1.6543183752204833E+05
     820.0000000000000000   1.7088710349488372E+05
     830.0000000000000000   1.7694099485950617E+05
     840.0000000000000000   1.8315328968249730E+05
     850.0000000000000000   1.8995661662195713E+05
     860.0000000000000000   1.9728486862207740E+05
     870.0000000000000000   2.0326641663437302E+05
     880.0000000000000000   2.0975953649124812E+05
     890.0000000000000000   2.1726402189581923E+05
     900.0000000000000000   2.2419612886237417E+05
     910.0000000000000000   2.3220523686230561E+05
     920.0000000000000000   2.3910115779600630E+05
     930.0000000000000000   2.4756930865102418E+05
     940.0000000000000000   2.5452248349150742E+05
     950.0000000000000000   2.6248487052643549E+05
     960.0000000000000000   2.7131422300588025E+05
     970.0000000000000000   2.7954059410349518E+05
     980.0000000000000000   2.8898251170197944E+05
     990.0000000000000000   2.9692304299165373E+05
    1000.0000000000000000   3.0679583179199329E+05
    1100.0000000000000000   4.0675484336844803E+05
    1200.0000000000000000   5.3120728334006143E+05
    1300.0000000000000000   6.7672596707260271E+05
    1400.0000000000000000   8.5061716308860923E+05
    1500.0000000000000000   1.0561669593440506E+06
    1600.0000000000000000   1.2981398945505051E+06
    1700.0000000000000000   1.5714852348351267E+06
    1800.0000000000000000   1.8873938028754962E+06
    1843.9990000000000236   2.0317300580631255E+06
    1844.0009999999999764   2.0317374268993323E+06
    1900.0000000000000000   2.2453231430330682E+06
    2000.0000000000000000   2.6522551924425368E+06
    2100.0000000000000000   3.1034548411130863E+06
    2200.0000000000000000   3.6100635005938271E+06
    2300.0000000000000000   4.1733351966234157E+06
    2400.0000000000000000   4.7954680892759934E+06
    2475.9989999999997963   5.3383472987264898E+06
    2476.0010000000002037   5.3383632025827048E+06
    2500.0000000000000000   5.5027784083240647E+06
    2526.9989999999997963   5.6997118677404067E+06
    2527.0010000000002037   5.6997277696175892E+06
    2600.0000000000000000   6.2809438259554729E+06
    2631.9989999999997963   6.5298427153903674E+06
    2632.0010000000002037   6.5298603967284374E+06
    2700.0000000000000000   7.1345337355661318E+06
    2800.0000000000000000   8.0529885028795879E+06
    2871.9989999999997963   8.7580918686269373E+06
    2872.0010000000002037   8.7581141436766386E+06
    2900.0000000000000000   9.0418832517673299E+06
    3000.0000000000000000   1.0185993303203862E+07
    3100.0000000000000000   1.1375863295146747E+07
    3200.0000000000000000   1.2640711393277358E+07
    3300.0000000000000000   1.4035789095240097E+07
    3400.0000000000000000   1.5557776634835914E+07
    3500.0000000000000000   1.7154459534251273E+07
    3600.0000000000000000   1.8969025722823232E+07
    3700.0000000000000000   2.0786745074736584E+07
    3800.0000000000000000   2.2875626070748851E+07
    3900.0000000000000000   2.4976335882835254E+07
    4000.0000000000000000   2.7274762618431870E+07
    4100.0000000000000000   2.9788674168389060E+07
    4200.0000000000000000   3.2340380690749064E+07
    4300.0000000000000000   3.5034676942112237E+07
    4400.0000000000000000   3.8013147757766396E+07
    4500.0000000000000000   4.1190734462431960E+07
    4600.0000000000000000   4.4591956425931178E+07
    4700.0000000000000000   4.8027323419798747E+07
    4800.0000000000000000   5.1766154788414419E+07
    4900.0000000000000000   5.5562422944254898E+07
    5000.0000000000000000   5.9700909736488581E+07
    5100.0000000000000000   6.4052142578758024E+07
    5200.0000000000000000   6.8655195946178645E+07
    5300.0000000000000000   7.3493229001710296E+07
    5400.0000000000000000   7.8608590821257919E+07
    5500.0000000000000000   8.4019551262359425E+07
    5600.0000000000000000   8.9476224164415672E+07
    5700.0000000000000000   9.5318873425809562E+07
    5800.0000000000000000   1.0148309306170289E+08
    5900.0000000000000000   1.0779918121571098E+08
    6000.0000000000000000   1.1516759187584887E+08
    6100.0000000000000000   1.2188199180656493E+08
    6200.0000000000000000   1.2911209771434240E+08
    6300.0000000000000000   1.3669501430267334E+08
    6400.0000000000000000   1.4469060135517690E+08
    6500.0000000000000000   1.5307789210342193E+08
    6600.0000000000000000   1.6186727251887172E+08
    6700.0000000000000000   1.7109454940919235E+08
    6800.0000000000000000   1.8041376793277729E+08
    6900.0000000000000000   1.9016990454041275E+08
    7000.0000000000000000   2.0146045965612960E+08
    7100.0000000000000000   2.1155392704445997E+08
    7200.0000000000000000   2.2192168853622949E+08
    7300.0000000000000000   2.3468147048983380E+08
    7400.0000000000000000   2.4596566414902440E+08
    7500.0000000000000000   2.5784821431636947E+08
    7600.0000000000000000   2.7046255447297269E+08
    7700.0000000000000000   2.8367975610071659E+08
    7800.0000000000000000   2.9744245942960763E+08
    7900.0000000000000000   3.1174422482715982E+08
    8000.0000000000000000   3.2758658802458584E+08
    8100.0000000000000000   3.4232066190345502E+08
    8200.0000000000000000   3.5773378913621998E+08
    8300.0000000000000000   3.7403171823783273E+08
    8400.0000000000000000   3.9056983947731102E+08
    8500.0000000000000000   4.0944694831211525E+08
    8600.0000000000000000   4.2663169124160600E+08
    8700.0000000000000000   4.4542894419035190E+08
    8800.0000000000000000   4.6392044074593073E+08
    8900.0000000000000000   4.8566704657298720E+08
    9000.0000000000000000   5.0486942244053084E+08
    9100.0000000000000000   5.2539774953013361E+08
    9200.0000000000000000   5.4692426017825091E+08
    9300.0000000000000000   5.7071156844478333E+08
    9400.0000000000000000   5.9352101883707333E+08
    9500.0000000000000000   6.1993002453896117E+08
    9600.0000000000000000   6.4238478345539987E+08
    9700.0000000000000000   6.6627830380657256E+08
    9800.0000000000000000   6.9184958882092738E+08
    9900.0000000000000000   7.2036461300029087E+08
   10000.0000000000000000   7.4637861925980783E+08
   11000.0000000000000000   1.0668988855014422E+09
   12000.0000000000000000   1.4850344483883834E+09
   13000.0000000000000000   2.0030081424442077E+09
   14000.0000000000000000   2.6538179380020523E+09
   15000.0000000000000000   3.4531586777275081E+09
   16000.0000000000000000   4.4219744563088732E+09
   17000.0000000000000000   5.5804215911629696E+09
   18000.0000000000000000   6.9693859831191378E+09
   19000.0000000000000000   8.6140814167080212E+09
   20000.0000000000000000   1.0459923750480446E+10
   20005.9989999999997963   1.0472683957944973E+10
   20006.0010000000002037   1.0472688217247864E+10
   21000.0000000000000000   1.2639915483726408E+10
   22000.0000000000000000   1.5138796618919636E+10
   23000.0000000000000000   1.8077215681401024E+10
   24000.0000000000000000   2.1237248643053837E+10
   25000.0000000000000000   2.4932412341993713E+10
   26000.0000000000000000   2.9083654926151611E+10
   27000.0000000000000000   3.3656928098345818E+10
   28000.0000000000000000   3.8918173718240173E+10
   29000.0000000000000000   4.4671467578747437E+10
   30000.0000000000000000   5.0815623159647141E+10
   31000.0000000000000000   5.8048630411060539E+10
   32000.0000000000000000   6.5594181794423950E+10
   33000.0000000000000000   7.3835140238672852E+10
   34000.0000000000000000   8.3397613763074249E+10
   35000.0000000000000000   9.3208549022863403E+10
   36000.0000000000000000   1.0395324864911983E+11
   37000.0000000000000000   1.1566321546061569E+11
   38000.0000000000000000   1.2837534749421870E+11
   39000.0000000000000000   1.4213292890852347E+11
   40000.0000000000000000   1.5698708490777267E+11
   41000.0000000000000000   1.7299864912644278E+11
   42000.0000000000000000   1.9024048403346646E+11
   43000.0000000000000000   2.0969520312201151E+11
   44000.0000000000000000   2.2825838715739426E+11
   45000.0000000000000000   2.4964766129113074E+11
   46000.0000000000000000   2.7269857330800729E+11
   47000.0000000000000000   2.9572392435130487E+11
   48000.0000000000000000   3.2193668100296869E+11
   49000.0000000000000000   3.4848267876428418E+11
   50000.0000000000000000   3.7701968828501764E+11
