       0.1000000000000000   1.0000000000000000E+30
       0.2000000000000000   1.0000000000000000E+30
       0.3000000000000000   1.0000000000000000E+30
       0.4000000000000000   1.0000000000000000E+30
       0.5000000000000000   1.0000000000000000E+30
       0.6000000000000000   1.0000000000000000E+30
       0.7000000000000000   1.0000000000000000E+30
       0.7999999999999999   1.0000000000000000E+30
       0.8999999999999999   1.0000000000000000E+30
       0.9999999999999999   1.0000000000000000E+30
       2.0000000000000000   1.0000000000000000E+30
       3.0000000000000000   1.0000000000000000E+30
       4.0000000000000000   1.0000000000000000E+30
       5.0000000000000000   1.0000000000000000E+30
       6.0000000000000000   1.0000000000000000E+30
       7.0000000000000000   1.0000000000000000E+30
       8.0000000000000000   1.0000000000000000E+30
       9.0000000000000000   1.0000000000000000E+30
      10.0000000000000000   1.0000000000000000E+30
      11.0000000000000000   1.0000000000000000E+30
      12.0000000000000000   1.0000000000000000E+30
      13.0000000000000000   1.0000000000000000E+30
      14.0000000000000000   1.0000000000000000E+30
      15.0000000000000000   1.0000000000000000E+30
      16.0000000000000000   1.0000000000000000E+30
      17.0000000000000000   1.0000000000000000E+30
      18.0000000000000000   1.0000000000000000E+30
      19.0000000000000000   1.0000000000000000E+30
      20.0000000000000000   1.0000000000000000E+30
      21.0000000000000000   1.0000000000000000E+30
      22.0000000000000000   1.0000000000000000E+30
      23.0000000000000000   1.0000000000000000E+30
      24.0000000000000000   1.0000000000000000E+30
      25.0000000000000000   1.0000000000000000E+30
      26.0000000000000000   1.0000000000000000E+30
      27.0000000000000000   1.0000000000000000E+30
      28.0000000000000000   1.0000000000000000E+30
      29.0000000000000000   1.0000000000000000E+30
      30.0000000000000000   1.0000000000000000E+30
      31.0000000000000000   1.0000000000000000E+30
      32.0000000000000000   1.0000000000000000E+30
      33.0000000000000000   1.0000000000000000E+30
      34.0000000000000000   1.0000000000000000E+30
      35.0000000000000000   1.0000000000000000E+30
      36.0000000000000000   1.0000000000000000E+30
      37.0000000000000000   1.0000000000000000E+30
      38.0000000000000000   1.0000000000000000E+30
      39.0000000000000000   1.0000000000000000E+30
      40.0000000000000000   1.0000000000000000E+30
      41.0000000000000000   1.0000000000000000E+30
      41.9990000000000023   1.0000000000000000E+30
      42.0000000000000000   1.0000000000000000E+30
      42.0009999999999977   1.0000000000000000E+30
      43.0000000000000000   1.0000000000000000E+30
      44.0000000000000000   1.0000000000000000E+30
      44.9990000000000023   1.0000000000000000E+30
      45.0000000000000000   1.0000000000000000E+30
      45.0009999999999977   1.0000000000000000E+30
      46.0000000000000000   1.0000000000000000E+30
      47.0000000000000000   1.0000000000000000E+30
      48.0000000000000000   1.0000000000000000E+30
      49.0000000000000000   1.0000000000000000E+30
      50.0000000000000000   1.0000000000000000E+30
      51.0000000000000000   1.0000000000000000E+30
      52.0000000000000000   1.0000000000000000E+30
      53.0000000000000000   1.0000000000000000E+30
      54.0000000000000000   1.0000000000000000E+30
      55.0000000000000000   1.0000000000000000E+30
      56.0000000000000000   1.0000000000000000E+30
      57.0000000000000000   1.0000000000000000E+30
      58.0000000000000000   1.0000000000000000E+30
      59.0000000000000000   1.0000000000000000E+30
      60.0000000000000000   1.0000000000000000E+30
      61.0000000000000000   1.0000000000000000E+30
      62.0000000000000000   1.0000000000000000E+30
      63.0000000000000000   1.0000000000000000E+30
      64.0000000000000000   1.0000000000000000E+30
      65.0000000000000000   1.0000000000000000E+30
      66.0000000000000000   1.0000000000000000E+30
      67.0000000000000000   1.0000000000000000E+30
      67.9989999999999952   1.0000000000000000E+30
      68.0000000000000000   1.0000000000000000E+30
      68.0010000000000048   1.0000000000000000E+30
      69.0000000000000000   1.0000000000000000E+30
      70.0000000000000000   1.0000000000000000E+30
      71.0000000000000000   1.0000000000000000E+30
      72.0000000000000000   1.0000000000000000E+30
      73.0000000000000000   1.0000000000000000E+30
      74.0000000000000000   1.0000000000000000E+30
      75.0000000000000000   1.0000000000000000E+30
      76.0000000000000000   1.0000000000000000E+30
      77.0000000000000000   1.0000000000000000E+30
      78.0000000000000000   1.0000000000000000E+30
      79.0000000000000000   1.0000000000000000E+30
      80.0000000000000000   1.0000000000000000E+30
      81.0000000000000000   1.0000000000000000E+30
      82.0000000000000000   1.0000000000000000E+30
      83.0000000000000000   1.0000000000000000E+30
      84.0000000000000000   1.0000000000000000E+30
      85.0000000000000000   1.0000000000000000E+30
      86.0000000000000000   1.0000000000000000E+30
      87.0000000000000000   1.0000000000000000E+30
      88.0000000000000000   1.0000000000000000E+30
      89.0000000000000000   1.0000000000000000E+30
      90.0000000000000000   1.0000000000000000E+30
      91.0000000000000000   1.0000000000000000E+30
      92.0000000000000000   1.0000000000000000E+30
      93.0000000000000000   1.0000000000000000E+30
      94.0000000000000000   1.0000000000000000E+30
      95.0000000000000000   1.0000000000000000E+30
      96.0000000000000000   1.0000000000000000E+30
      97.0000000000000000   1.0000000000000000E+30
      98.0000000000000000   1.0000000000000000E+30
      99.0000000000000000   1.0000000000000000E+30
     100.0000000000000000   1.0000000000000000E+30
     103.9989999999999952   1.0000000000000000E+30
     104.0010000000000048   1.0000000000000000E+30
     110.0000000000000000   1.0000000000000000E+30
     120.0000000000000000   1.0000000000000000E+30
     130.0000000000000000   1.0000000000000000E+30
     140.0000000000000000   1.0000000000000000E+30
     150.0000000000000000   1.0000000000000000E+30
     153.9989999999999952   1.0000000000000000E+30
     154.0010000000000048   1.0000000000000000E+30
     160.0000000000000000   1.0000000000000000E+30
     167.9989999999999952   1.0000000000000000E+30
     168.0010000000000048   1.0000000000000000E+30
     169.9989999999999952   1.0000000000000000E+30
     170.0000000000000000   1.0000000000000000E+30
     170.0010000000000048   1.0000000000000000E+30
     180.0000000000000000   1.0000000000000000E+30
     190.0000000000000000   1.0000000000000000E+30
     200.0000000000000000   1.0000000000000000E+30
     210.0000000000000000   1.0000000000000000E+30
     220.0000000000000000   1.0000000000000000E+30
     230.0000000000000000   1.0000000000000000E+30
     231.9989999999999952   1.0000000000000000E+30
     232.0010000000000048   1.0000000000000000E+30
     233.9989999999999952   1.0000000000000000E+30
     234.0010000000000048   1.0000000000000000E+30
     236.9989999999999952   1.0000000000000000E+30
     237.0010000000000048   1.0000000000000000E+30
     240.0000000000000000   1.0000000000000000E+30
     250.0000000000000000   1.0000000000000000E+30
     260.0000000000000000   1.0000000000000000E+30
     270.0000000000000000   1.0000000000000000E+30
     280.0000000000000000   1.0000000000000000E+30
     290.0000000000000000   1.0000000000000000E+30
     300.0000000000000000   1.0000000000000000E+30
     310.0000000000000000   1.0000000000000000E+30
     320.0000000000000000   1.0000000000000000E+30
     330.0000000000000000   1.0000000000000000E+30
     340.0000000000000000   1.0000000000000000E+30
     350.0000000000000000   1.0000000000000000E+30
     360.0000000000000000   1.0000000000000000E+30
     370.0000000000000000   1.0000000000000000E+30
     380.0000000000000000   1.0000000000000000E+30
     390.0000000000000000   1.0000000000000000E+30
     398.9990000000000236   1.0000000000000000E+30
     399.0009999999999764   1.0000000000000000E+30
     400.0000000000000000   1.0000000000000000E+30
     410.0000000000000000   1.0000000000000000E+30
     415.9990000000000236   1.0000000000000000E+30
     416.0009999999999764   1.0000000000000000E+30
     420.0000000000000000   1.0000000000000000E+30
     430.0000000000000000   1.0000000000000000E+30
     440.0000000000000000   1.0000000000000000E+30
     450.0000000000000000   1.0000000000000000E+30
     460.0000000000000000   1.0000000000000000E+30
     470.0000000000000000   1.0000000000000000E+30
     480.0000000000000000   1.0000000000000000E+30
     490.0000000000000000   1.0000000000000000E+30
     500.0000000000000000   1.0000000000000000E+30
     510.0000000000000000   1.0000000000000000E+30
     510.9989999999999668   1.0000000000000000E+30
     511.0009999999999195   1.0000000000000000E+30
     520.0000000000000000   1.0000000000000000E+30
     530.0000000000000000   1.0000000000000000E+30
     540.0000000000000000   1.0000000000000000E+30
     550.0000000000000000   1.0000000000000000E+30
     560.0000000000000000   1.0000000000000000E+30
     570.0000000000000000   1.0000000000000000E+30
     580.0000000000000000   1.0000000000000000E+30
     590.0000000000000000   1.0000000000000000E+30
     600.0000000000000000   1.0000000000000000E+30
     610.0000000000000000   1.0000000000000000E+30
     620.0000000000000000   1.0000000000000000E+30
     630.0000000000000000   1.0000000000000000E+30
     640.0000000000000000   1.0000000000000000E+30
     650.0000000000000000   1.0000000000000000E+30
     660.0000000000000000   1.0000000000000000E+30
     670.0000000000000000   1.0000000000000000E+30
     680.0000000000000000   1.0000000000000000E+30
     690.0000000000000000   1.0000000000000000E+30
     700.0000000000000000   1.0000000000000000E+30
     710.0000000000000000   1.0000000000000000E+30
     720.0000000000000000   1.0000000000000000E+30
     730.0000000000000000   1.0000000000000000E+30
     740.0000000000000000   1.0000000000000000E+30
     750.0000000000000000   1.0000000000000000E+30
     760.0000000000000000   1.0000000000000000E+30
     770.0000000000000000   1.0000000000000000E+30
     780.0000000000000000   1.0000000000000000E+30
     790.0000000000000000   1.0000000000000000E+30
     800.0000000000000000   1.0000000000000000E+30
     810.0000000000000000   1.0000000000000000E+30
     820.0000000000000000   1.0000000000000000E+30
     830.0000000000000000   1.0000000000000000E+30
     840.0000000000000000   1.0000000000000000E+30
     850.0000000000000000   1.0000000000000000E+30
     860.0000000000000000   1.0000000000000000E+30
     870.0000000000000000   1.0000000000000000E+30
     880.0000000000000000   1.0000000000000000E+30
     890.0000000000000000   1.0000000000000000E+30
     900.0000000000000000   1.0000000000000000E+30
     910.0000000000000000   1.0000000000000000E+30
     920.0000000000000000   1.0000000000000000E+30
     930.0000000000000000   1.0000000000000000E+30
     940.0000000000000000   1.0000000000000000E+30
     950.0000000000000000   1.0000000000000000E+30
     960.0000000000000000   1.0000000000000000E+30
     970.0000000000000000   1.0000000000000000E+30
     980.0000000000000000   1.0000000000000000E+30
     990.0000000000000000   1.0000000000000000E+30
    1000.0000000000000000   1.0000000000000000E+30
    1100.0000000000000000   1.0000000000000000E+30
    1200.0000000000000000   1.0000000000000000E+30
    1300.0000000000000000   1.0000000000000000E+30
    1400.0000000000000000   1.0000000000000000E+30
    1500.0000000000000000   1.0000000000000000E+30
    1600.0000000000000000   1.0000000000000000E+30
    1700.0000000000000000   1.0000000000000000E+30
    1800.0000000000000000   1.0000000000000000E+30
    1843.9990000000000236   1.0000000000000000E+30
    1844.0009999999999764   1.0000000000000000E+30
    1900.0000000000000000   1.0000000000000000E+30
    2000.0000000000000000   1.0000000000000000E+30
    2100.0000000000000000   1.0000000000000000E+30
    2200.0000000000000000   1.0000000000000000E+30
    2300.0000000000000000   1.0000000000000000E+30
    2400.0000000000000000   1.0000000000000000E+30
    2475.9989999999997963   1.0000000000000000E+30
    2476.0010000000002037   7.8505128466095674E+04
    2500.0000000000000000   7.9600379207865743E+04
    2526.9989999999997963   8.0869653971733511E+04
    2527.0010000000002037   8.0869749494946853E+04
    2600.0000000000000000   8.5291761660937351E+04
    2631.9989999999997963   8.8081624812264417E+04
    2632.0010000000002037   8.8081777930424039E+04
    2700.0000000000000000   9.4260556563663515E+04
    2800.0000000000000000   1.0358651121719093E+05
    2871.9989999999997963   1.1051091475856211E+05
    2872.0010000000002037   1.1051113113701816E+05
    2900.0000000000000000   1.1312183335069576E+05
    3000.0000000000000000   1.2336485651196411E+05
    3100.0000000000000000   1.3422290300845072E+05
    3200.0000000000000000   1.4583934827971456E+05
    3300.0000000000000000   1.5806401690065034E+05
    3400.0000000000000000   1.7014081019672219E+05
    3500.0000000000000000   1.8378756904742730E+05
    3600.0000000000000000   1.9778553429823872E+05
    3700.0000000000000000   2.1140206876727566E+05
    3800.0000000000000000   2.2658934113988938E+05
    3900.0000000000000000   2.4230878463825322E+05
    4000.0000000000000000   2.6004180560895303E+05
    4100.0000000000000000   2.7639172089584306E+05
    4200.0000000000000000   2.9445687598869856E+05
    4300.0000000000000000   3.1550436835950974E+05
    4400.0000000000000000   3.3320025837082916E+05
    4500.0000000000000000   3.5411845265421114E+05
    4600.0000000000000000   3.7608324735586293E+05
    4700.0000000000000000   3.9832144656037446E+05
    4800.0000000000000000   4.2147222293443885E+05
    4900.0000000000000000   4.4484991636315041E+05
    5000.0000000000000000   4.7264315168435551E+05
    5100.0000000000000000   4.9672430626144126E+05
    5200.0000000000000000   5.2358016156438616E+05
    5300.0000000000000000   5.5122149982585711E+05
    5400.0000000000000000   5.8011734947907203E+05
    5500.0000000000000000   6.1022074423561571E+05
    5600.0000000000000000   6.4158086133596045E+05
    5700.0000000000000000   6.7277450175485807E+05
    5800.0000000000000000   7.0524733066060930E+05
    5900.0000000000000000   7.3932387740789249E+05
    6000.0000000000000000   7.7381947833778267E+05
    6100.0000000000000000   8.0914919397416234E+05
    6200.0000000000000000   8.4897222322368948E+05
    6300.0000000000000000   8.8756521405131614E+05
    6400.0000000000000000   9.2692256646677374E+05
    6500.0000000000000000   9.6785626666795544E+05
    6600.0000000000000000   1.0147971651478639E+06
    6700.0000000000000000   1.0552454048434116E+06
    6800.0000000000000000   1.0977547617704438E+06
    6900.0000000000000000   1.1430587676303047E+06
    7000.0000000000000000   1.1945268994522127E+06
    7100.0000000000000000   1.2403944919633346E+06
    7200.0000000000000000   1.2871296349277270E+06
    7300.0000000000000000   1.3376658234438482E+06
    7400.0000000000000000   1.3938562654414326E+06
    7500.0000000000000000   1.4465845044216365E+06
    7600.0000000000000000   1.5013827466103742E+06
    7700.0000000000000000   1.5637537988257662E+06
    7800.0000000000000000   1.6174871117663376E+06
    7900.0000000000000000   1.6742470446115024E+06
    8000.0000000000000000   1.7344439276260836E+06
    8100.0000000000000000   1.8008583464139074E+06
    8200.0000000000000000   1.8615864105978548E+06
    8300.0000000000000000   1.9331098875038675E+06
    8400.0000000000000000   1.9944334673245421E+06
    8500.0000000000000000   2.0606916927857813E+06
    8600.0000000000000000   2.1360389186404347E+06
    8700.0000000000000000   2.2044288511869851E+06
    8800.0000000000000000   2.2841175579515756E+06
    8900.0000000000000000   2.3557902988598435E+06
    9000.0000000000000000   2.4308197600713018E+06
    9100.0000000000000000   2.5159242282048729E+06
    9200.0000000000000000   2.5886984513551448E+06
    9300.0000000000000000   2.6780292172240256E+06
    9400.0000000000000000   2.7545280994702606E+06
    9500.0000000000000000   2.8376420973129561E+06
    9600.0000000000000000   2.9298244753439282E+06
    9700.0000000000000000   3.0128661217294033E+06
    9800.0000000000000000   3.1098416540040113E+06
    9900.0000000000000000   3.1944314930956224E+06
   10000.0000000000000000   3.2947151145801567E+06
   11000.0000000000000000   4.3559604561653445E+06
   12000.0000000000000000   5.6053032258412894E+06
   13000.0000000000000000   7.1010530088278763E+06
   14000.0000000000000000   8.8415228010780662E+06
   15000.0000000000000000   1.0871522629468193E+07
   16000.0000000000000000   1.3159642473111887E+07
   17000.0000000000000000   1.5785261351121135E+07
   18000.0000000000000000   1.8753264923658904E+07
   19000.0000000000000000   2.2056991750435438E+07
   20000.0000000000000000   2.5892339954231706E+07
   20005.9989999999997963   2.5918897698128220E+07
   20006.0010000000002037   2.5918906561269827E+07
   21000.0000000000000000   2.9931187156266347E+07
   22000.0000000000000000   3.4420074069451101E+07
   23000.0000000000000000   3.9527438720940515E+07
   24000.0000000000000000   4.5054577831709027E+07
   25000.0000000000000000   5.0903027482157215E+07
   26000.0000000000000000   5.7454815857819304E+07
   27000.0000000000000000   6.4467675879047610E+07
   28000.0000000000000000   7.2247378619747892E+07
   29000.0000000000000000   8.0533111647023514E+07
   30000.0000000000000000   8.9316383278739095E+07
   31000.0000000000000000   9.8880658414815664E+07
   32000.0000000000000000   1.0959339130298704E+08
   33000.0000000000000000   1.2027719646259506E+08
   34000.0000000000000000   1.3189439298469327E+08
   35000.0000000000000000   1.4417446154616594E+08
   36000.0000000000000000   1.5743395531233177E+08
   37000.0000000000000000   1.7214098223211733E+08
   38000.0000000000000000   1.8760669890335467E+08
   39000.0000000000000000   2.0236636617805696E+08
   40000.0000000000000000   2.1882280759190261E+08
   41000.0000000000000000   2.3693503150976914E+08
   42000.0000000000000000   2.5592156600433597E+08
   43000.0000000000000000   2.7607010349425358E+08
   44000.0000000000000000   2.9681842083472663E+08
   45000.0000000000000000   3.1648687395879364E+08
   46000.0000000000000000   3.3950964980149013E+08
   47000.0000000000000000   3.6383284184881204E+08
   48000.0000000000000000   3.8816665401690984E+08
   49000.0000000000000000   4.1489412557360578E+08
   50000.0000000000000000   4.4207011637501413E+08
