       0.1000000000000000   4.7497799671290313E+03
       0.2000000000000000   2.4129464838264003E+03
       0.3000000000000000   1.6283306408971262E+03
       0.4000000000000000   1.2338335031327138E+03
       0.5000000000000000   9.9602239550465356E+02
       0.6000000000000000   8.3682674714446694E+02
       0.7000000000000000   7.2269271218915878E+02
       0.7999999999999999   6.3680101188255321E+02
       0.8999999999999999   5.6978612437526090E+02
       0.9999999999999999   5.1601679361904417E+02
       2.0000000000000000   2.7146227918185451E+02
       3.0000000000000000   1.8833297263690534E+02
       4.0000000000000000   1.4619176422130460E+02
       5.0000000000000000   1.2063801501437523E+02
       6.0000000000000000   1.0345869242219246E+02
       7.0000000000000000   9.1105117812728707E+01
       8.0000000000000000   8.1790234588182543E+01
       9.0000000000000000   7.4514845898833599E+01
      10.0000000000000000   6.8675915811380577E+01
      11.0000000000000000   6.3887617663306528E+01
      12.0000000000000000   5.9891439546187634E+01
      13.0000000000000000   5.6507569080126316E+01
      14.0000000000000000   5.3607000131622080E+01
      15.0000000000000000   5.1094732567010531E+01
      16.0000000000000000   4.8899233902109643E+01
      17.0000000000000000   4.6965596760463995E+01
      18.0000000000000000   4.5250962111249166E+01
      19.0000000000000000   4.3721377896544013E+01
      20.0000000000000000   4.2349593393503966E+01
      21.0000000000000000   4.1113479163650410E+01
      22.0000000000000000   3.9994874691001989E+01
      23.0000000000000000   3.8978734326802950E+01
      24.0000000000000000   3.8052485065298058E+01
      25.0000000000000000   3.7205537218053678E+01
      26.0000000000000000   3.6428907080073152E+01
      27.0000000000000000   3.5714922750109260E+01
      28.0000000000000000   3.5056992453256612E+01
      29.0000000000000000   3.4449420382782172E+01
      30.0000000000000000   3.3887259052404509E+01
      31.0000000000000000   3.3366189969906792E+01
      32.0000000000000000   3.2882426485243258E+01
      33.0000000000000000   3.2432634140510451E+01
      34.0000000000000000   3.2013864946623059E+01
      35.0000000000000000   3.1623502822492856E+01
      36.0000000000000000   3.1259218041908404E+01
      37.0000000000000000   3.0918928997192822E+01
      38.0000000000000000   3.0600769942693539E+01
      39.0000000000000000   3.0303063653169037E+01
      40.0000000000000000   3.0024298142919804E+01
      41.0000000000000000   2.9763106759229551E+01
      41.9990000000000023   2.9518488170191983E+01
      42.0000000000000000   2.9518251090990855E+01
      42.0009999999999977   2.9518014027026240E+01
      43.0000000000000000   2.9288606239100378E+01
      44.0000000000000000   2.9073148074802706E+01
      44.9990000000000023   2.8871138057490601E+01
      45.0000000000000000   2.8870942180533337E+01
      45.0009999999999977   2.8870746315981158E+01
      46.0000000000000000   2.8681134218230316E+01
      47.0000000000000000   2.8502941515031846E+01
      48.0000000000000000   2.8335645689963155E+01
      49.0000000000000000   2.8178586174355370E+01
      50.0000000000000000   2.8031154501886757E+01
      51.0000000000000000   2.7892789263114956E+01
      52.0000000000000000   2.7762971636804302E+01
      53.0000000000000000   2.7641221421389300E+01
      54.0000000000000000   2.7527093503102666E+01
      55.0000000000000000   2.7420174705235397E+01
      56.0000000000000000   2.7320080971567481E+01
      57.0000000000000000   2.7226454843066215E+01
      58.0000000000000000   2.7138963193156233E+01
      59.0000000000000000   2.7057295190603629E+01
      60.0000000000000000   2.6981160464158567E+01
      61.0000000000000000   2.6910287445716094E+01
      62.0000000000000000   2.6844421872246350E+01
      63.0000000000000000   2.6783325428874761E+01
      64.0000000000000000   2.6726774517737322E+01
      65.0000000000000000   2.6674559139520500E+01
      66.0000000000000000   2.6626481875334985E+01
      67.0000000000000000   2.6582356959046376E+01
      67.9989999999999952   2.6542047946881652E+01
      68.0000000000000000   2.6542009430462439E+01
      68.0010000000000048   2.6541970917667232E+01
      69.0000000000000000   2.6505274361465005E+01
      70.0000000000000000   2.6471996147623109E+01
      71.0000000000000000   2.6442027859365140E+01
      72.0000000000000000   2.6415230646346746E+01
      73.0000000000000000   2.6391473190389618E+01
      74.0000000000000000   2.6370631202316158E+01
      75.0000000000000000   2.6352586958630891E+01
      76.0000000000000000   2.6337228874389684E+01
      77.0000000000000000   2.6324451108931164E+01
      78.0000000000000000   2.6314153201817575E+01
      79.0000000000000000   2.6306239735940771E+01
      80.0000000000000000   2.6300620025725447E+01
      81.0000000000000000   2.6297207828215512E+01
      82.0000000000000000   2.6295921075042777E+01
      83.0000000000000000   2.6296681623611253E+01
      84.0000000000000000   2.6299415025759743E+01
      85.0000000000000000   2.6304050312822685E+01
      86.0000000000000000   2.6310519795317539E+01
      87.0000000000000000   2.6318758876393765E+01
      88.0000000000000000   2.6328705877878068E+01
      89.0000000000000000   2.6340301877944590E+01
      90.0000000000000000   2.6353490559400409E+01
      91.0000000000000000   2.6368218068060912E+01
      92.0000000000000000   2.6384432880112136E+01
      93.0000000000000000   2.6402085677987966E+01
      94.0000000000000000   2.6421129234135446E+01
      95.0000000000000000   2.6441518302005331E+01
      96.0000000000000000   2.6463209513810064E+01
      97.0000000000000000   2.6486161284528354E+01
      98.0000000000000000   2.6510333721780313E+01
      99.0000000000000000   2.6535688541047804E+01
     100.0000000000000000   2.6562188985987095E+01
     103.9989999999999952   2.6678930061202255E+01
     104.0010000000000048   2.6678992540172960E+01
     110.0000000000000000   2.6883071082726854E+01
     120.0000000000000000   2.7287018680413926E+01
     130.0000000000000000   2.7753887526728359E+01
     140.0000000000000000   2.8269318485423458E+01
     150.0000000000000000   2.8822816214988705E+01
     153.9989999999999952   2.9052990877753000E+01
     154.0010000000000048   2.9053107128134211E+01
     160.0000000000000000   2.9406544241404262E+01
     167.9989999999999952   2.9891177539549215E+01
     168.0010000000000048   2.9891300441105596E+01
     169.9989999999999952   3.0014481337917591E+01
     170.0000000000000000   3.0014543188484815E+01
     170.0010000000000048   3.0014605039247851E+01
     180.0000000000000000   3.0642208522817697E+01
     190.0000000000000000   3.1285932695738076E+01
     200.0000000000000000   3.1942854411743522E+01
     210.0000000000000000   3.2610679461188994E+01
     220.0000000000000000   3.3287550426257567E+01
     230.0000000000000000   3.3971950427545998E+01
     231.9989999999999952   3.4109551092147228E+01
     232.0010000000000048   3.4109688883994096E+01
     233.9989999999999952   3.4247462206020941E+01
     234.0010000000000048   3.4247600235212431E+01
     236.9989999999999952   3.4454763405232626E+01
     237.0010000000000048   3.4454901774804590E+01
     240.0000000000000000   3.4662631003395511E+01
     250.0000000000000000   3.5358557373579494E+01
     260.0000000000000000   3.6058866409009482E+01
     270.0000000000000000   3.6762834011961807E+01
     280.0000000000000000   3.7469849550885840E+01
     290.0000000000000000   3.8179395643034752E+01
     300.0000000000000000   3.8891032032765530E+01
     310.0000000000000000   3.9604382636635329E+01
     320.0000000000000000   4.0319125058598836E+01
     330.0000000000000000   4.1034982047853198E+01
     340.0000000000000000   4.1751714496097534E+01
     350.0000000000000000   4.2469115663591175E+01
     360.0000000000000000   4.3187006392372112E+01
     370.0000000000000000   4.3905231117854790E+01
     380.0000000000000000   4.4623654529547196E+01
     390.0000000000000000   4.5342158762872209E+01
     398.9990000000000236   4.5988724595836537E+01
     399.0009999999999764   4.5988868286078798E+01
     400.0000000000000000   4.6060641027421518E+01
     410.0000000000000000   4.6779011595994646E+01
     415.9990000000000236   4.7209875475869289E+01
     416.0009999999999764   4.7210019107949989E+01
     420.0000000000000000   4.7497192092943244E+01
     430.0000000000000000   4.8215114032209918E+01
     440.0000000000000000   4.8932717564322296E+01
     450.0000000000000000   4.9649950399105279E+01
     460.0000000000000000   5.0366766876647354E+01
     470.0000000000000000   5.1083127163777199E+01
     480.0000000000000000   5.1798996557283331E+01
     490.0000000000000000   5.2514344878009581E+01
     500.0000000000000000   5.3229145942812544E+01
     510.0000000000000000   5.3943377103165702E+01
     510.9989999999999668   5.4014696709837793E+01
     511.0009999999999195   5.4014839485918763E+01
     520.0000000000000000   5.4657018841224769E+01
     530.0000000000000000   5.5370054415314023E+01
     540.0000000000000000   5.6082469548316432E+01
     550.0000000000000000   5.6794252153091520E+01
     560.0000000000000000   5.7505392090209142E+01
     570.0000000000000000   5.8215880953727989E+01
     580.0000000000000000   5.8925711881557028E+01
     590.0000000000000000   5.9634879387185329E+01
     600.0000000000000000   6.0343379210307631E+01
     610.0000000000000000   6.1051208183893699E+01
     620.0000000000000000   6.1758364115837338E+01
     630.0000000000000000   6.2464845683357446E+01
     640.0000000000000000   6.3170652338784812E+01
     650.0000000000000000   6.3875784225290666E+01
     660.0000000000000000   6.4580242101470930E+01
     670.0000000000000000   6.5284027273877072E+01
     680.0000000000000000   6.5987141536396919E+01
     690.0000000000000000   6.6689587115988161E+01
     700.0000000000000000   6.7391366623835054E+01
     710.0000000000000000   6.8092483011545099E+01
     720.0000000000000000   6.8792939531649495E+01
     730.0000000000000000   6.9492739702170184E+01
     740.0000000000000000   7.0191887274599296E+01
     750.0000000000000000   7.0890386205160681E+01
     760.0000000000000000   7.1588240628807526E+01
     770.0000000000000000   7.2285454835866730E+01
     780.0000000000000000   7.2982033250896563E+01
     790.0000000000000000   7.3677980413676579E+01
     800.0000000000000000   7.4373300962005601E+01
     810.0000000000000000   7.5067999616229656E+01
     820.0000000000000000   7.5762081165212479E+01
     830.0000000000000000   7.6455550453760836E+01
     840.0000000000000000   7.7148412371193615E+01
     850.0000000000000000   7.7840671841101553E+01
     860.0000000000000000   7.8532333812085938E+01
     870.0000000000000000   7.9223403249375480E+01
     880.0000000000000000   7.9913885127370449E+01
     890.0000000000000000   8.0603784422815011E+01
     900.0000000000000000   8.1293106108763936E+01
     910.0000000000000000   8.1981855149072928E+01
     920.0000000000000000   8.2670036493530858E+01
     930.0000000000000000   8.3357655073423018E+01
     940.0000000000000000   8.4044715797648962E+01
     950.0000000000000000   8.4731223549144204E+01
     960.0000000000000000   8.5417183181817194E+01
     970.0000000000000000   8.6102599517709976E+01
     980.0000000000000000   8.6787477344571258E+01
     990.0000000000000000   8.7471821413637272E+01
    1000.0000000000000000   8.8155636437756854E+01
    1100.0000000000000000   9.4965695787922570E+01
    1200.0000000000000000   1.0172770707979706E+02
    1300.0000000000000000   1.0844562766065677E+02
    1400.0000000000000000   1.1512295795724530E+02
    1500.0000000000000000   1.2176278299871123E+02
    1600.0000000000000000   1.2836782232834904E+02
    1700.0000000000000000   1.3494047857516071E+02
    1800.0000000000000000   1.4148288117811373E+02
    1843.9990000000000236   1.4435238453736460E+02
    1844.0009999999999764   1.4435251484985147E+02
    1900.0000000000000000   1.4799692438749503E+02
    2000.0000000000000000   1.5448429974345862E+02
    2100.0000000000000000   1.6094652362376374E+02
    2200.0000000000000000   1.6738496054722782E+02
    2300.0000000000000000   1.7380084288999353E+02
    2400.0000000000000000   1.8019528759706671E+02
    2475.9989999999997963   1.8504129275280383E+02
    2476.0010000000002037   1.8504142012941452E+02
    2500.0000000000000000   1.8656931038643648E+02
    2526.9989999999997963   1.8828685376398755E+02
    2527.0010000000002037   1.8828698094194155E+02
    2600.0000000000000000   1.9292383786254959E+02
    2631.9989999999997963   1.9495324634787690E+02
    2632.0010000000002037   1.9495337313076183E+02
    2700.0000000000000000   1.9925971788446753E+02
    2800.0000000000000000   2.0557772847392516E+02
    2871.9989999999997963   2.1011597251034149E+02
    2872.0010000000002037   2.1011609845327314E+02
    2900.0000000000000000   2.1187858549830847E+02
    3000.0000000000000000   2.1816294932213012E+02
    3100.0000000000000000   2.2443143058717888E+02
    3200.0000000000000000   2.3068459525366322E+02
    3300.0000000000000000   2.3692296901241991E+02
    3400.0000000000000000   2.4314704115972043E+02
    3500.0000000000000000   2.4935726801139339E+02
    3600.0000000000000000   2.5555407592048724E+02
    3700.0000000000000000   2.6173786395258730E+02
    3800.0000000000000000   2.6790900626452782E+02
    3900.0000000000000000   2.7406785422530317E+02
    4000.0000000000000000   2.8021473831219049E+02
    4100.0000000000000000   2.8634996981024022E+02
    4200.0000000000000000   2.9247384233927727E+02
    4300.0000000000000000   2.9858663322919597E+02
    4400.0000000000000000   3.0468860476144215E+02
    4500.0000000000000000   3.1078000529211596E+02
    4600.0000000000000000   3.1686107027010706E+02
    4700.0000000000000000   3.2293202316200438E+02
    4800.0000000000000000   3.2899307629385305E+02
    4900.0000000000000000   3.3504443161878845E+02
    5000.0000000000000000   3.4108628141815552E+02
    5100.0000000000000000   3.4711880894318404E+02
    5200.0000000000000000   3.5314218900309652E+02
    5300.0000000000000000   3.5915658850506520E+02
    5400.0000000000000000   3.6516216695070057E+02
    5500.0000000000000000   3.7115907689325780E+02
    5600.0000000000000000   3.7714746435929646E+02
    5700.0000000000000000   3.8312746923804792E+02
    5800.0000000000000000   3.8909922564160854E+02
    5900.0000000000000000   3.9506286223831103E+02
    6000.0000000000000000   4.0101850256195229E+02
    6100.0000000000000000   4.0696626529875056E+02
    6200.0000000000000000   4.1290626455412553E+02
    6300.0000000000000000   4.1883861010086702E+02
    6400.0000000000000000   4.2476340761033822E+02
    6500.0000000000000000   4.3068075886809584E+02
    6600.0000000000000000   4.3659076197514736E+02
    6700.0000000000000000   4.4249351153599696E+02
    6800.0000000000000000   4.4838909883463413E+02
    6900.0000000000000000   4.5427761199918513E+02
    7000.0000000000000000   4.6015913615633923E+02
    7100.0000000000000000   4.6603375357613339E+02
    7200.0000000000000000   4.7190154380789420E+02
    7300.0000000000000000   4.7776258380799413E+02
    7400.0000000000000000   4.8361694806002964E+02
    7500.0000000000000000   4.8946470868785019E+02
    7600.0000000000000000   4.9530593556214251E+02
    7700.0000000000000000   5.0114069640079583E+02
    7800.0000000000000000   5.0696905686368268E+02
    7900.0000000000000000   5.1279108064211471E+02
    8000.0000000000000000   5.1860682954330616E+02
    8100.0000000000000000   5.2441636357032667E+02
    8200.0000000000000000   5.3021974099766419E+02
    8300.0000000000000000   5.3601701844283821E+02
    8400.0000000000000000   5.4180825093412841E+02
    8500.0000000000000000   5.4759349197495555E+02
    8600.0000000000000000   5.5337279360475861E+02
    8700.0000000000000000   5.5914620645691991E+02
    8800.0000000000000000   5.6491377981371409E+02
    8900.0000000000000000   5.7067556165851136E+02
    9000.0000000000000000   5.7643159872547164E+02
    9100.0000000000000000   5.8218193654675656E+02
    9200.0000000000000000   5.8792661949748879E+02
    9300.0000000000000000   5.9366569083858849E+02
    9400.0000000000000000   5.9939919275760474E+02
    9500.0000000000000000   6.0512716640756207E+02
    9600.0000000000000000   6.1084965194406141E+02
    9700.0000000000000000   6.1656668856078522E+02
    9800.0000000000000000   6.2227831452311909E+02
    9900.0000000000000000   6.2798456720065781E+02
   10000.0000000000000000   6.3368548309788332E+02
   11000.0000000000000000   6.9040858706219535E+02
   12000.0000000000000000   7.4663273592150586E+02
   13000.0000000000000000   8.0238380489835356E+02
   14000.0000000000000000   8.5768326613183399E+02
   15000.0000000000000000   9.1254925242562058E+02
   16000.0000000000000000   9.6699731035650746E+02
   17000.0000000000000000   1.0210409469194708E+03
   18000.0000000000000000   1.0746920349612210E+03
   19000.0000000000000000   1.1279611195995769E+03
   20000.0000000000000000   1.1808576536901442E+03
   20005.9989999999997963   1.1811738734773937E+03
   20006.0010000000002037   1.1811739788993145E+03
   21000.0000000000000000   1.2333901814587566E+03
   22000.0000000000000000   1.2855664836141946E+03
   23000.0000000000000000   1.3373936933920018E+03
   24000.0000000000000000   1.3888783903563647E+03
   25000.0000000000000000   1.4400266769680466E+03
   26000.0000000000000000   1.4908442416475607E+03
   27000.0000000000000000   1.5413364111427775E+03
   28000.0000000000000000   1.5915081943445659E+03
   29000.0000000000000000   1.6413643192059699E+03
   30000.0000000000000000   1.6909092640518795E+03
   31000.0000000000000000   1.7401472842913208E+03
   32000.0000000000000000   1.7890824353392074E+03
   33000.0000000000000000   1.8377185923861912E+03
   34000.0000000000000000   1.8860594675360876E+03
   35000.0000000000000000   1.9341086247320479E+03
   36000.0000000000000000   1.9818694928110774E+03
   37000.0000000000000000   2.0293453769710200E+03
   38000.0000000000000000   2.0765394688827082E+03
   39000.0000000000000000   2.1234548556401255E+03
   40000.0000000000000000   2.1700945277088717E+03
   41000.0000000000000000   2.2164613860119730E+03
   42000.0000000000000000   2.2625582482642008E+03
   43000.0000000000000000   2.3083878546529390E+03
   44000.0000000000000000   2.3539528729485278E+03
   45000.0000000000000000   2.3992559031131991E+03
   46000.0000000000000000   2.4442994814693984E+03
   47000.0000000000000000   2.4890860844817157E+03
   48000.0000000000000000   2.5336181321911267E+03
   49000.0000000000000000   2.5778979913475255E+03
   50000.0000000000000000   2.6219279782698759E+03
