       0.1000000000000000   1.0000000000000000E+30   0.0000000000000000E+00
       0.2000000000000000   1.0000000000000000E+30   0.0000000000000000E+00
       0.3000000000000000   1.0000000000000000E+30   0.0000000000000000E+00
       0.4000000000000000   1.0000000000000000E+30   0.0000000000000000E+00
       0.5000000000000000   1.0000000000000000E+30   0.0000000000000000E+00
       0.6000000000000000   1.0000000000000000E+30   0.0000000000000000E+00
       0.7000000000000000   1.0000000000000000E+30   0.0000000000000000E+00
       0.7999999999999999   1.0000000000000000E+30   0.0000000000000000E+00
       0.8999999999999999   1.0000000000000000E+30   0.0000000000000000E+00
       0.9999999999999999   1.0000000000000000E+30   0.0000000000000000E+00
       2.0000000000000000   1.0000000000000000E+30   0.0000000000000000E+00
       3.0000000000000000   1.0000000000000000E+30   0.0000000000000000E+00
       4.0000000000000000   1.0000000000000000E+30   0.0000000000000000E+00
       5.0000000000000000   1.0000000000000000E+30   0.0000000000000000E+00
       6.0000000000000000   1.0000000000000000E+30   0.0000000000000000E+00
       7.0000000000000000   1.0000000000000000E+30   0.0000000000000000E+00
       8.0000000000000000   1.0000000000000000E+30   0.0000000000000000E+00
       9.0000000000000000   1.0000000000000000E+30   0.0000000000000000E+00
      10.0000000000000000   1.0000000000000000E+30   0.0000000000000000E+00
      11.0000000000000000   1.0000000000000000E+30   0.0000000000000000E+00
      12.0000000000000000   1.0000000000000000E+30   0.0000000000000000E+00
      13.0000000000000000   1.0000000000000000E+30   0.0000000000000000E+00
      14.0000000000000000   1.0000000000000000E+30   0.0000000000000000E+00
      15.0000000000000000   1.0000000000000000E+30   0.0000000000000000E+00
      16.0000000000000000   1.0000000000000000E+30   0.0000000000000000E+00
      17.0000000000000000   1.0000000000000000E+30   0.0000000000000000E+00
      18.0000000000000000   1.0000000000000000E+30   0.0000000000000000E+00
      19.0000000000000000   1.0000000000000000E+30   0.0000000000000000E+00
      20.0000000000000000   1.0000000000000000E+30   0.0000000000000000E+00
      21.0000000000000000   1.0000000000000000E+30   0.0000000000000000E+00
      22.0000000000000000   1.0000000000000000E+30   0.0000000000000000E+00
      23.0000000000000000   1.0000000000000000E+30   0.0000000000000000E+00
      24.0000000000000000   1.0000000000000000E+30   0.0000000000000000E+00
      25.0000000000000000   1.0000000000000000E+30   0.0000000000000000E+00
      26.0000000000000000   1.0000000000000000E+30   0.0000000000000000E+00
      27.0000000000000000   1.0000000000000000E+30   0.0000000000000000E+00
      28.0000000000000000   1.0000000000000000E+30   0.0000000000000000E+00
      29.0000000000000000   1.0000000000000000E+30   0.0000000000000000E+00
      30.0000000000000000   1.0000000000000000E+30   0.0000000000000000E+00
      31.0000000000000000   1.0000000000000000E+30   0.0000000000000000E+00
      32.0000000000000000   1.0000000000000000E+30   0.0000000000000000E+00
      33.0000000000000000   1.0000000000000000E+30   0.0000000000000000E+00
      34.0000000000000000   1.0000000000000000E+30   0.0000000000000000E+00
      35.0000000000000000   1.0000000000000000E+30   0.0000000000000000E+00
      36.0000000000000000   1.0000000000000000E+30   0.0000000000000000E+00
      37.0000000000000000   1.0000000000000000E+30   0.0000000000000000E+00
      38.0000000000000000   1.0000000000000000E+30   0.0000000000000000E+00
      39.0000000000000000   1.0000000000000000E+30   0.0000000000000000E+00
      40.0000000000000000   1.0000000000000000E+30   0.0000000000000000E+00
      41.0000000000000000   1.0000000000000000E+30   0.0000000000000000E+00
      41.9990000000000023   1.0000000000000000E+30   0.0000000000000000E+00
      42.0000000000000000   1.0000000000000000E+30   0.0000000000000000E+00
      42.0009999999999977   1.0000000000000000E+30   0.0000000000000000E+00
      43.0000000000000000   1.0000000000000000E+30   0.0000000000000000E+00
      44.0000000000000000   1.0000000000000000E+30   0.0000000000000000E+00
      44.9990000000000023   1.0000000000000000E+30   0.0000000000000000E+00
      45.0000000000000000   1.0000000000000000E+30   0.0000000000000000E+00
      45.0009999999999977   1.0000000000000000E+30   0.0000000000000000E+00
      46.0000000000000000   1.0000000000000000E+30   0.0000000000000000E+00
      47.0000000000000000   1.0000000000000000E+30   0.0000000000000000E+00
      48.0000000000000000   1.0000000000000000E+30   0.0000000000000000E+00
      49.0000000000000000   1.0000000000000000E+30   0.0000000000000000E+00
      50.0000000000000000   1.0000000000000000E+30   0.0000000000000000E+00
      51.0000000000000000   1.0000000000000000E+30   0.0000000000000000E+00
      52.0000000000000000   1.0000000000000000E+30   0.0000000000000000E+00
      53.0000000000000000   1.0000000000000000E+30   0.0000000000000000E+00
      54.0000000000000000   1.0000000000000000E+30   0.0000000000000000E+00
      55.0000000000000000   1.0000000000000000E+30   0.0000000000000000E+00
      56.0000000000000000   1.0000000000000000E+30   0.0000000000000000E+00
      57.0000000000000000   1.0000000000000000E+30   0.0000000000000000E+00
      58.0000000000000000   1.0000000000000000E+30   0.0000000000000000E+00
      59.0000000000000000   1.0000000000000000E+30   0.0000000000000000E+00
      60.0000000000000000   1.0000000000000000E+30   0.0000000000000000E+00
      61.0000000000000000   1.0000000000000000E+30   0.0000000000000000E+00
      62.0000000000000000   1.0000000000000000E+30   0.0000000000000000E+00
      63.0000000000000000   1.0000000000000000E+30   0.0000000000000000E+00
      64.0000000000000000   1.0000000000000000E+30   0.0000000000000000E+00
      65.0000000000000000   1.0000000000000000E+30   0.0000000000000000E+00
      66.0000000000000000   1.0000000000000000E+30   0.0000000000000000E+00
      67.0000000000000000   1.0000000000000000E+30   0.0000000000000000E+00
      67.9989999999999952   1.0000000000000000E+30   0.0000000000000000E+00
      68.0000000000000000   1.0000000000000000E+30   0.0000000000000000E+00
      68.0010000000000048   1.0000000000000000E+30   0.0000000000000000E+00
      69.0000000000000000   1.0000000000000000E+30   0.0000000000000000E+00
      70.0000000000000000   1.0000000000000000E+30   0.0000000000000000E+00
      71.0000000000000000   1.0000000000000000E+30   0.0000000000000000E+00
      72.0000000000000000   1.0000000000000000E+30   0.0000000000000000E+00
      73.0000000000000000   1.0000000000000000E+30   0.0000000000000000E+00
      74.0000000000000000   1.0000000000000000E+30   0.0000000000000000E+00
      75.0000000000000000   1.0000000000000000E+30   0.0000000000000000E+00
      76.0000000000000000   1.0000000000000000E+30   0.0000000000000000E+00
      77.0000000000000000   1.0000000000000000E+30   0.0000000000000000E+00
      78.0000000000000000   1.0000000000000000E+30   0.0000000000000000E+00
      79.0000000000000000   1.0000000000000000E+30   0.0000000000000000E+00
      80.0000000000000000   1.0000000000000000E+30   0.0000000000000000E+00
      81.0000000000000000   1.0000000000000000E+30   0.0000000000000000E+00
      82.0000000000000000   1.0000000000000000E+30   0.0000000000000000E+00
      83.0000000000000000   1.0000000000000000E+30   0.0000000000000000E+00
      84.0000000000000000   1.0000000000000000E+30   0.0000000000000000E+00
      85.0000000000000000   1.0000000000000000E+30   0.0000000000000000E+00
      86.0000000000000000   1.0000000000000000E+30   0.0000000000000000E+00
      87.0000000000000000   1.0000000000000000E+30   0.0000000000000000E+00
      88.0000000000000000   1.0000000000000000E+30   0.0000000000000000E+00
      89.0000000000000000   1.0000000000000000E+30   0.0000000000000000E+00
      90.0000000000000000   1.0000000000000000E+30   0.0000000000000000E+00
      91.0000000000000000   1.0000000000000000E+30   0.0000000000000000E+00
      92.0000000000000000   1.0000000000000000E+30   0.0000000000000000E+00
      93.0000000000000000   1.0000000000000000E+30   0.0000000000000000E+00
      94.0000000000000000   1.0000000000000000E+30   0.0000000000000000E+00
      95.0000000000000000   1.0000000000000000E+30   0.0000000000000000E+00
      96.0000000000000000   1.0000000000000000E+30   0.0000000000000000E+00
      97.0000000000000000   1.0000000000000000E+30   0.0000000000000000E+00
      98.0000000000000000   1.0000000000000000E+30   0.0000000000000000E+00
      99.0000000000000000   1.0000000000000000E+30   0.0000000000000000E+00
     100.0000000000000000   1.0000000000000000E+30   0.0000000000000000E+00
     103.9989999999999952   1.0000000000000000E+30   0.0000000000000000E+00
     104.0010000000000048   1.4272668921417713E+10   7.2866539939097536E-09
     110.0000000000000000   7.5958025986470806E+04   1.3873621124037641E-03
     120.0000000000000000   1.6936569216609409E+04   6.3545419491828799E-03
     130.0000000000000000   8.0785329047789328E+03   1.3595782891404149E-02
     140.0000000000000000   4.9586451957145300E+03   2.2593924116693479E-02
     150.0000000000000000   3.4619750369369281E+03   3.2998082481880395E-02
     153.9989999999999952   3.0707757884158286E+03   3.7489296116410990E-02
     154.0010000000000048   3.0706013416938054E+03   3.7491569521069024E-02
     160.0000000000000000   2.6148051450488942E+03   4.4533926504869134E-02
     167.9989999999999952   2.1723136149548081E+03   5.4420405435927917E-02
     168.0010000000000048   2.1722209642160351E+03   5.4422930289452831E-02
     169.9989999999999952   2.0828941226625138E+03   5.6969396395483651E-02
     170.0000000000000000   2.0828513197879547E+03   5.6970673360548389E-02
     170.0010000000000048   2.0828085185789978E+03   5.6971950332546595E-02
     180.0000000000000000   1.7242780108562829E+03   7.0102559193767233E-02
     190.0000000000000000   1.4698820851491967E+03   8.3738824140725199E-02
     200.0000000000000000   1.2823467236674230E+03   9.7699048451823006E-02
     210.0000000000000000   1.1399679279984700E+03   1.1181213492033835E-01
     220.0000000000000000   1.0293465627816429E+03   1.2591790884594886E-01
     230.0000000000000000   9.4179729507450202E+02   1.3987079836167396E-01
     231.9989999999999952   9.2651208703882673E+02   1.4263002222306009E-01
     232.0010000000000048   9.2649713682212791E+02   1.4263277466992380E-01
     233.9989999999999952   9.1186556195168419E+02   1.4537832386285246E-01
     234.0010000000000048   9.1185123932668284E+02   1.4538106368809856E-01
     236.9989999999999952   8.9103211456609290E+02   1.4947595890555093E-01
     237.0010000000000048   8.9101867188395704E+02   1.4947867814310528E-01
     240.0000000000000000   8.7146305118160581E+02   1.5354240805233604E-01
     250.0000000000000000   8.1425869201200805E+02   1.6682424504098292E-01
     260.0000000000000000   7.6725428033840808E+02   1.7962881862864732E-01
     270.0000000000000000   7.2829898861612276E+02   1.9188920122360648E-01
     280.0000000000000000   6.9578107412851716E+02   2.0355806514479363E-01
     290.0000000000000000   6.6847276038536461E+02   2.1460538112596081E-01
     300.0000000000000000   6.4542484396213456E+02   2.2501593687883339E-01
     310.0000000000000000   6.2589403792461349E+02   2.3478674702560523E-01
     320.0000000000000000   6.0929159602402274E+02   2.4392463435828432E-01
     330.0000000000000000   5.9514672691876513E+02   2.5244379559811703E-01
     340.0000000000000000   5.8307932261922690E+02   2.6036393042272393E-01
     350.0000000000000000   5.7277988342700894E+02   2.6770862860578148E-01
     360.0000000000000000   5.6399432409898975E+02   2.7450411407563513E-01
     370.0000000000000000   5.5651318669559600E+02   2.8077774685472656E-01
     380.0000000000000000   5.5016161883234463E+02   2.8655791996982333E-01
     390.0000000000000000   5.4479331366178758E+02   2.9187299486490159E-01
     398.9990000000000236   5.4070100992647565E+02   2.9628129705700817E-01
     399.0009999999999764   5.4070017224763217E+02   2.9628223870837805E-01
     400.0000000000000000   5.4028547242028708E+02   2.9675057963811480E-01
     410.0000000000000000   5.3653354552939777E+02   3.0121792022847799E-01
     415.9990000000000236   5.3460814666860233E+02   3.0371179633728046E-01
     416.0009999999999764   5.3460754303545821E+02   3.0371260519484167E-01
     420.0000000000000000   5.3344874585222465E+02   3.0530107461386591E-01
     430.0000000000000000   5.3095521595651132E+02   3.0902482263703723E-01
     440.0000000000000000   5.2898720124927843E+02   3.1241320030918174E-01
     450.0000000000000000   5.2748842309763495E+02   3.1548844287032196E-01
     460.0000000000000000   5.2640979246451002E+02   3.1827175664090734E-01
     470.0000000000000000   5.2570863733551823E+02   3.2078298968725111E-01
     480.0000000000000000   5.2534754204299213E+02   3.2304082003552670E-01
     490.0000000000000000   5.2529375257715674E+02   3.2506265344280549E-01
     500.0000000000000000   5.2551835693641283E+02   3.2686480462663275E-01
     510.0000000000000000   5.2599579270110166E+02   3.2846249529973648E-01
     510.9989999999999668   5.2605648488248380E+02   3.2861142533018267E-01
     511.0009999999999195   5.2605660876053037E+02   3.2861172152743490E-01
     520.0000000000000000   5.2670344499204282E+02   3.2986987631129672E-01
     530.0000000000000000   5.2762114216407008E+02   3.3110018252711793E-01
     540.0000000000000000   5.2873093784329490E+02   3.3216569949672486E-01
     550.0000000000000000   5.3001673740131912E+02   3.3307788929364263E-01
     560.0000000000000000   5.3146413100755035E+02   3.3384741022621273E-01
     570.0000000000000000   5.3306016464086906E+02   3.3448416969747630E-01
     580.0000000000000000   5.3479313943876014E+02   3.3499740677663692E-01
     590.0000000000000000   5.3665251930801639E+02   3.3539569038065709E-01
     600.0000000000000000   5.3862872792421820E+02   3.3568702635995273E-01
     610.0000000000000000   5.4071309489534576E+02   3.3587884634037007E-01
     620.0000000000000000   5.4289774702867282E+02   3.3597806309168404E-01
     630.0000000000000000   5.4517548969497818E+02   3.3599113391488511E-01
     640.0000000000000000   5.4753978697595289E+02   3.3592403623648825E-01
     650.0000000000000000   5.4998463430194988E+02   3.3578237031112562E-01
     660.0000000000000000   5.5250452681421200E+02   3.3557136052627096E-01
     670.0000000000000000   5.5509445595198326E+02   3.3529582934724106E-01
     680.0000000000000000   5.5774976981804355E+02   3.3496032716405039E-01
     690.0000000000000000   5.6046622626301007E+02   3.3456905692205180E-01
     700.0000000000000000   5.6323988109913250E+02   3.3412597124205701E-01
     710.0000000000000000   5.6606713449247150E+02   3.3363472207057460E-01
     720.0000000000000000   5.6894462848435637E+02   3.3309874496683245E-01
     730.0000000000000000   5.7186925516840677E+02   3.3252125341385635E-01
     740.0000000000000000   5.7483814283155357E+02   3.3190523251053949E-01
     750.0000000000000000   5.7784863876934139E+02   3.3125346508126119E-01
     760.0000000000000000   5.8089825161316048E+02   3.3056857959920427E-01
     770.0000000000000000   5.8398469241051475E+02   3.2985300427374431E-01
     780.0000000000000000   5.8710580848445591E+02   3.2910902873115017E-01
     790.0000000000000000   5.9025960452105164E+02   3.2833878692680896E-01
     800.0000000000000000   5.9344421968664631E+02   3.2754427430103078E-01
     810.0000000000000000   5.9665790620907819E+02   3.2672736720360424E-01
     820.0000000000000000   5.9989903588921709E+02   3.2588981611826617E-01
     830.0000000000000000   6.0316609249424312E+02   3.2503325618720336E-01
     840.0000000000000000   6.0645764075538511E+02   3.2415922871483366E-01
     850.0000000000000000   6.0977235100153041E+02   3.2326916634391711E-01
     860.0000000000000000   6.1310896198811622E+02   3.2236442136002696E-01
     870.0000000000000000   6.1646629901905544E+02   3.2144625459273757E-01
     880.0000000000000000   6.1984325476294362E+02   3.2051585008660505E-01
     890.0000000000000000   6.2323878296190117E+02   3.1957432202921326E-01
     900.0000000000000000   6.2665190937439866E+02   3.1862270647763552E-01
     910.0000000000000000   6.3008170338961315E+02   3.1766198535619738E-01
     920.0000000000000000   6.3352729551569962E+02   3.1669307379710776E-01
     930.0000000000000000   6.3698787048285010E+02   3.1571682490103631E-01
     940.0000000000000000   6.4046264818981138E+02   3.1473404800664745E-01
     950.0000000000000000   6.4395089585487005E+02   3.1374550144500979E-01
     960.0000000000000000   6.4745192514039559E+02   3.1275188787390262E-01
     970.0000000000000000   6.5096507941441928E+02   3.1175387857751602E-01
     980.0000000000000000   6.5448973150475842E+02   3.1075210171388168E-01
     990.0000000000000000   6.5802531304807201E+02   3.0974712784402858E-01
    1000.0000000000000000   6.6157125115553265E+02   3.0873952203779098E-01
    1100.0000000000000000   6.9749699821194804E+02   2.9861736388906879E-01
    1200.0000000000000000   7.3401784151683921E+02   2.8863647009987597E-01
    1300.0000000000000000   7.7054809542350370E+02   2.7949846170558762E-01
    1400.0000000000000000   8.0754584099710837E+02   2.7062503735451926E-01
    1500.0000000000000000   8.4504935148217066E+02   2.6171129414846989E-01
    1600.0000000000000000   8.8151384954481796E+02   2.5441653995473434E-01
    1700.0000000000000000   9.1914363486478078E+02   2.4624139314558241E-01
    1800.0000000000000000   9.5578608650468937E+02   2.3947457268622230E-01
    1843.9990000000000236   9.7224923795961138E+02   2.3623893278678246E-01
    1844.0009999999999764   9.7225004458768649E+02   2.3623872707413718E-01
    1900.0000000000000000   9.9282626879169959E+02   2.3259109064997632E-01
    2000.0000000000000000   1.0295946001338723E+03   2.2625302560244806E-01
    2100.0000000000000000   1.0667127250406265E+03   2.1981141969167214E-01
    2200.0000000000000000   1.1029747405293174E+03   2.1440749544931798E-01
    2300.0000000000000000   1.1395868562438554E+03   2.0885178651190936E-01
    2400.0000000000000000   1.1759633846927034E+03   2.0368036245319412E-01
    2475.9989999999997963   1.2034823168196469E+03   1.9996270739240907E-01
    2476.0010000000002037   1.2034830824887938E+03   1.9996257374522189E-01
    2500.0000000000000000   1.2121186762013483E+03   1.9885286824738743E-01
    2526.9989999999997963   1.2218871573992465E+03   1.9756590993004769E-01
    2527.0010000000002037   1.2218879204017446E+03   1.9756578031853100E-01
    2600.0000000000000000   1.2480658785561723E+03   1.9433449801860131E-01
    2631.9989999999997963   1.2596738000645682E+03   1.9282207549592681E-01
    2632.0010000000002037   1.2596745578101325E+03   1.9282195362167509E-01
    2700.0000000000000000   1.2838170375004420E+03   1.9009507534835587E-01
    2800.0000000000000000   1.3198884166443117E+03   1.8568558699300111E-01
    2871.9989999999997963   1.3453174598142541E+03   1.8301989060536017E-01
    2872.0010000000002037   1.3453182064944538E+03   1.8301978383824474E-01
    2900.0000000000000000   1.3552664231987624E+03   1.8194494017310334E-01
    3000.0000000000000000   1.3909638414153756E+03   1.7802100058547579E-01
    3100.0000000000000000   1.4264841331638602E+03   1.7431563622761784E-01
    3200.0000000000000000   1.4618353820291602E+03   1.7081038599310730E-01
    3300.0000000000000000   1.4970251293481813E+03   1.6748884165712377E-01
    3400.0000000000000000   1.5320604138101526E+03   1.6433637131328266E-01
    3500.0000000000000000   1.5669478178933223E+03   1.6133988031191690E-01
    3600.0000000000000000   1.6016935036019686E+03   1.5848761389220256E-01
    3700.0000000000000000   1.6367409373173816E+03   1.5545747045690059E-01
    3800.0000000000000000   1.6712124723328266E+03   1.5287199979526619E-01
    3900.0000000000000000   1.7059860146327264E+03   1.5010719014266188E-01
    4000.0000000000000000   1.7402037420899155E+03   1.4775200177497008E-01
    4100.0000000000000000   1.7747222705965021E+03   1.4521767810060823E-01
    4200.0000000000000000   1.8087043020388601E+03   1.4306269149442205E-01
    4300.0000000000000000   1.8429847241924244E+03   1.4072993940627665E-01
    4400.0000000000000000   1.8771503163320633E+03   1.3849185866710750E-01
    4500.0000000000000000   1.9112046598654022E+03   1.3634259141071672E-01
    4600.0000000000000000   1.9447543614064803E+03   1.3452317022200316E-01
    4700.0000000000000000   1.9785993271736140E+03   1.3253037823167774E-01
    4800.0000000000000000   2.0123426869791488E+03   1.3061183982804991E-01
    4900.0000000000000000   2.0459873515167615E+03   1.2876334620300742E-01
    5000.0000000000000000   2.0795360847708289E+03   1.2698101364835682E-01
    5100.0000000000000000   2.1129915252242795E+03   1.2526124592597590E-01
    5200.0000000000000000   2.1463561961884443E+03   1.2360070619661484E-01
    5300.0000000000000000   2.1796325147647585E+03   1.2199629277169911E-01
    5400.0000000000000000   2.2131918426880966E+03   1.2023754938710818E-01
    5500.0000000000000000   2.2462947390972809E+03   1.1874093648803595E-01
    5600.0000000000000000   2.2793159535118411E+03   1.1729220090577509E-01
    5700.0000000000000000   2.3122574998096393E+03   1.1588902400295051E-01
    5800.0000000000000000   2.3454794050783667E+03   1.1433697315577834E-01
    5900.0000000000000000   2.3782636444042751E+03   1.1302202064074203E-01
    6000.0000000000000000   2.4109740157179262E+03   1.1174628105549891E-01
    6100.0000000000000000   2.4439628080609286E+03   1.1032577446373411E-01
    6200.0000000000000000   2.4765262043625348E+03   1.0912666580893821E-01
    6300.0000000000000000   2.5090209503259948E+03   1.0796151513911810E-01
    6400.0000000000000000   2.5417911671217157E+03   1.0665584525825875E-01
    6500.0000000000000000   2.5741483846050228E+03   1.0555761515057090E-01
    6600.0000000000000000   2.6067806588304320E+03   1.0432125751904518E-01
    6700.0000000000000000   2.6390061289107725E+03   1.0328430028944302E-01
    6800.0000000000000000   2.6715056986717250E+03   1.0211171242417633E-01
    6900.0000000000000000   2.7036048899588218E+03   1.0113096674741438E-01
    7000.0000000000000000   2.7359766935117982E+03   1.0001717972109074E-01
    7100.0000000000000000   2.7682857812295283E+03   9.8932434382088680E-02
    7200.0000000000000000   2.8002033537354428E+03   9.8028701882585487E-02
    7300.0000000000000000   2.8323919336863933E+03   9.6995973050644307E-02
    7400.0000000000000000   2.8641947932397793E+03   9.6138236551322268E-02
    7500.0000000000000000   2.8962671527968778E+03   9.5153703267439591E-02
    7600.0000000000000000   2.9282818219748083E+03   9.4193335904439901E-02
    7700.0000000000000000   2.9602397909789079E+03   9.3256229864021142E-02
    7800.0000000000000000   2.9918243297650133E+03   9.2481395126680313E-02
    7900.0000000000000000   3.0236743350644851E+03   9.1585605768435663E-02
    8000.0000000000000000   3.0554703355507972E+03   9.0710756123402375E-02
    8100.0000000000000000   3.0869006694024511E+03   8.9990606461557723E-02
    8200.0000000000000000   3.1185945385393625E+03   8.9152659587546562E-02
    8300.0000000000000000   3.1502368764204348E+03   8.8333646950508091E-02
    8400.0000000000000000   3.1818287907397435E+03   8.7532795042527312E-02
    8500.0000000000000000   3.2133718714068323E+03   8.6749157195053828E-02
    8600.0000000000000000   3.2448671076099195E+03   8.5982065534497651E-02
    8700.0000000000000000   3.2760091301023199E+03   8.5356375369592771E-02
    8800.0000000000000000   3.3074098405169925E+03   8.4620044780563980E-02
    8900.0000000000000000   3.3387639018024020E+03   8.3899110045129496E-02
    9000.0000000000000000   3.3700724017235439E+03   8.3192920850599192E-02
    9100.0000000000000000   3.4013362397544511E+03   8.2500920559749502E-02
    9200.0000000000000000   3.4325560449831100E+03   8.1822675102812437E-02
    9300.0000000000000000   3.4637323294965827E+03   8.1157808608842349E-02
    9400.0000000000000000   3.4948655947103548E+03   8.0505959051086831E-02
    9500.0000000000000000   3.5259563563681504E+03   7.9866767787286699E-02
    9600.0000000000000000   3.5570051449117582E+03   7.9239879620256443E-02
    9700.0000000000000000   3.5880125032593478E+03   7.8624943858740207E-02
    9800.0000000000000000   3.6189789796289851E+03   7.8021616857411338E-02
    9900.0000000000000000   3.6499051198275333E+03   7.7429564526765915E-02
   10000.0000000000000000   3.6807914612069358E+03   7.6848464133721345E-02
   11000.0000000000000000   3.9875742378707064E+03   7.1577518316340752E-02
   12000.0000000000000000   4.2911580531251457E+03   6.7033379234487919E-02
   13000.0000000000000000   4.5918916997817105E+03   6.3057207702306009E-02
   14000.0000000000000000   4.8900609177257347E+03   5.9534152327197318E-02
   15000.0000000000000000   5.1856440795160097E+03   5.6451971806330541E-02
   16000.0000000000000000   5.4791014131040856E+03   5.3666510852301542E-02
   17000.0000000000000000   5.7703804304621308E+03   5.1186248941441054E-02
   18000.0000000000000000   6.0596303625877772E+03   4.8965546764740020E-02
   19000.0000000000000000   6.3472424445243314E+03   4.6905838891670874E-02
   20000.0000000000000000   6.6328373809632949E+03   4.5096677758284333E-02
   20005.9989999999997963   6.6345526771764935E+03   4.5084739978830973E-02
   20006.0010000000002037   6.6345532491179792E+03   4.5084735981243455E-02
   21000.0000000000000000   6.9172485580846169E+03   4.3346443268727476E-02
   22000.0000000000000000   7.1998733000673246E+03   4.1793746932523870E-02
   23000.0000000000000000   7.4810092048372644E+03   4.0371724790618187E-02
   24000.0000000000000000   7.7609751589092639E+03   3.9016385396142848E-02
   25000.0000000000000000   8.0396416372600443E+03   3.7759350386425979E-02
   26000.0000000000000000   8.3170269789287358E+03   3.6597265210962363E-02
   27000.0000000000000000   8.5931957919823853E+03   3.5519385236769091E-02
   28000.0000000000000000   8.8684818873728418E+03   3.4468226111717952E-02
   29000.0000000000000000   9.1424367379604901E+03   3.3526151688978607E-02
   30000.0000000000000000   9.4155292321438301E+03   3.2611275393694482E-02
   31000.0000000000000000   9.6876275270557016E+03   3.1750099942720884E-02
   32000.0000000000000000   9.9585632433285446E+03   3.0972195529911272E-02
   33000.0000000000000000   1.0228796144322603E+04   3.0203354883761399E-02
   34000.0000000000000000   1.0498105127171466E+04   2.9481036247917487E-02
   35000.0000000000000000   1.0766536648711346E+04   2.8799665215586655E-02
   36000.0000000000000000   1.1034257488018957E+04   2.8134551823413692E-02
   37000.0000000000000000   1.1301186971299328E+04   2.7504375413314543E-02
   38000.0000000000000000   1.1567055927139649E+04   2.6941911391296675E-02
   39000.0000000000000000   1.1832566231078943E+04   2.6355076500535868E-02
   40000.0000000000000000   1.2097168512147080E+04   2.5819485311981898E-02
   41000.0000000000000000   1.2361143807022874E+04   2.5297055847930048E-02
   42000.0000000000000000   1.2624256739027622E+04   2.4820315278859029E-02
   43000.0000000000000000   1.2886848028879323E+04   2.4345185835627423E-02
   44000.0000000000000000   1.3148830267543313E+04   2.3889717504966716E-02
   45000.0000000000000000   1.3410069531981848E+04   2.3462543418734001E-02
   46000.0000000000000000   1.3671027121083864E+04   2.3016434794217926E-02
   47000.0000000000000000   1.3930960730046978E+04   2.2634170711297256E-02
   48000.0000000000000000   1.4190587552415727E+04   2.2238841355620823E-02
   49000.0000000000000000   1.4449659697470621E+04   2.1857024690412862E-02
   50000.0000000000000000   1.4708136261601037E+04   2.1493713080062888E-02
