       0.1000000000000000   1.0000000000000000E+30   0.0000000000000000E+00
       0.2000000000000000   1.0000000000000000E+30   0.0000000000000000E+00
       0.3000000000000000   1.0000000000000000E+30   0.0000000000000000E+00
       0.4000000000000000   1.0000000000000000E+30   0.0000000000000000E+00
       0.5000000000000000   1.0000000000000000E+30   0.0000000000000000E+00
       0.6000000000000000   1.0000000000000000E+30   0.0000000000000000E+00
       0.7000000000000000   1.0000000000000000E+30   0.0000000000000000E+00
       0.7999999999999999   1.0000000000000000E+30   0.0000000000000000E+00
       0.8999999999999999   1.0000000000000000E+30   0.0000000000000000E+00
       0.9999999999999999   1.0000000000000000E+30   0.0000000000000000E+00
       2.0000000000000000   1.0000000000000000E+30   0.0000000000000000E+00
       3.0000000000000000   1.0000000000000000E+30   0.0000000000000000E+00
       4.0000000000000000   1.0000000000000000E+30   0.0000000000000000E+00
       5.0000000000000000   1.0000000000000000E+30   0.0000000000000000E+00
       6.0000000000000000   1.0000000000000000E+30   0.0000000000000000E+00
       7.0000000000000000   1.0000000000000000E+30   0.0000000000000000E+00
       8.0000000000000000   1.0000000000000000E+30   0.0000000000000000E+00
       9.0000000000000000   1.0000000000000000E+30   0.0000000000000000E+00
      10.0000000000000000   1.0000000000000000E+30   0.0000000000000000E+00
      11.0000000000000000   1.0000000000000000E+30   0.0000000000000000E+00
      12.0000000000000000   1.0000000000000000E+30   0.0000000000000000E+00
      13.0000000000000000   1.0000000000000000E+30   0.0000000000000000E+00
      14.0000000000000000   1.0000000000000000E+30   0.0000000000000000E+00
      15.0000000000000000   1.0000000000000000E+30   0.0000000000000000E+00
      16.0000000000000000   1.0000000000000000E+30   0.0000000000000000E+00
      17.0000000000000000   1.0000000000000000E+30   0.0000000000000000E+00
      18.0000000000000000   1.0000000000000000E+30   0.0000000000000000E+00
      19.0000000000000000   1.0000000000000000E+30   0.0000000000000000E+00
      20.0000000000000000   1.0000000000000000E+30   0.0000000000000000E+00
      21.0000000000000000   1.0000000000000000E+30   0.0000000000000000E+00
      22.0000000000000000   1.0000000000000000E+30   0.0000000000000000E+00
      23.0000000000000000   1.0000000000000000E+30   0.0000000000000000E+00
      24.0000000000000000   1.0000000000000000E+30   0.0000000000000000E+00
      25.0000000000000000   1.0000000000000000E+30   0.0000000000000000E+00
      26.0000000000000000   1.0000000000000000E+30   0.0000000000000000E+00
      27.0000000000000000   1.0000000000000000E+30   0.0000000000000000E+00
      28.0000000000000000   1.0000000000000000E+30   0.0000000000000000E+00
      29.0000000000000000   1.0000000000000000E+30   0.0000000000000000E+00
      30.0000000000000000   1.0000000000000000E+30   0.0000000000000000E+00
      31.0000000000000000   1.0000000000000000E+30   0.0000000000000000E+00
      32.0000000000000000   1.0000000000000000E+30   0.0000000000000000E+00
      33.0000000000000000   1.0000000000000000E+30   0.0000000000000000E+00
      34.0000000000000000   1.0000000000000000E+30   0.0000000000000000E+00
      35.0000000000000000   1.0000000000000000E+30   0.0000000000000000E+00
      36.0000000000000000   1.0000000000000000E+30   0.0000000000000000E+00
      37.0000000000000000   1.0000000000000000E+30   0.0000000000000000E+00
      38.0000000000000000   1.0000000000000000E+30   0.0000000000000000E+00
      39.0000000000000000   1.0000000000000000E+30   0.0000000000000000E+00
      40.0000000000000000   1.0000000000000000E+30   0.0000000000000000E+00
      41.0000000000000000   1.0000000000000000E+30   0.0000000000000000E+00
      41.9990000000000023   1.0000000000000000E+30   0.0000000000000000E+00
      42.0000000000000000   1.0000000000000000E+30   0.0000000000000000E+00
      42.0009999999999977   1.0000000000000000E+30   0.0000000000000000E+00
      43.0000000000000000   1.0000000000000000E+30   0.0000000000000000E+00
      44.0000000000000000   1.0000000000000000E+30   0.0000000000000000E+00
      44.9990000000000023   1.0000000000000000E+30   0.0000000000000000E+00
      45.0000000000000000   1.0000000000000000E+30   0.0000000000000000E+00
      45.0009999999999977   1.0000000000000000E+30   0.0000000000000000E+00
      46.0000000000000000   1.0000000000000000E+30   0.0000000000000000E+00
      47.0000000000000000   1.0000000000000000E+30   0.0000000000000000E+00
      48.0000000000000000   1.0000000000000000E+30   0.0000000000000000E+00
      49.0000000000000000   1.0000000000000000E+30   0.0000000000000000E+00
      50.0000000000000000   1.0000000000000000E+30   0.0000000000000000E+00
      51.0000000000000000   1.0000000000000000E+30   0.0000000000000000E+00
      52.0000000000000000   1.0000000000000000E+30   0.0000000000000000E+00
      53.0000000000000000   1.0000000000000000E+30   0.0000000000000000E+00
      54.0000000000000000   1.0000000000000000E+30   0.0000000000000000E+00
      55.0000000000000000   1.0000000000000000E+30   0.0000000000000000E+00
      56.0000000000000000   1.0000000000000000E+30   0.0000000000000000E+00
      57.0000000000000000   1.0000000000000000E+30   0.0000000000000000E+00
      58.0000000000000000   1.0000000000000000E+30   0.0000000000000000E+00
      59.0000000000000000   1.0000000000000000E+30   0.0000000000000000E+00
      60.0000000000000000   1.0000000000000000E+30   0.0000000000000000E+00
      61.0000000000000000   1.0000000000000000E+30   0.0000000000000000E+00
      62.0000000000000000   1.0000000000000000E+30   0.0000000000000000E+00
      63.0000000000000000   1.0000000000000000E+30   0.0000000000000000E+00
      64.0000000000000000   1.0000000000000000E+30   0.0000000000000000E+00
      65.0000000000000000   1.0000000000000000E+30   0.0000000000000000E+00
      66.0000000000000000   1.0000000000000000E+30   0.0000000000000000E+00
      67.0000000000000000   1.0000000000000000E+30   0.0000000000000000E+00
      67.9989999999999952   1.0000000000000000E+30   0.0000000000000000E+00
      68.0000000000000000   1.0000000000000000E+30   0.0000000000000000E+00
      68.0010000000000048   1.0000000000000000E+30   0.0000000000000000E+00
      69.0000000000000000   1.0000000000000000E+30   0.0000000000000000E+00
      70.0000000000000000   1.0000000000000000E+30   0.0000000000000000E+00
      71.0000000000000000   1.0000000000000000E+30   0.0000000000000000E+00
      72.0000000000000000   1.0000000000000000E+30   0.0000000000000000E+00
      73.0000000000000000   1.0000000000000000E+30   0.0000000000000000E+00
      74.0000000000000000   1.0000000000000000E+30   0.0000000000000000E+00
      75.0000000000000000   1.0000000000000000E+30   0.0000000000000000E+00
      76.0000000000000000   1.0000000000000000E+30   0.0000000000000000E+00
      77.0000000000000000   1.0000000000000000E+30   0.0000000000000000E+00
      78.0000000000000000   1.0000000000000000E+30   0.0000000000000000E+00
      79.0000000000000000   1.0000000000000000E+30   0.0000000000000000E+00
      80.0000000000000000   1.0000000000000000E+30   0.0000000000000000E+00
      81.0000000000000000   1.0000000000000000E+30   0.0000000000000000E+00
      82.0000000000000000   1.0000000000000000E+30   0.0000000000000000E+00
      83.0000000000000000   1.0000000000000000E+30   0.0000000000000000E+00
      84.0000000000000000   1.0000000000000000E+30   0.0000000000000000E+00
      85.0000000000000000   1.0000000000000000E+30   0.0000000000000000E+00
      86.0000000000000000   1.0000000000000000E+30   0.0000000000000000E+00
      87.0000000000000000   1.0000000000000000E+30   0.0000000000000000E+00
      88.0000000000000000   1.0000000000000000E+30   0.0000000000000000E+00
      89.0000000000000000   1.0000000000000000E+30   0.0000000000000000E+00
      90.0000000000000000   1.0000000000000000E+30   0.0000000000000000E+00
      91.0000000000000000   1.0000000000000000E+30   0.0000000000000000E+00
      92.0000000000000000   1.0000000000000000E+30   0.0000000000000000E+00
      93.0000000000000000   1.0000000000000000E+30   0.0000000000000000E+00
      94.0000000000000000   1.0000000000000000E+30   0.0000000000000000E+00
      95.0000000000000000   1.0000000000000000E+30   0.0000000000000000E+00
      96.0000000000000000   1.0000000000000000E+30   0.0000000000000000E+00
      97.0000000000000000   1.0000000000000000E+30   0.0000000000000000E+00
      98.0000000000000000   1.0000000000000000E+30   0.0000000000000000E+00
      99.0000000000000000   1.0000000000000000E+30   0.0000000000000000E+00
     100.0000000000000000   1.0000000000000000E+30   0.0000000000000000E+00
     103.9989999999999952   1.0000000000000000E+30   0.0000000000000000E+00
     104.0010000000000048   1.0000000000000000E+30   0.0000000000000000E+00
     110.0000000000000000   1.0000000000000000E+30   0.0000000000000000E+00
     120.0000000000000000   1.0000000000000000E+30   0.0000000000000000E+00
     130.0000000000000000   1.0000000000000000E+30   0.0000000000000000E+00
     140.0000000000000000   1.0000000000000000E+30   0.0000000000000000E+00
     150.0000000000000000   1.0000000000000000E+30   0.0000000000000000E+00
     153.9989999999999952   1.0000000000000000E+30   0.0000000000000000E+00
     154.0010000000000048   4.3381291261764931E+10   3.5499173842188362E-09
     160.0000000000000000   2.8143573218984494E+05   5.5212086819900013E-04
     167.9989999999999952   7.7023604784000665E+04   2.0409100359503629E-03
     168.0010000000000048   7.7007854958707190E+04   2.0413332205214255E-03
     169.9989999999999952   6.2717857529947491E+04   2.5135842913647454E-03
     170.0000000000000000   6.2712190093072961E+04   2.5138149837940003E-03
     170.0010000000000048   6.2705018425040427E+04   2.5141061017039962E-03
     180.0000000000000000   2.9674571103132832E+04   5.3874712937372156E-03
     190.0000000000000000   1.8006137303702188E+04   9.0012178945518204E-03
     200.0000000000000000   1.2406070052286821E+04   1.3241623725109000E-02
     210.0000000000000000   9.2385861594022590E+03   1.8019559427299877E-02
     220.0000000000000000   7.2517171254287450E+03   2.3260260260844521E-02
     230.0000000000000000   5.9133264118329998E+03   2.8897817553929738E-02
     231.9989999999999952   5.6980249614011227E+03   3.0067190513930083E-02
     232.0010000000000048   5.6978179232779503E+03   3.0068360423972536E-02
     233.9989999999999952   5.4964858075221382E+03   3.1250017720385090E-02
     234.0010000000000048   5.4962826833257022E+03   3.1251257666866157E-02
     236.9989999999999952   5.2175244756566499E+03   3.3047854110422506E-02
     237.0010000000000048   5.2173480938932662E+03   3.3049055928997956E-02
     240.0000000000000000   4.9634153404513736E+03   3.4873425063647379E-02
     250.0000000000000000   4.2619105790901122E+03   4.1132305736635122E-02
     260.0000000000000000   3.7274107305696548E+03   4.7623629949647660E-02
     270.0000000000000000   3.3098340100733576E+03   5.4298817192203433E-02
     280.0000000000000000   2.9768805602722337E+03   6.1111120610753356E-02
     290.0000000000000000   2.7068720414057821E+03   6.8015946872719918E-02
     300.0000000000000000   2.4847877895409770E+03   7.4970669790283578E-02
     310.0000000000000000   2.2999234084240775E+03   8.1934930651942559E-02
     320.0000000000000000   2.1444605288918028E+03   8.8871079310180692E-02
     330.0000000000000000   2.0125715129116081E+03   9.5744363641270119E-02
     340.0000000000000000   1.8998254663924499E+03   1.0252350876413883E-01
     350.0000000000000000   1.8028015291831366E+03   1.0918076549054463E-01
     360.0000000000000000   1.7188185811446576E+03   1.1569211683393046E-01
     370.0000000000000000   1.6457484855642253E+03   1.2203728818152634E-01
     380.0000000000000000   1.5818833512172046E+03   1.2819956783369688E-01
     390.0000000000000000   1.5258378224397629E+03   1.3416572712847172E-01
     398.9990000000000236   1.4811461504415929E+03   1.3935863289642966E-01
     399.0009999999999764   1.4811367712270971E+03   1.3935976751888868E-01
     400.0000000000000000   1.4764780287343633E+03   1.3992573708079137E-01
     410.0000000000000000   1.4328689101700943E+03   1.4547239998648789E-01
     415.9990000000000236   1.4091382256152165E+03   1.4869550642131846E-01
     416.0009999999999764   1.4091305991313438E+03   1.4869656740702633E-01
     420.0000000000000000   1.3942321963961158E+03   1.5080125738393044E-01
     430.0000000000000000   1.3599173715543416E+03   1.5591001622143472E-01
     440.0000000000000000   1.3293765361868329E+03   1.6079834026708595E-01
     450.0000000000000000   1.3021456606901236E+03   1.6546757847319443E-01
     460.0000000000000000   1.2778302821834161E+03   1.6992037119050446E-01
     470.0000000000000000   1.2560921762990033E+03   1.7416057942805407E-01
     480.0000000000000000   1.2366411105856009E+03   1.7819291317724303E-01
     490.0000000000000000   1.2192267643797045E+03   1.8202276052698416E-01
     500.0000000000000000   1.2036317897171382E+03   1.8565609558698276E-01
     510.0000000000000000   1.1896679983852889E+03   1.8909913396099562E-01
     510.9989999999999668   1.1883560111425732E+03   1.8943290435633273E-01
     511.0009999999999195   1.1883534000986403E+03   1.8943357055531618E-01
     520.0000000000000000   1.1771698136249920E+03   1.9235857686120086E-01
     530.0000000000000000   1.1659931874561855E+03   1.9544109044822666E-01
     540.0000000000000000   1.1560111042326594E+03   1.9835348985154705E-01
     550.0000000000000000   1.1471115133029505E+03   2.0110260758754150E-01
     560.0000000000000000   1.1391954134700127E+03   2.0369518326089048E-01
     570.0000000000000000   1.1321750451431437E+03   2.0613785078139493E-01
     580.0000000000000000   1.1259719306686452E+03   2.0843720695146101E-01
     590.0000000000000000   1.1205166797322061E+03   2.1059952938413462E-01
     600.0000000000000000   1.1157468358822407E+03   2.1263101157299885E-01
     610.0000000000000000   1.1116062629906291E+03   2.1453770017803225E-01
     620.0000000000000000   1.1080450044319314E+03   2.1632528454417957E-01
     630.0000000000000000   1.1050174393908901E+03   2.1799943348948123E-01
     640.0000000000000000   1.1024828311104948E+03   2.1956544615475615E-01
     650.0000000000000000   1.1004043149589108E+03   2.2102842367905215E-01
     660.0000000000000000   1.0987482010132890E+03   2.2239332497936415E-01
     670.0000000000000000   1.0974841110036502E+03   2.2366483405401472E-01
     680.0000000000000000   1.0965842106580490E+03   2.2484747579034392E-01
     690.0000000000000000   1.0960232883529070E+03   2.2594552606474017E-01
     700.0000000000000000   1.0957782169553009E+03   2.2696308968730228E-01
     710.0000000000000000   1.0958278284229511E+03   2.2790408660621386E-01
     720.0000000000000000   1.0961527749381505E+03   2.2877222715370224E-01
     730.0000000000000000   1.0967352661395314E+03   2.2957106448875714E-01
     740.0000000000000000   1.0975589458197280E+03   2.3030397419119411E-01
     750.0000000000000000   1.0986087373347618E+03   2.3097417892060154E-01
     760.0000000000000000   1.0998706847620249E+03   2.3158475317587779E-01
     770.0000000000000000   1.1013320897729641E+03   2.3213857233814786E-01
     780.0000000000000000   1.1029809855262336E+03   2.3263843547475258E-01
     790.0000000000000000   1.1048063703466578E+03   2.3308698262763214E-01
     800.0000000000000000   1.1067981113035571E+03   2.3348669685465892E-01
     810.0000000000000000   1.1089467087899493E+03   2.3383997908255727E-01
     820.0000000000000000   1.1112433728804579E+03   2.3414909573736592E-01
     830.0000000000000000   1.1136799802630592E+03   2.3441618247580581E-01
     840.0000000000000000   1.1162488414228428E+03   2.3464331036055155E-01
     850.0000000000000000   1.1189428747927759E+03   2.3483242103449081E-01
     860.0000000000000000   1.1217554240402299E+03   2.3498537482411311E-01
     870.0000000000000000   1.1246803208572956E+03   2.3510392447118866E-01
     880.0000000000000000   1.1277117290631950E+03   2.3518976160471564E-01
     890.0000000000000000   1.1308442415977838E+03   2.3524447304361454E-01
     900.0000000000000000   1.1340727304133702E+03   2.3526958727253658E-01
     910.0000000000000000   1.1373924717519965E+03   2.3526653553935689E-01
     920.0000000000000000   1.1407989433367029E+03   2.3523670354956283E-01
     930.0000000000000000   1.1442879292568896E+03   2.3518140200770635E-01
     940.0000000000000000   1.1478554710710903E+03   2.3510187846144059E-01
     950.0000000000000000   1.1514978465952538E+03   2.3499931176407401E-01
     960.0000000000000000   1.1552115156166710E+03   2.3487484303614253E-01
     970.0000000000000000   1.1589931935883728E+03   2.3472953785874437E-01
     980.0000000000000000   1.1628397259418273E+03   2.3456443352194034E-01
     990.0000000000000000   1.1667481664474737E+03   2.3438050127323604E-01
    1000.0000000000000000   1.1707157307784987E+03   2.3417867016683042E-01
    1100.0000000000000000   1.2131259208401489E+03   2.3135231633427375E-01
    1200.0000000000000000   1.2592573351644814E+03   2.2749402152980655E-01
    1300.0000000000000000   1.3078718111506662E+03   2.2304502038547411E-01
    1400.0000000000000000   1.3581820997595344E+03   2.1828551554197717E-01
    1500.0000000000000000   1.4096675686058254E+03   2.1339491750647005E-01
    1600.0000000000000000   1.4619727554428871E+03   2.0848841472129789E-01
    1700.0000000000000000   1.5148485672750062E+03   2.0363962777770664E-01
    1800.0000000000000000   1.5681166503971347E+03   1.9889492605410022E-01
    1843.9990000000000236   1.5907565706267362E+03   1.9724252575436033E-01
    1844.0009999999999764   1.5907578272182768E+03   1.9724236272444895E-01
    1900.0000000000000000   1.6203835689704108E+03   1.9490333877575639E-01
    2000.0000000000000000   1.6737493969279346E+03   1.9069775919035351E-01
    2100.0000000000000000   1.7285280925018501E+03   1.8613682847705568E-01
    2200.0000000000000000   1.7829631139228909E+03   1.8188444809647056E-01
    2300.0000000000000000   1.8355209308602850E+03   1.7847310846528758E-01
    2400.0000000000000000   1.8893757654245867E+03   1.7471947844004312E-01
    2475.9989999999997963   1.9301708040665585E+03   1.7199903129433183E-01
    2476.0010000000002037   1.9301719909161309E+03   1.7199892045919007E-01
    2500.0000000000000000   1.9429441258336756E+03   1.7119281480667489E-01
    2526.9989999999997963   1.9574753039254033E+03   1.7023627443830971E-01
    2527.0010000000002037   1.9574764862797076E+03   1.7023616666956609E-01
    2600.0000000000000000   1.9976596808147463E+03   1.6738160855805825E-01
    2631.9989999999997963   2.0150426493746279E+03   1.6623064318851249E-01
    2632.0010000000002037   2.0150438234674377E+03   1.6623054167661497E-01
    2700.0000000000000000   2.0506616487766646E+03   1.6426876895172327E-01
    2800.0000000000000000   2.1047748377039948E+03   1.6087426485115555E-01
    2871.9989999999997963   2.1424356706789958E+03   1.5891724339862956E-01
    2872.0010000000002037   2.1424368258094873E+03   1.5891715355391031E-01
    2900.0000000000000000   2.1572732459210174E+03   1.5810354010435571E-01
    3000.0000000000000000   2.2108443334487224E+03   1.5505700703243161E-01
    3100.0000000000000000   2.2641525620634179E+03   1.5217089256886993E-01
    3200.0000000000000000   2.3172103421578772E+03   1.4943222738261361E-01
    3300.0000000000000000   2.3700293143808353E+03   1.4682942448556580E-01
    3400.0000000000000000   2.4226203863416604E+03   1.4435210196678569E-01
    3500.0000000000000000   2.4749937842131399E+03   1.4199092868777355E-01
    3600.0000000000000000   2.5283154849168322E+03   1.3939745855391034E-01
    3700.0000000000000000   2.5802583998447499E+03   1.3725460727998981E-01
    3800.0000000000000000   2.6320109068575043E+03   1.3520444451788879E-01
    3900.0000000000000000   2.6846820654545609E+03   1.3292981216316493E-01
    4000.0000000000000000   2.7360542287149192E+03   1.3105584592402472E-01
    4100.0000000000000000   2.7883277302506244E+03   1.2896295580749315E-01
    4200.0000000000000000   2.8404081087882655E+03   1.2695618217323426E-01
    4300.0000000000000000   2.8912516945196335E+03   1.2530951232029719E-01
    4400.0000000000000000   2.9429743315318624E+03   1.2345233480347059E-01
    4500.0000000000000000   2.9945221283670735E+03   1.2166666557901676E-01
    4600.0000000000000000   3.0459005593238062E+03   1.1994829498665016E-01
    4700.0000000000000000   3.0971148415861394E+03   1.1829334322821358E-01
    4800.0000000000000000   3.1481699464120384E+03   1.1669822917695008E-01
    4900.0000000000000000   3.1990706300897609E+03   1.1515963851834503E-01
    5000.0000000000000000   3.2498214306640803E+03   1.1367450225134679E-01
    5100.0000000000000000   3.3004266883345308E+03   1.1223997254160192E-01
    5200.0000000000000000   3.3508905532836966E+03   1.1085340376103218E-01
    5300.0000000000000000   3.4012169936276287E+03   1.0951233507779944E-01
    5400.0000000000000000   3.4514098102860676E+03   1.0821447364484237E-01
    5500.0000000000000000   3.5014726408017782E+03   1.0695768122092708E-01
    5600.0000000000000000   3.5523251515029488E+03   1.0553065975839759E-01
    5700.0000000000000000   3.6021277664452000E+03   1.0435419422064479E-01
    5800.0000000000000000   3.6518104300645750E+03   1.0321304366203241E-01
    5900.0000000000000000   3.7022713157423104E+03   1.0190772218790133E-01
    6000.0000000000000000   3.7517125896746866E+03   1.0083604770314802E-01
    6100.0000000000000000   3.8010427988130191E+03   9.9794971604829377E-02
    6200.0000000000000000   3.8511380493891179E+03   9.8595633194270518E-02
    6300.0000000000000000   3.9002436495420447E+03   9.7615074137747102E-02
    6400.0000000000000000   3.9501080133089122E+03   9.6479980396678711E-02
    6500.0000000000000000   3.9989991055949854E+03   9.5554764266940040E-02
    6600.0000000000000000   4.0486422067985091E+03   9.4478617404885279E-02
    6700.0000000000000000   4.0973282057124143E+03   9.3604148170411169E-02
    6800.0000000000000000   4.1467589640215074E+03   9.2582241402611898E-02
    6900.0000000000000000   4.1952486992755312E+03   9.1754413592678594E-02
    7000.0000000000000000   4.2444754175736862E+03   9.0782546527767211E-02
    7100.0000000000000000   4.2927771679415400E+03   8.9997683488382829E-02
    7200.0000000000000000   4.3418076053488085E+03   8.9072092034044772E-02
    7300.0000000000000000   4.3907420672920034E+03   8.8169451016755579E-02
    7400.0000000000000000   4.4387705711962290E+03   8.7444189809442963E-02
    7500.0000000000000000   4.4875195821408070E+03   8.6582781936845099E-02
    7600.0000000000000000   4.5361773728510070E+03   8.5741959384618344E-02
    7700.0000000000000000   4.5839485868057982E+03   8.5069746345450725E-02
    7800.0000000000000000   4.6324309096966326E+03   8.4265812711756274E-02
    7900.0000000000000000   4.6808265536976696E+03   8.3480392157518180E-02
    8000.0000000000000000   4.7291369133850667E+03   8.2712842734012360E-02
    8100.0000000000000000   4.7765839998285683E+03   8.2103383770085914E-02
    8200.0000000000000000   4.8247308962722909E+03   8.1367804732252996E-02
    8300.0000000000000000   4.8727965899140436E+03   8.0648380906912190E-02
    8400.0000000000000000   4.9207825120879934E+03   7.9944546650007900E-02
    8500.0000000000000000   4.9686901759569555E+03   7.9255741454098125E-02
    8600.0000000000000000   5.0165208990559649E+03   7.8581457597449944E-02
    8700.0000000000000000   5.0635180199596434E+03   7.8051884148908818E-02
    8800.0000000000000000   5.1111999910778204E+03   7.7403839526031359E-02
    8900.0000000000000000   5.1588082308643598E+03   7.6769054211079574E-02
    9000.0000000000000000   5.2063439767509826E+03   7.6147090947056434E-02
    9100.0000000000000000   5.2538083678746661E+03   7.5537542533341370E-02
    9200.0000000000000000   5.3012024392103785E+03   7.4940031433366597E-02
    9300.0000000000000000   5.3485271580010049E+03   7.4354202486379015E-02
    9400.0000000000000000   5.3957834620266985E+03   7.3779715845258984E-02
    9500.0000000000000000   5.4429722776728313E+03   7.3216243295490924E-02
    9600.0000000000000000   5.4900945273978177E+03   7.2663466659956141E-02
    9700.0000000000000000   5.5371511296545132E+03   7.2121077398401359E-02
    9800.0000000000000000   5.5841429925837674E+03   7.1588777181935639E-02
    9900.0000000000000000   5.6310710111568942E+03   7.1066277973086359E-02
   10000.0000000000000000   5.6779360621373435E+03   7.0553302378487143E-02
   11000.0000000000000000   6.1433012439138856E+03   6.5893458578616448E-02
   12000.0000000000000000   6.6045228244740183E+03   6.1760897156419851E-02
   13000.0000000000000000   7.0607838136220171E+03   5.8215736710028873E-02
   14000.0000000000000000   7.5125782046066579E+03   5.5139141565699816E-02
   15000.0000000000000000   7.9609393440373160E+03   5.2368121834017199E-02
   16000.0000000000000000   8.4061781863426077E+03   4.9848884723212077E-02
   17000.0000000000000000   8.8479585150456114E+03   4.7605923629017957E-02
   18000.0000000000000000   9.2865377008400392E+03   4.5595710423527572E-02
   19000.0000000000000000   9.7227248605404402E+03   4.3724221027536786E-02
   20000.0000000000000000   1.0156108877263901E+04   4.2029102753774396E-02
   20005.9989999999997963   1.0158716672231794E+04   4.2017858070685359E-02
   20006.0010000000002037   1.0158717541670550E+04   4.2017854318647060E-02
   21000.0000000000000000   1.0586892115191376E+04   4.0483948082438791E-02
   22000.0000000000000000   1.1015237205884267E+04   3.9068798337318675E-02
   23000.0000000000000000   1.1441767960402773E+04   3.7724643500514646E-02
   24000.0000000000000000   1.1866128127767137E+04   3.6483168487991768E-02
   25000.0000000000000000   1.2287893105987336E+04   3.5377481242483300E-02
   26000.0000000000000000   1.2708692155042774E+04   3.4270291952556209E-02
   27000.0000000000000000   1.3127082593038800E+04   3.3280692646099758E-02
   28000.0000000000000000   1.3543684131138350E+04   3.2357108667098011E-02
   29000.0000000000000000   1.3959095671172354E+04   3.1453910936445444E-02
   30000.0000000000000000   1.4372318497008202E+04   3.0646675990742792E-02
   31000.0000000000000000   1.4784482759209212E+04   2.9851484231283209E-02
   32000.0000000000000000   1.5195143100866677E+04   2.9102290207209617E-02
   33000.0000000000000000   1.5604298983936016E+04   2.8398594390055890E-02
   34000.0000000000000000   1.6012065381816628E+04   2.7733026821169109E-02
   35000.0000000000000000   1.6418494925012517E+04   2.7102335922833488E-02
   36000.0000000000000000   1.6823639645294963E+04   2.6503540711523624E-02
   37000.0000000000000000   1.7227425660377750E+04   2.5940657868056136E-02
   38000.0000000000000000   1.7630625670120560E+04   2.5367851893897311E-02
   39000.0000000000000000   1.8032016151475778E+04   2.4859587195609677E-02
   40000.0000000000000000   1.8432262567431138E+04   2.4375500169260322E-02
   41000.0000000000000000   1.8831936118473968E+04   2.3882899563320067E-02
   42000.0000000000000000   1.9230593968734054E+04   2.3409268965027503E-02
   43000.0000000000000000   1.9627664539749167E+04   2.2986641413903702E-02
   44000.0000000000000000   2.0024072621994394E+04   2.2561945223571276E-02
   45000.0000000000000000   2.0419731770911803E+04   2.2143381737309450E-02
   46000.0000000000000000   2.0813699984691961E+04   2.1779696451645080E-02
   47000.0000000000000000   2.1207451012784877E+04   2.1394674305922741E-02
   48000.0000000000000000   2.1600114006321674E+04   2.1032650150231071E-02
   49000.0000000000000000   2.1991831840982370E+04   2.0687310415353675E-02
   50000.0000000000000000   2.2382752397483153E+04   2.0352086752877335E-02
