       0.1000000000000000   1.0000000000000000E+30   0.0000000000000000E+00
       0.2000000000000000   1.0000000000000000E+30   0.0000000000000000E+00
       0.3000000000000000   1.0000000000000000E+30   0.0000000000000000E+00
       0.4000000000000000   1.0000000000000000E+30   0.0000000000000000E+00
       0.5000000000000000   1.0000000000000000E+30   0.0000000000000000E+00
       0.6000000000000000   1.0000000000000000E+30   0.0000000000000000E+00
       0.7000000000000000   1.0000000000000000E+30   0.0000000000000000E+00
       0.7999999999999999   1.0000000000000000E+30   0.0000000000000000E+00
       0.8999999999999999   1.0000000000000000E+30   0.0000000000000000E+00
       0.9999999999999999   1.0000000000000000E+30   0.0000000000000000E+00
       2.0000000000000000   1.0000000000000000E+30   0.0000000000000000E+00
       3.0000000000000000   1.0000000000000000E+30   0.0000000000000000E+00
       4.0000000000000000   1.0000000000000000E+30   0.0000000000000000E+00
       5.0000000000000000   1.0000000000000000E+30   0.0000000000000000E+00
       6.0000000000000000   1.0000000000000000E+30   0.0000000000000000E+00
       7.0000000000000000   1.0000000000000000E+30   0.0000000000000000E+00
       8.0000000000000000   1.0000000000000000E+30   0.0000000000000000E+00
       9.0000000000000000   1.0000000000000000E+30   0.0000000000000000E+00
      10.0000000000000000   1.0000000000000000E+30   0.0000000000000000E+00
      11.0000000000000000   1.0000000000000000E+30   0.0000000000000000E+00
      12.0000000000000000   1.0000000000000000E+30   0.0000000000000000E+00
      13.0000000000000000   1.0000000000000000E+30   0.0000000000000000E+00
      14.0000000000000000   1.0000000000000000E+30   0.0000000000000000E+00
      15.0000000000000000   1.0000000000000000E+30   0.0000000000000000E+00
      16.0000000000000000   1.0000000000000000E+30   0.0000000000000000E+00
      17.0000000000000000   1.0000000000000000E+30   0.0000000000000000E+00
      18.0000000000000000   1.0000000000000000E+30   0.0000000000000000E+00
      19.0000000000000000   1.0000000000000000E+30   0.0000000000000000E+00
      20.0000000000000000   1.0000000000000000E+30   0.0000000000000000E+00
      21.0000000000000000   1.0000000000000000E+30   0.0000000000000000E+00
      22.0000000000000000   1.0000000000000000E+30   0.0000000000000000E+00
      23.0000000000000000   1.0000000000000000E+30   0.0000000000000000E+00
      24.0000000000000000   1.0000000000000000E+30   0.0000000000000000E+00
      25.0000000000000000   1.0000000000000000E+30   0.0000000000000000E+00
      26.0000000000000000   1.0000000000000000E+30   0.0000000000000000E+00
      27.0000000000000000   1.0000000000000000E+30   0.0000000000000000E+00
      28.0000000000000000   1.0000000000000000E+30   0.0000000000000000E+00
      29.0000000000000000   1.0000000000000000E+30   0.0000000000000000E+00
      30.0000000000000000   1.0000000000000000E+30   0.0000000000000000E+00
      31.0000000000000000   1.0000000000000000E+30   0.0000000000000000E+00
      32.0000000000000000   1.0000000000000000E+30   0.0000000000000000E+00
      33.0000000000000000   1.0000000000000000E+30   0.0000000000000000E+00
      34.0000000000000000   1.0000000000000000E+30   0.0000000000000000E+00
      35.0000000000000000   1.0000000000000000E+30   0.0000000000000000E+00
      36.0000000000000000   1.0000000000000000E+30   0.0000000000000000E+00
      37.0000000000000000   1.0000000000000000E+30   0.0000000000000000E+00
      38.0000000000000000   1.0000000000000000E+30   0.0000000000000000E+00
      39.0000000000000000   1.0000000000000000E+30   0.0000000000000000E+00
      40.0000000000000000   1.0000000000000000E+30   0.0000000000000000E+00
      41.0000000000000000   1.0000000000000000E+30   0.0000000000000000E+00
      41.9990000000000023   1.0000000000000000E+30   0.0000000000000000E+00
      42.0000000000000000   1.0000000000000000E+30   0.0000000000000000E+00
      42.0009999999999977   1.0000000000000000E+30   0.0000000000000000E+00
      43.0000000000000000   1.0000000000000000E+30   0.0000000000000000E+00
      44.0000000000000000   1.0000000000000000E+30   0.0000000000000000E+00
      44.9990000000000023   1.0000000000000000E+30   0.0000000000000000E+00
      45.0000000000000000   1.0000000000000000E+30   0.0000000000000000E+00
      45.0009999999999977   1.0000000000000000E+30   0.0000000000000000E+00
      46.0000000000000000   1.0000000000000000E+30   0.0000000000000000E+00
      47.0000000000000000   1.0000000000000000E+30   0.0000000000000000E+00
      48.0000000000000000   1.0000000000000000E+30   0.0000000000000000E+00
      49.0000000000000000   1.0000000000000000E+30   0.0000000000000000E+00
      50.0000000000000000   1.0000000000000000E+30   0.0000000000000000E+00
      51.0000000000000000   1.0000000000000000E+30   0.0000000000000000E+00
      52.0000000000000000   1.0000000000000000E+30   0.0000000000000000E+00
      53.0000000000000000   1.0000000000000000E+30   0.0000000000000000E+00
      54.0000000000000000   1.0000000000000000E+30   0.0000000000000000E+00
      55.0000000000000000   1.0000000000000000E+30   0.0000000000000000E+00
      56.0000000000000000   1.0000000000000000E+30   0.0000000000000000E+00
      57.0000000000000000   1.0000000000000000E+30   0.0000000000000000E+00
      58.0000000000000000   1.0000000000000000E+30   0.0000000000000000E+00
      59.0000000000000000   1.0000000000000000E+30   0.0000000000000000E+00
      60.0000000000000000   1.0000000000000000E+30   0.0000000000000000E+00
      61.0000000000000000   1.0000000000000000E+30   0.0000000000000000E+00
      62.0000000000000000   1.0000000000000000E+30   0.0000000000000000E+00
      63.0000000000000000   1.0000000000000000E+30   0.0000000000000000E+00
      64.0000000000000000   1.0000000000000000E+30   0.0000000000000000E+00
      65.0000000000000000   1.0000000000000000E+30   0.0000000000000000E+00
      66.0000000000000000   1.0000000000000000E+30   0.0000000000000000E+00
      67.0000000000000000   1.0000000000000000E+30   0.0000000000000000E+00
      67.9989999999999952   1.0000000000000000E+30   0.0000000000000000E+00
      68.0000000000000000   1.0000000000000000E+30   0.0000000000000000E+00
      68.0010000000000048   1.0000000000000000E+30   0.0000000000000000E+00
      69.0000000000000000   1.0000000000000000E+30   0.0000000000000000E+00
      70.0000000000000000   1.0000000000000000E+30   0.0000000000000000E+00
      71.0000000000000000   1.0000000000000000E+30   0.0000000000000000E+00
      72.0000000000000000   1.0000000000000000E+30   0.0000000000000000E+00
      73.0000000000000000   1.0000000000000000E+30   0.0000000000000000E+00
      74.0000000000000000   1.0000000000000000E+30   0.0000000000000000E+00
      75.0000000000000000   1.0000000000000000E+30   0.0000000000000000E+00
      76.0000000000000000   1.0000000000000000E+30   0.0000000000000000E+00
      77.0000000000000000   1.0000000000000000E+30   0.0000000000000000E+00
      78.0000000000000000   1.0000000000000000E+30   0.0000000000000000E+00
      79.0000000000000000   1.0000000000000000E+30   0.0000000000000000E+00
      80.0000000000000000   1.0000000000000000E+30   0.0000000000000000E+00
      81.0000000000000000   1.0000000000000000E+30   0.0000000000000000E+00
      82.0000000000000000   1.0000000000000000E+30   0.0000000000000000E+00
      83.0000000000000000   1.0000000000000000E+30   0.0000000000000000E+00
      84.0000000000000000   1.0000000000000000E+30   0.0000000000000000E+00
      85.0000000000000000   1.0000000000000000E+30   0.0000000000000000E+00
      86.0000000000000000   1.0000000000000000E+30   0.0000000000000000E+00
      87.0000000000000000   1.0000000000000000E+30   0.0000000000000000E+00
      88.0000000000000000   1.0000000000000000E+30   0.0000000000000000E+00
      89.0000000000000000   1.0000000000000000E+30   0.0000000000000000E+00
      90.0000000000000000   1.0000000000000000E+30   0.0000000000000000E+00
      91.0000000000000000   1.0000000000000000E+30   0.0000000000000000E+00
      92.0000000000000000   1.0000000000000000E+30   0.0000000000000000E+00
      93.0000000000000000   1.0000000000000000E+30   0.0000000000000000E+00
      94.0000000000000000   1.0000000000000000E+30   0.0000000000000000E+00
      95.0000000000000000   1.0000000000000000E+30   0.0000000000000000E+00
      96.0000000000000000   1.0000000000000000E+30   0.0000000000000000E+00
      97.0000000000000000   1.0000000000000000E+30   0.0000000000000000E+00
      98.0000000000000000   1.0000000000000000E+30   0.0000000000000000E+00
      99.0000000000000000   1.0000000000000000E+30   0.0000000000000000E+00
     100.0000000000000000   1.0000000000000000E+30   0.0000000000000000E+00
     103.9989999999999952   1.0000000000000000E+30   0.0000000000000000E+00
     104.0010000000000048   1.0000000000000000E+30   0.0000000000000000E+00
     110.0000000000000000   1.0000000000000000E+30   0.0000000000000000E+00
     120.0000000000000000   1.0000000000000000E+30   0.0000000000000000E+00
     130.0000000000000000   1.0000000000000000E+30   0.0000000000000000E+00
     140.0000000000000000   1.0000000000000000E+30   0.0000000000000000E+00
     150.0000000000000000   1.0000000000000000E+30   0.0000000000000000E+00
     153.9989999999999952   1.0000000000000000E+30   0.0000000000000000E+00
     154.0010000000000048   1.0000000000000000E+30   0.0000000000000000E+00
     160.0000000000000000   1.0000000000000000E+30   0.0000000000000000E+00
     167.9989999999999952   1.0000000000000000E+30   0.0000000000000000E+00
     168.0010000000000048   1.0000000000000000E+30   0.0000000000000000E+00
     169.9989999999999952   1.0000000000000000E+30   0.0000000000000000E+00
     170.0000000000000000   1.0000000000000000E+30   0.0000000000000000E+00
     170.0010000000000048   1.0000000000000000E+30   0.0000000000000000E+00
     180.0000000000000000   1.0000000000000000E+30   0.0000000000000000E+00
     190.0000000000000000   1.0000000000000000E+30   0.0000000000000000E+00
     200.0000000000000000   1.0000000000000000E+30   0.0000000000000000E+00
     210.0000000000000000   1.0000000000000000E+30   0.0000000000000000E+00
     220.0000000000000000   1.0000000000000000E+30   0.0000000000000000E+00
     230.0000000000000000   1.0000000000000000E+30   0.0000000000000000E+00
     231.9989999999999952   1.0000000000000000E+30   0.0000000000000000E+00
     232.0010000000000048   1.0000000000000000E+30   0.0000000000000000E+00
     233.9989999999999952   1.0000000000000000E+30   0.0000000000000000E+00
     234.0010000000000048   1.0000000000000000E+30   0.0000000000000000E+00
     236.9989999999999952   1.0000000000000000E+30   0.0000000000000000E+00
     237.0010000000000048   1.0000000000000000E+30   0.0000000000000000E+00
     240.0000000000000000   1.0000000000000000E+30   0.0000000000000000E+00
     250.0000000000000000   1.0000000000000000E+30   0.0000000000000000E+00
     260.0000000000000000   1.0000000000000000E+30   0.0000000000000000E+00
     270.0000000000000000   1.0000000000000000E+30   0.0000000000000000E+00
     280.0000000000000000   1.0000000000000000E+30   0.0000000000000000E+00
     290.0000000000000000   1.0000000000000000E+30   0.0000000000000000E+00
     300.0000000000000000   1.0000000000000000E+30   0.0000000000000000E+00
     310.0000000000000000   1.0000000000000000E+30   0.0000000000000000E+00
     320.0000000000000000   1.0000000000000000E+30   0.0000000000000000E+00
     330.0000000000000000   1.0000000000000000E+30   0.0000000000000000E+00
     340.0000000000000000   1.0000000000000000E+30   0.0000000000000000E+00
     350.0000000000000000   1.0000000000000000E+30   0.0000000000000000E+00
     360.0000000000000000   1.0000000000000000E+30   0.0000000000000000E+00
     370.0000000000000000   1.0000000000000000E+30   0.0000000000000000E+00
     380.0000000000000000   1.0000000000000000E+30   0.0000000000000000E+00
     390.0000000000000000   1.0000000000000000E+30   0.0000000000000000E+00
     398.9990000000000236   1.0000000000000000E+30   0.0000000000000000E+00
     399.0009999999999764   1.0000000000000000E+30   0.0000000000000000E+00
     400.0000000000000000   1.0000000000000000E+30   0.0000000000000000E+00
     410.0000000000000000   1.0000000000000000E+30   0.0000000000000000E+00
     415.9990000000000236   1.0000000000000000E+30   0.0000000000000000E+00
     416.0009999999999764   1.0000000000000000E+30   0.0000000000000000E+00
     420.0000000000000000   1.0000000000000000E+30   0.0000000000000000E+00
     430.0000000000000000   1.0000000000000000E+30   0.0000000000000000E+00
     440.0000000000000000   1.0000000000000000E+30   0.0000000000000000E+00
     450.0000000000000000   1.0000000000000000E+30   0.0000000000000000E+00
     460.0000000000000000   1.0000000000000000E+30   0.0000000000000000E+00
     470.0000000000000000   1.0000000000000000E+30   0.0000000000000000E+00
     480.0000000000000000   1.0000000000000000E+30   0.0000000000000000E+00
     490.0000000000000000   1.0000000000000000E+30   0.0000000000000000E+00
     500.0000000000000000   1.0000000000000000E+30   0.0000000000000000E+00
     510.0000000000000000   1.0000000000000000E+30   0.0000000000000000E+00
     510.9989999999999668   1.0000000000000000E+30   0.0000000000000000E+00
     511.0009999999999195   1.0000000000000000E+30   0.0000000000000000E+00
     520.0000000000000000   1.0000000000000000E+30   0.0000000000000000E+00
     530.0000000000000000   1.0000000000000000E+30   0.0000000000000000E+00
     540.0000000000000000   1.0000000000000000E+30   0.0000000000000000E+00
     550.0000000000000000   1.0000000000000000E+30   0.0000000000000000E+00
     560.0000000000000000   1.0000000000000000E+30   0.0000000000000000E+00
     570.0000000000000000   1.0000000000000000E+30   0.0000000000000000E+00
     580.0000000000000000   1.0000000000000000E+30   0.0000000000000000E+00
     590.0000000000000000   1.0000000000000000E+30   0.0000000000000000E+00
     600.0000000000000000   1.0000000000000000E+30   0.0000000000000000E+00
     610.0000000000000000   1.0000000000000000E+30   0.0000000000000000E+00
     620.0000000000000000   1.0000000000000000E+30   0.0000000000000000E+00
     630.0000000000000000   1.0000000000000000E+30   0.0000000000000000E+00
     640.0000000000000000   1.0000000000000000E+30   0.0000000000000000E+00
     650.0000000000000000   1.0000000000000000E+30   0.0000000000000000E+00
     660.0000000000000000   1.0000000000000000E+30   0.0000000000000000E+00
     670.0000000000000000   1.0000000000000000E+30   0.0000000000000000E+00
     680.0000000000000000   1.0000000000000000E+30   0.0000000000000000E+00
     690.0000000000000000   1.0000000000000000E+30   0.0000000000000000E+00
     700.0000000000000000   1.0000000000000000E+30   0.0000000000000000E+00
     710.0000000000000000   1.0000000000000000E+30   0.0000000000000000E+00
     720.0000000000000000   1.0000000000000000E+30   0.0000000000000000E+00
     730.0000000000000000   1.0000000000000000E+30   0.0000000000000000E+00
     740.0000000000000000   1.0000000000000000E+30   0.0000000000000000E+00
     750.0000000000000000   1.0000000000000000E+30   0.0000000000000000E+00
     760.0000000000000000   1.0000000000000000E+30   0.0000000000000000E+00
     770.0000000000000000   1.0000000000000000E+30   0.0000000000000000E+00
     780.0000000000000000   1.0000000000000000E+30   0.0000000000000000E+00
     790.0000000000000000   1.0000000000000000E+30   0.0000000000000000E+00
     800.0000000000000000   1.0000000000000000E+30   0.0000000000000000E+00
     810.0000000000000000   1.0000000000000000E+30   0.0000000000000000E+00
     820.0000000000000000   1.0000000000000000E+30   0.0000000000000000E+00
     830.0000000000000000   1.0000000000000000E+30   0.0000000000000000E+00
     840.0000000000000000   1.0000000000000000E+30   0.0000000000000000E+00
     850.0000000000000000   1.0000000000000000E+30   0.0000000000000000E+00
     860.0000000000000000   1.0000000000000000E+30   0.0000000000000000E+00
     870.0000000000000000   1.0000000000000000E+30   0.0000000000000000E+00
     880.0000000000000000   1.0000000000000000E+30   0.0000000000000000E+00
     890.0000000000000000   1.0000000000000000E+30   0.0000000000000000E+00
     900.0000000000000000   1.0000000000000000E+30   0.0000000000000000E+00
     910.0000000000000000   1.0000000000000000E+30   0.0000000000000000E+00
     920.0000000000000000   1.0000000000000000E+30   0.0000000000000000E+00
     930.0000000000000000   1.0000000000000000E+30   0.0000000000000000E+00
     940.0000000000000000   1.0000000000000000E+30   0.0000000000000000E+00
     950.0000000000000000   1.0000000000000000E+30   0.0000000000000000E+00
     960.0000000000000000   1.0000000000000000E+30   0.0000000000000000E+00
     970.0000000000000000   1.0000000000000000E+30   0.0000000000000000E+00
     980.0000000000000000   1.0000000000000000E+30   0.0000000000000000E+00
     990.0000000000000000   1.0000000000000000E+30   0.0000000000000000E+00
    1000.0000000000000000   1.0000000000000000E+30   0.0000000000000000E+00
    1100.0000000000000000   1.0000000000000000E+30   0.0000000000000000E+00
    1200.0000000000000000   1.0000000000000000E+30   0.0000000000000000E+00
    1300.0000000000000000   1.0000000000000000E+30   0.0000000000000000E+00
    1400.0000000000000000   1.0000000000000000E+30   0.0000000000000000E+00
    1500.0000000000000000   1.0000000000000000E+30   0.0000000000000000E+00
    1600.0000000000000000   1.0000000000000000E+30   0.0000000000000000E+00
    1700.0000000000000000   1.0000000000000000E+30   0.0000000000000000E+00
    1800.0000000000000000   1.0000000000000000E+30   0.0000000000000000E+00
    1843.9990000000000236   1.0000000000000000E+30   0.0000000000000000E+00
    1844.0009999999999764   6.5298556924838469E+13   2.8239521466339994E-11
    1900.0000000000000000   5.0934750367039219E+07   3.6457575890341274E-05
    2000.0000000000000000   1.0553399449543143E+07   1.7810503340328677E-04
    2100.0000000000000000   4.8805056132139722E+06   3.8969123764571849E-04
    2200.0000000000000000   2.9177685291105066E+06   6.5939403922991564E-04
    2300.0000000000000000   1.9866652595178240E+06   9.7949664885279685E-04
    2400.0000000000000000   1.4644478732261946E+06   1.3437646407505038E-03
    2475.9989999999997963   1.2051344143741461E+06   1.6467484268303544E-03
    2476.0010000000002037   1.2051287064365365E+06   1.6467565897338079E-03
    2500.0000000000000000   1.1391760465067495E+06   1.7467211550373949E-03
    2526.9989999999997963   1.0721115460634050E+06   1.8615176827414884E-03
    2527.0010000000002037   1.0721068773091440E+06   1.8615261979614021E-03
    2600.0000000000000000   9.2135900435878674E+05   2.1835153895134341E-03
    2631.9989999999997963   8.6657198690572404E+05   2.3296870104564408E-03
    2632.0010000000002037   8.6656876670899673E+05   2.3296961744550867E-03
    2700.0000000000000000   7.6757896666866634E+05   2.6496446383143116E-03
    2800.0000000000000000   6.5453273392540449E+05   3.1409367437798905E-03
    2871.9989999999997963   5.9056343497203023E+05   3.5080366600245905E-03
    2872.0010000000002037   5.9056182717462745E+05   3.5080469562657995E-03
    2900.0000000000000000   5.6874479518568947E+05   3.6534671529102536E-03
    3000.0000000000000000   5.0195497242186009E+05   4.1834884023124819E-03
    3100.0000000000000000   4.4885061138198210E+05   4.7274512163323753E-03
    3200.0000000000000000   4.0588076323270786E+05   5.2819730929638585E-03
    3300.0000000000000000   3.7059529562956508E+05   5.8438118547295683E-03
    3400.0000000000000000   3.4125377714494336E+05   6.4099017805558075E-03
    3500.0000000000000000   3.1659075518693862E+05   6.9773468244199218E-03
    3600.0000000000000000   2.9566493186802609E+05   7.5434811983634701E-03
    3700.0000000000000000   2.7776496968835330E+05   8.1058256237380444E-03
    3800.0000000000000000   2.6234216408080887E+05   8.6621869775574574E-03
    3900.0000000000000000   2.4897016427667622E+05   9.2105358237195532E-03
    4000.0000000000000000   2.3731066697728360E+05   9.7491283891706481E-03
    4100.0000000000000000   2.2709294419993545E+05   1.0276468853214808E-02
    4200.0000000000000000   2.1809844955150035E+05   1.0791278364163831E-02
    4300.0000000000000000   2.1014864666986867E+05   1.1292510947506822E-02
    4400.0000000000000000   2.0309655436920290E+05   1.1779333480324138E-02
    4500.0000000000000000   1.9682029840106159E+05   1.2251099953668564E-02
    4600.0000000000000000   1.9121806346145843E+05   1.2707341615913874E-02
    4700.0000000000000000   1.8620426980513733E+05   1.3147743387052076E-02
    4800.0000000000000000   1.8170635463941065E+05   1.3572141428924345E-02
    4900.0000000000000000   1.7766284012955718E+05   1.3980475900424214E-02
    5000.0000000000000000   1.7402099156932542E+05   1.4372801363430139E-02
    5100.0000000000000000   1.7073559961434442E+05   1.4749254944826019E-02
    5200.0000000000000000   1.6776765222025177E+05   1.5110046175326403E-02
    5300.0000000000000000   1.6508333641042234E+05   1.5455447651582764E-02
    5400.0000000000000000   1.6265324456351993E+05   1.5785780301863960E-02
    5500.0000000000000000   1.6045174113116233E+05   1.6101397647757958E-02
    5600.0000000000000000   1.5845626934464692E+05   1.6402695404654673E-02
    5700.0000000000000000   1.5664712516310278E+05   1.6690076527479017E-02
    5800.0000000000000000   1.5500683599017365E+05   1.6963970905445356E-02
    5900.0000000000000000   1.5351995738132921E+05   1.7224817037802834E-02
    6000.0000000000000000   1.5217285141884489E+05   1.7473050581411517E-02
    6100.0000000000000000   1.5095331857786622E+05   1.7709116807529904E-02
    6200.0000000000000000   1.4985048920996921E+05   1.7933458525896073E-02
    6300.0000000000000000   1.4885464076462481E+05   1.8146513126715978E-02
    6400.0000000000000000   1.4795707011684094E+05   1.8348710561175579E-02
    6500.0000000000000000   1.4714992788061156E+05   1.8540475440008905E-02
    6600.0000000000000000   1.4642623704213428E+05   1.8722208329555109E-02
    6700.0000000000000000   1.4577950845375343E+05   1.8894330997316088E-02
    6800.0000000000000000   1.4520406077025845E+05   1.9057220342415349E-02
    6900.0000000000000000   1.4469463032165286E+05   1.9211262759715061E-02
    7000.0000000000000000   1.4424648824045650E+05   1.9356821018927391E-02
    7100.0000000000000000   1.4385528993438327E+05   1.9494254830955852E-02
    7200.0000000000000000   1.4351714393204139E+05   1.9623895619812530E-02
    7300.0000000000000000   1.4322838447471647E+05   1.9746086888089650E-02
    7400.0000000000000000   1.4298577633417657E+05   1.9861132725465851E-02
    7500.0000000000000000   1.4278624759393776E+05   1.9969349330231870E-02
    7600.0000000000000000   1.4262707292032812E+05   2.0071019102335920E-02
    7700.0000000000000000   1.4250566651599124E+05   2.0166431567870360E-02
    7800.0000000000000000   1.4241971651879614E+05   2.0255847914035119E-02
    7900.0000000000000000   1.4236703610241125E+05   2.0339531591235725E-02
    8000.0000000000000000   1.4234563236246238E+05   2.0417728610327049E-02
    8100.0000000000000000   1.4235365467813035E+05   2.0490676999738885E-02
    8200.0000000000000000   1.4238938312846239E+05   2.0558605275226544E-02
    8300.0000000000000000   1.4245124926419510E+05   2.0621726275138415E-02
    8400.0000000000000000   1.4253776669674946E+05   2.0680251580870085E-02
    8500.0000000000000000   1.4264756598510276E+05   2.0734380129213827E-02
    8600.0000000000000000   1.4277938023296738E+05   2.0784300142638962E-02
    8700.0000000000000000   1.4293201762899215E+05   2.0830195454506092E-02
    8800.0000000000000000   1.4310436945684167E+05   2.0872240471956370E-02
    8900.0000000000000000   1.4329540737569705E+05   2.0910600391041454E-02
    9000.0000000000000000   1.4350415970258150E+05   2.0945436031951033E-02
    9100.0000000000000000   1.4372972537904786E+05   2.0976899551680944E-02
    9200.0000000000000000   1.4397126377955402E+05   2.1005135097795637E-02
    9300.0000000000000000   1.4422797530430535E+05   2.1030283779209326E-02
    9400.0000000000000000   1.4449911896907329E+05   2.1052478191184429E-02
    9500.0000000000000000   1.4478399524901621E+05   2.1071845966103692E-02
    9600.0000000000000000   1.4508194706350297E+05   2.1088509144030963E-02
    9700.0000000000000000   1.4539235431466278E+05   2.1102585080685455E-02
    9800.0000000000000000   1.4571464216912657E+05   2.1114184075825295E-02
    9900.0000000000000000   1.4604825867853820E+05   2.1123413553435680E-02
   10000.0000000000000000   1.4639268762684206E+05   2.1130375653652902E-02
   11000.0000000000000000   1.5033660095520987E+05   2.1094854445980925E-02
   12000.0000000000000000   1.5496086117802793E+05   2.0917665883879041E-02
   13000.0000000000000000   1.6004201520202472E+05   2.0650132900516580E-02
   14000.0000000000000000   1.6543953218755798E+05   2.0326104069814523E-02
   15000.0000000000000000   1.7106112948231434E+05   1.9968156730517345E-02
   16000.0000000000000000   1.7684404888682900E+05   1.9591482934351631E-02
   17000.0000000000000000   1.8274436554145292E+05   1.9206361586412091E-02
   18000.0000000000000000   1.8873058210401909E+05   1.8819759896487927E-02
   19000.0000000000000000   1.9477965637047906E+05   1.8436383265633936E-02
   20000.0000000000000000   2.0087443837489004E+05   1.8059378462735001E-02
   20005.9989999999997963   2.0091111106198639E+05   1.8057140625834026E-02
   20006.0010000000002037   2.0091112328848385E+05   1.8057139879810665E-02
   21000.0000000000000000   2.0691578752140538E+05   1.7720632271840196E-02
   22000.0000000000000000   2.1314332232322978E+05   1.7352290781513471E-02
   23000.0000000000000000   2.1910675241033098E+05   1.7066566797228282E-02
   24000.0000000000000000   2.2528080448124956E+05   1.6738286668224554E-02
   25000.0000000000000000   2.3164440735456889E+05   1.6374184261345549E-02
   26000.0000000000000000   2.3775662626293939E+05   1.6084185931170163E-02
   27000.0000000000000000   2.4384411034666738E+05   1.5809614860568085E-02
   28000.0000000000000000   2.5010806331271067E+05   1.5501266882463853E-02
   29000.0000000000000000   2.5633959572381800E+05   1.5209699301051345E-02
   30000.0000000000000000   2.6234830975941569E+05   1.4977872394775913E-02
   31000.0000000000000000   2.6852353011976037E+05   1.4714202018120426E-02
   32000.0000000000000000   2.7467081208113278E+05   1.4463641570664347E-02
   33000.0000000000000000   2.8079148410231329E+05   1.4225182691208170E-02
   34000.0000000000000000   2.8706360441433347E+05   1.3959415866270131E-02
   35000.0000000000000000   2.9313103275817173E+05   1.3743787339427001E-02
   36000.0000000000000000   2.9917542270975502E+05   1.3537730779342066E-02
   37000.0000000000000000   3.0519781055411953E+05   1.3340584533105741E-02
   38000.0000000000000000   3.1136363040501170E+05   1.3117786974550077E-02
   39000.0000000000000000   3.1734131671432877E+05   1.2937719115162540E-02
   40000.0000000000000000   3.2345926226704352E+05   1.2732796484999512E-02
   41000.0000000000000000   3.2955383701690083E+05   1.2536388656273311E-02
   42000.0000000000000000   3.3546934260198317E+05   1.2378370543378620E-02
   43000.0000000000000000   3.4152104045909795E+05   1.2196646194498060E-02
   44000.0000000000000000   3.4755165791800735E+05   1.2021980498493068E-02
   45000.0000000000000000   3.5356188054437184E+05   1.1853953202414133E-02
   46000.0000000000000000   3.5955236179821135E+05   1.1692177356940565E-02
   47000.0000000000000000   3.6537686238655919E+05   1.1563143538632454E-02
   48000.0000000000000000   3.7133126995611569E+05   1.1412212544711618E-02
   49000.0000000000000000   3.7726773276202020E+05   1.1266565912766079E-02
   50000.0000000000000000   3.8318679263398895E+05   1.1125919145768702E-02
