       0.1000000000000000   1.0000000000000000E+30   0.0000000000000000E+00
       0.2000000000000000   1.0000000000000000E+30   0.0000000000000000E+00
       0.3000000000000000   1.0000000000000000E+30   0.0000000000000000E+00
       0.4000000000000000   1.0000000000000000E+30   0.0000000000000000E+00
       0.5000000000000000   1.0000000000000000E+30   0.0000000000000000E+00
       0.6000000000000000   1.0000000000000000E+30   0.0000000000000000E+00
       0.7000000000000000   1.0000000000000000E+30   0.0000000000000000E+00
       0.7999999999999999   1.0000000000000000E+30   0.0000000000000000E+00
       0.8999999999999999   1.0000000000000000E+30   0.0000000000000000E+00
       0.9999999999999999   1.0000000000000000E+30   0.0000000000000000E+00
       2.0000000000000000   1.0000000000000000E+30   0.0000000000000000E+00
       3.0000000000000000   1.0000000000000000E+30   0.0000000000000000E+00
       4.0000000000000000   1.0000000000000000E+30   0.0000000000000000E+00
       5.0000000000000000   1.0000000000000000E+30   0.0000000000000000E+00
       6.0000000000000000   1.0000000000000000E+30   0.0000000000000000E+00
       7.0000000000000000   1.0000000000000000E+30   0.0000000000000000E+00
       8.0000000000000000   1.0000000000000000E+30   0.0000000000000000E+00
       9.0000000000000000   1.0000000000000000E+30   0.0000000000000000E+00
      10.0000000000000000   1.0000000000000000E+30   0.0000000000000000E+00
      11.0000000000000000   1.0000000000000000E+30   0.0000000000000000E+00
      12.0000000000000000   1.0000000000000000E+30   0.0000000000000000E+00
      13.0000000000000000   1.0000000000000000E+30   0.0000000000000000E+00
      14.0000000000000000   1.0000000000000000E+30   0.0000000000000000E+00
      15.0000000000000000   1.0000000000000000E+30   0.0000000000000000E+00
      16.0000000000000000   1.0000000000000000E+30   0.0000000000000000E+00
      17.0000000000000000   1.0000000000000000E+30   0.0000000000000000E+00
      18.0000000000000000   1.0000000000000000E+30   0.0000000000000000E+00
      19.0000000000000000   1.0000000000000000E+30   0.0000000000000000E+00
      20.0000000000000000   1.0000000000000000E+30   0.0000000000000000E+00
      21.0000000000000000   1.0000000000000000E+30   0.0000000000000000E+00
      22.0000000000000000   1.0000000000000000E+30   0.0000000000000000E+00
      23.0000000000000000   1.0000000000000000E+30   0.0000000000000000E+00
      24.0000000000000000   1.0000000000000000E+30   0.0000000000000000E+00
      25.0000000000000000   1.0000000000000000E+30   0.0000000000000000E+00
      26.0000000000000000   1.0000000000000000E+30   0.0000000000000000E+00
      27.0000000000000000   1.0000000000000000E+30   0.0000000000000000E+00
      28.0000000000000000   1.0000000000000000E+30   0.0000000000000000E+00
      29.0000000000000000   1.0000000000000000E+30   0.0000000000000000E+00
      30.0000000000000000   1.0000000000000000E+30   0.0000000000000000E+00
      31.0000000000000000   1.0000000000000000E+30   0.0000000000000000E+00
      32.0000000000000000   1.0000000000000000E+30   0.0000000000000000E+00
      33.0000000000000000   1.0000000000000000E+30   0.0000000000000000E+00
      34.0000000000000000   1.0000000000000000E+30   0.0000000000000000E+00
      35.0000000000000000   1.0000000000000000E+30   0.0000000000000000E+00
      36.0000000000000000   1.0000000000000000E+30   0.0000000000000000E+00
      37.0000000000000000   1.0000000000000000E+30   0.0000000000000000E+00
      38.0000000000000000   1.0000000000000000E+30   0.0000000000000000E+00
      39.0000000000000000   1.0000000000000000E+30   0.0000000000000000E+00
      40.0000000000000000   1.0000000000000000E+30   0.0000000000000000E+00
      41.0000000000000000   1.0000000000000000E+30   0.0000000000000000E+00
      41.9990000000000023   1.0000000000000000E+30   0.0000000000000000E+00
      42.0000000000000000   1.0000000000000000E+30   0.0000000000000000E+00
      42.0009999999999977   1.0000000000000000E+30   0.0000000000000000E+00
      43.0000000000000000   1.0000000000000000E+30   0.0000000000000000E+00
      44.0000000000000000   1.0000000000000000E+30   0.0000000000000000E+00
      44.9990000000000023   1.0000000000000000E+30   0.0000000000000000E+00
      45.0000000000000000   1.0000000000000000E+30   0.0000000000000000E+00
      45.0009999999999977   1.0000000000000000E+30   0.0000000000000000E+00
      46.0000000000000000   1.0000000000000000E+30   0.0000000000000000E+00
      47.0000000000000000   1.0000000000000000E+30   0.0000000000000000E+00
      48.0000000000000000   1.0000000000000000E+30   0.0000000000000000E+00
      49.0000000000000000   1.0000000000000000E+30   0.0000000000000000E+00
      50.0000000000000000   1.0000000000000000E+30   0.0000000000000000E+00
      51.0000000000000000   1.0000000000000000E+30   0.0000000000000000E+00
      52.0000000000000000   1.0000000000000000E+30   0.0000000000000000E+00
      53.0000000000000000   1.0000000000000000E+30   0.0000000000000000E+00
      54.0000000000000000   1.0000000000000000E+30   0.0000000000000000E+00
      55.0000000000000000   1.0000000000000000E+30   0.0000000000000000E+00
      56.0000000000000000   1.0000000000000000E+30   0.0000000000000000E+00
      57.0000000000000000   1.0000000000000000E+30   0.0000000000000000E+00
      58.0000000000000000   1.0000000000000000E+30   0.0000000000000000E+00
      59.0000000000000000   1.0000000000000000E+30   0.0000000000000000E+00
      60.0000000000000000   1.0000000000000000E+30   0.0000000000000000E+00
      61.0000000000000000   1.0000000000000000E+30   0.0000000000000000E+00
      62.0000000000000000   1.0000000000000000E+30   0.0000000000000000E+00
      63.0000000000000000   1.0000000000000000E+30   0.0000000000000000E+00
      64.0000000000000000   1.0000000000000000E+30   0.0000000000000000E+00
      65.0000000000000000   1.0000000000000000E+30   0.0000000000000000E+00
      66.0000000000000000   1.0000000000000000E+30   0.0000000000000000E+00
      67.0000000000000000   1.0000000000000000E+30   0.0000000000000000E+00
      67.9989999999999952   1.0000000000000000E+30   0.0000000000000000E+00
      68.0000000000000000   1.0000000000000000E+30   0.0000000000000000E+00
      68.0010000000000048   1.0000000000000000E+30   0.0000000000000000E+00
      69.0000000000000000   1.0000000000000000E+30   0.0000000000000000E+00
      70.0000000000000000   1.0000000000000000E+30   0.0000000000000000E+00
      71.0000000000000000   1.0000000000000000E+30   0.0000000000000000E+00
      72.0000000000000000   1.0000000000000000E+30   0.0000000000000000E+00
      73.0000000000000000   1.0000000000000000E+30   0.0000000000000000E+00
      74.0000000000000000   1.0000000000000000E+30   0.0000000000000000E+00
      75.0000000000000000   1.0000000000000000E+30   0.0000000000000000E+00
      76.0000000000000000   1.0000000000000000E+30   0.0000000000000000E+00
      77.0000000000000000   1.0000000000000000E+30   0.0000000000000000E+00
      78.0000000000000000   1.0000000000000000E+30   0.0000000000000000E+00
      79.0000000000000000   1.0000000000000000E+30   0.0000000000000000E+00
      80.0000000000000000   1.0000000000000000E+30   0.0000000000000000E+00
      81.0000000000000000   1.0000000000000000E+30   0.0000000000000000E+00
      82.0000000000000000   1.0000000000000000E+30   0.0000000000000000E+00
      83.0000000000000000   1.0000000000000000E+30   0.0000000000000000E+00
      84.0000000000000000   1.0000000000000000E+30   0.0000000000000000E+00
      85.0000000000000000   1.0000000000000000E+30   0.0000000000000000E+00
      86.0000000000000000   1.0000000000000000E+30   0.0000000000000000E+00
      87.0000000000000000   1.0000000000000000E+30   0.0000000000000000E+00
      88.0000000000000000   1.0000000000000000E+30   0.0000000000000000E+00
      89.0000000000000000   1.0000000000000000E+30   0.0000000000000000E+00
      90.0000000000000000   1.0000000000000000E+30   0.0000000000000000E+00
      91.0000000000000000   1.0000000000000000E+30   0.0000000000000000E+00
      92.0000000000000000   1.0000000000000000E+30   0.0000000000000000E+00
      93.0000000000000000   1.0000000000000000E+30   0.0000000000000000E+00
      94.0000000000000000   1.0000000000000000E+30   0.0000000000000000E+00
      95.0000000000000000   1.0000000000000000E+30   0.0000000000000000E+00
      96.0000000000000000   1.0000000000000000E+30   0.0000000000000000E+00
      97.0000000000000000   1.0000000000000000E+30   0.0000000000000000E+00
      98.0000000000000000   1.0000000000000000E+30   0.0000000000000000E+00
      99.0000000000000000   1.0000000000000000E+30   0.0000000000000000E+00
     100.0000000000000000   1.0000000000000000E+30   0.0000000000000000E+00
     103.9989999999999952   1.0000000000000000E+30   0.0000000000000000E+00
     104.0010000000000048   7.1363344607088566E+09   1.4573307987819507E-08
     110.0000000000000000   3.7979012993235403E+04   2.7747242248075282E-03
     120.0000000000000000   8.4682846083047043E+03   1.2709083898365760E-02
     130.0000000000000000   4.0392664523894664E+03   2.7191565782808298E-02
     140.0000000000000000   2.4793225978572650E+03   4.5187848233386958E-02
     150.0000000000000000   1.7309875184684640E+03   6.5996164963760789E-02
     153.9989999999999952   1.5353878942079143E+03   7.4978592232821981E-02
     154.0010000000000048   1.5353006708469027E+03   7.4983139042138047E-02
     160.0000000000000000   1.3074025725244471E+03   8.9067853009738268E-02
     167.9989999999999952   1.0861568074774041E+03   1.0884081087185583E-01
     168.0010000000000048   1.0861104821080175E+03   1.0884586057890566E-01
     169.9989999999999952   1.0414470613312569E+03   1.1393879279096730E-01
     170.0000000000000000   1.0414256598939774E+03   1.1394134672109678E-01
     170.0010000000000048   1.0414042592894989E+03   1.1394390066509319E-01
     180.0000000000000000   8.6213900542814145E+02   1.4020511838753447E-01
     190.0000000000000000   7.3494104257459833E+02   1.6747764828145040E-01
     200.0000000000000000   6.4117336183371151E+02   1.9539809690364601E-01
     210.0000000000000000   5.6998396399923502E+02   2.2362426984067671E-01
     220.0000000000000000   5.1467328139082144E+02   2.5183581769189772E-01
     230.0000000000000000   4.7089864753725101E+02   2.7974159672334792E-01
     231.9989999999999952   4.6325604351941337E+02   2.8526004444612019E-01
     232.0010000000000048   4.6324856841106396E+02   2.8526554933984760E-01
     233.9989999999999952   4.5593278097584209E+02   2.9075664772570492E-01
     234.0010000000000048   4.5592561966334142E+02   2.9076212737619711E-01
     236.9989999999999952   4.4551605728304645E+02   2.9895191781110186E-01
     237.0010000000000048   4.4550933594197852E+02   2.9895735628621056E-01
     240.0000000000000000   4.3573152559080290E+02   3.0708481610467209E-01
     250.0000000000000000   4.0712934600600403E+02   3.3364849008196584E-01
     260.0000000000000000   3.8362714016920404E+02   3.5925763725729465E-01
     270.0000000000000000   3.6414949430806138E+02   3.8377840244721295E-01
     280.0000000000000000   3.4789053706425858E+02   4.0711613028958726E-01
     290.0000000000000000   3.3423638019268230E+02   4.2921076225192162E-01
     300.0000000000000000   3.2271242198106728E+02   4.5003187375766679E-01
     310.0000000000000000   3.1294701896230674E+02   4.6957349405121046E-01
     320.0000000000000000   3.0464579801201137E+02   4.8784926871656864E-01
     330.0000000000000000   2.9757336345938256E+02   5.0488759119623405E-01
     340.0000000000000000   2.9153966130961345E+02   5.2072786084544787E-01
     350.0000000000000000   2.8638994171350447E+02   5.3541725721156297E-01
     360.0000000000000000   2.8199716204949488E+02   5.4900822815127026E-01
     370.0000000000000000   2.7825659334779800E+02   5.6155549370945312E-01
     380.0000000000000000   2.7508080941617231E+02   5.7311583993964665E-01
     390.0000000000000000   2.7239665683089379E+02   5.8374598972980318E-01
     398.9990000000000236   2.7035050496323782E+02   5.9256259411401635E-01
     399.0009999999999764   2.7035008612381608E+02   5.9256447741675611E-01
     400.0000000000000000   2.7014273621014354E+02   5.9350115927622960E-01
     410.0000000000000000   2.6826677276469889E+02   6.0243584045695597E-01
     415.9990000000000236   2.6730407333430117E+02   6.0742359267456092E-01
     416.0009999999999764   2.6730377151772910E+02   6.0742521038968333E-01
     420.0000000000000000   2.6672437292611232E+02   6.1060214922773182E-01
     430.0000000000000000   2.6547760797825566E+02   6.1804964527407447E-01
     440.0000000000000000   2.6449360062463921E+02   6.2482640061836348E-01
     450.0000000000000000   2.6374421154881747E+02   6.3097688574064392E-01
     460.0000000000000000   2.6320489623225501E+02   6.3654351328181469E-01
     470.0000000000000000   2.6285431866775912E+02   6.4156597937450222E-01
     480.0000000000000000   2.6267377102149607E+02   6.4608164007105340E-01
     490.0000000000000000   2.6264687628857837E+02   6.5012530688561099E-01
     500.0000000000000000   2.6275917846820641E+02   6.5372960925326551E-01
     510.0000000000000000   2.6299789635055083E+02   6.5692499059947296E-01
     510.9989999999999668   2.6302824244124190E+02   6.5722285066036534E-01
     511.0009999999999195   2.6302830438026518E+02   6.5722344305486979E-01
     520.0000000000000000   2.6335172249602141E+02   6.5973975262259343E-01
     530.0000000000000000   2.6381057108203504E+02   6.6220036505423585E-01
     540.0000000000000000   2.6436546892164745E+02   6.6433139899344973E-01
     550.0000000000000000   2.6500836870065956E+02   6.6615577858728525E-01
     560.0000000000000000   2.6573206550377517E+02   6.6769482045242545E-01
     570.0000000000000000   2.6653008232043453E+02   6.6896833939495259E-01
     580.0000000000000000   2.6739656971938007E+02   6.6999481355327384E-01
     590.0000000000000000   2.6832625965400820E+02   6.7079138076131417E-01
     600.0000000000000000   2.6931436396210910E+02   6.7137405271990547E-01
     610.0000000000000000   2.7035654744767288E+02   6.7175769268074015E-01
     620.0000000000000000   2.7144887351433641E+02   6.7195612618336809E-01
     630.0000000000000000   2.7258774484748909E+02   6.7198226782977022E-01
     640.0000000000000000   2.7376989348797645E+02   6.7184807247297651E-01
     650.0000000000000000   2.7499231715097494E+02   6.7156474062225124E-01
     660.0000000000000000   2.7625226340710600E+02   6.7114272105254191E-01
     670.0000000000000000   2.7754722797599163E+02   6.7059165869448212E-01
     680.0000000000000000   2.7887488490902177E+02   6.6992065432810077E-01
     690.0000000000000000   2.8023311313150504E+02   6.6913811384410360E-01
     700.0000000000000000   2.8161994054956625E+02   6.6825194248411401E-01
     710.0000000000000000   2.8303356724623575E+02   6.6726944414114919E-01
     720.0000000000000000   2.8447231424217819E+02   6.6619748993366490E-01
     730.0000000000000000   2.8593462758420338E+02   6.6504250682771271E-01
     740.0000000000000000   2.8741907141577678E+02   6.6381046502107899E-01
     750.0000000000000000   2.8892431938467070E+02   6.6250693016252238E-01
     760.0000000000000000   2.9044912580658024E+02   6.6113715919840854E-01
     770.0000000000000000   2.9199234620525738E+02   6.5970600854748862E-01
     780.0000000000000000   2.9355290424222795E+02   6.5821805746230033E-01
     790.0000000000000000   2.9512980226052582E+02   6.5667757385361791E-01
     800.0000000000000000   2.9672210984332315E+02   6.5508854860206156E-01
     810.0000000000000000   2.9832895310453910E+02   6.5345473440720847E-01
     820.0000000000000000   2.9994951794460854E+02   6.5177963223653235E-01
     830.0000000000000000   3.0158304624712156E+02   6.5006651237440671E-01
     840.0000000000000000   3.0322882037769256E+02   6.4831845742966732E-01
     850.0000000000000000   3.0488617550076521E+02   6.4653833268783423E-01
     860.0000000000000000   3.0655448099405811E+02   6.4472884272005393E-01
     870.0000000000000000   3.0823314950952772E+02   6.4289250918547514E-01
     880.0000000000000000   3.0992162738147181E+02   6.4103170017321009E-01
     890.0000000000000000   3.1161939148095058E+02   6.3914864405842653E-01
     900.0000000000000000   3.1332595468719933E+02   6.3724541295527104E-01
     910.0000000000000000   3.1504085169480658E+02   6.3532397071239477E-01
     920.0000000000000000   3.1676364775784981E+02   6.3338614759421552E-01
     930.0000000000000000   3.1849393524142505E+02   6.3143364980207262E-01
     940.0000000000000000   3.2023132409490569E+02   6.2946809601329490E-01
     950.0000000000000000   3.2197544792743503E+02   6.2749100289001958E-01
     960.0000000000000000   3.2372596257019779E+02   6.2550377574780525E-01
     970.0000000000000000   3.2548253970720964E+02   6.2350775715503204E-01
     980.0000000000000000   3.2724486575237921E+02   6.2150420342776336E-01
     990.0000000000000000   3.2901265652403600E+02   6.1949425568805716E-01
    1000.0000000000000000   3.3078562557776633E+02   6.1747904407558196E-01
    1100.0000000000000000   3.4874849910597402E+02   5.9723472777813758E-01
    1200.0000000000000000   3.6700892075841961E+02   5.7727294019975195E-01
    1300.0000000000000000   3.8527404771175185E+02   5.5899692341117524E-01
    1400.0000000000000000   4.0377292049855419E+02   5.4125007470903852E-01
    1500.0000000000000000   4.2252467574108533E+02   5.2342258829693977E-01
    1600.0000000000000000   4.4075692477240898E+02   5.0883307990946869E-01
    1700.0000000000000000   4.5957181743239039E+02   4.9248278629116482E-01
    1800.0000000000000000   4.7789304325234468E+02   4.7894914537244460E-01
    1843.9990000000000236   4.8612461897980569E+02   4.7247786557356491E-01
    1844.0009999999999764   4.8612502229384324E+02   4.7247745414827436E-01
    1900.0000000000000000   4.9641313439584980E+02   4.6518218129995265E-01
    2000.0000000000000000   5.1479730006693615E+02   4.5250605120489612E-01
    2100.0000000000000000   5.3335636252031327E+02   4.3962283938334429E-01
    2200.0000000000000000   5.5148737026465869E+02   4.2881499089863595E-01
    2300.0000000000000000   5.6979342812192772E+02   4.1770357302381872E-01
    2400.0000000000000000   5.8798169234635168E+02   4.0736072490638825E-01
    2475.9989999999997963   6.0174115840982347E+02   3.9992541478481813E-01
    2476.0010000000002037   6.0174154124439690E+02   3.9992514749044378E-01
    2500.0000000000000000   6.0605933810067415E+02   3.9770573649477486E-01
    2526.9989999999997963   6.1094357869962323E+02   3.9513181986009538E-01
    2527.0010000000002037   6.1094396020087231E+02   3.9513156063706201E-01
    2600.0000000000000000   6.2403293927808613E+02   3.8866899603720262E-01
    2631.9989999999997963   6.2983690003228412E+02   3.8564415099185362E-01
    2632.0010000000002037   6.2983727890506623E+02   3.8564390724335018E-01
    2700.0000000000000000   6.4190851875022099E+02   3.8019015069671175E-01
    2800.0000000000000000   6.5994420832215587E+02   3.7137117398600222E-01
    2871.9989999999997963   6.7265872990712705E+02   3.6603978121072034E-01
    2872.0010000000002037   6.7265910324722688E+02   3.6603956767648949E-01
    2900.0000000000000000   6.7763321159938118E+02   3.6388988034620667E-01
    3000.0000000000000000   6.9548192070768778E+02   3.5604200117095158E-01
    3100.0000000000000000   7.1324206658193009E+02   3.4863127245523567E-01
    3200.0000000000000000   7.3091769101458010E+02   3.4162077198621460E-01
    3300.0000000000000000   7.4851256467409064E+02   3.3497768331424754E-01
    3400.0000000000000000   7.6603020690507628E+02   3.2867274262656532E-01
    3500.0000000000000000   7.8347390894666114E+02   3.2267976062383380E-01
    3600.0000000000000000   8.0084675180098429E+02   3.1697522778440512E-01
    3700.0000000000000000   8.1837046865869081E+02   3.1091494091380117E-01
    3800.0000000000000000   8.3560623616641328E+02   3.0574399959053239E-01
    3900.0000000000000000   8.5299300731636322E+02   3.0021438028532377E-01
    4000.0000000000000000   8.7010187104495776E+02   2.9550400354994016E-01
    4100.0000000000000000   8.8736113529825104E+02   2.9043535620121647E-01
    4200.0000000000000000   9.0435215101943004E+02   2.8612538298884410E-01
    4300.0000000000000000   9.2149236209621222E+02   2.8145987881255330E-01
    4400.0000000000000000   9.3857515816603166E+02   2.7698371733421501E-01
    4500.0000000000000000   9.5560232993270108E+02   2.7268518282143345E-01
    4600.0000000000000000   9.7237718070324013E+02   2.6904634044400633E-01
    4700.0000000000000000   9.8929966358680701E+02   2.6506075646335547E-01
    4800.0000000000000000   1.0061713434895744E+03   2.6122367965609983E-01
    4900.0000000000000000   1.0229936757583807E+03   2.5752669240601483E-01
    5000.0000000000000000   1.0397680423854144E+03   2.5396202729671363E-01
    5100.0000000000000000   1.0564957626121397E+03   2.5052249185195180E-01
    5200.0000000000000000   1.0731780980942222E+03   2.4720141239322968E-01
    5300.0000000000000000   1.0898162573823793E+03   2.4399258554339823E-01
    5400.0000000000000000   1.1065959213440483E+03   2.4047509877421636E-01
    5500.0000000000000000   1.1231473695486404E+03   2.3748187297607190E-01
    5600.0000000000000000   1.1396579767559206E+03   2.3458440181155019E-01
    5700.0000000000000000   1.1561287499048196E+03   2.3177804800590102E-01
    5800.0000000000000000   1.1727397025391833E+03   2.2867394631155669E-01
    5900.0000000000000000   1.1891318222021375E+03   2.2604404128148406E-01
    6000.0000000000000000   1.2054870078589631E+03   2.2349256211099783E-01
    6100.0000000000000000   1.2219814040304643E+03   2.2065154892746822E-01
    6200.0000000000000000   1.2382631021812674E+03   2.1825333161787641E-01
    6300.0000000000000000   1.2545104751629974E+03   2.1592303027823620E-01
    6400.0000000000000000   1.2708955835608579E+03   2.1331169051651749E-01
    6500.0000000000000000   1.2870741923025114E+03   2.1111523030114179E-01
    6600.0000000000000000   1.3033903294152160E+03   2.0864251503809036E-01
    6700.0000000000000000   1.3195030644553863E+03   2.0656860057888604E-01
    6800.0000000000000000   1.3357528493358625E+03   2.0422342484835265E-01
    6900.0000000000000000   1.3518024449794109E+03   2.0226193349482877E-01
    7000.0000000000000000   1.3679883467558991E+03   2.0003435944218148E-01
    7100.0000000000000000   1.3841428906147642E+03   1.9786486876417736E-01
    7200.0000000000000000   1.4001016768677214E+03   1.9605740376517097E-01
    7300.0000000000000000   1.4161959668431966E+03   1.9399194610128861E-01
    7400.0000000000000000   1.4320973966198897E+03   1.9227647310264454E-01
    7500.0000000000000000   1.4481335763984389E+03   1.9030740653487918E-01
    7600.0000000000000000   1.4641409109874041E+03   1.8838667180887980E-01
    7700.0000000000000000   1.4801198954894539E+03   1.8651245972804228E-01
    7800.0000000000000000   1.4959121648825067E+03   1.8496279025336063E-01
    7900.0000000000000000   1.5118371675322426E+03   1.8317121153687133E-01
    8000.0000000000000000   1.5277351677753986E+03   1.8142151224680475E-01
    8100.0000000000000000   1.5434503347012255E+03   1.7998121292311545E-01
    8200.0000000000000000   1.5592972692696812E+03   1.7830531917509312E-01
    8300.0000000000000000   1.5751184382102174E+03   1.7666729390101618E-01
    8400.0000000000000000   1.5909143953698717E+03   1.7506559008505462E-01
    8500.0000000000000000   1.6066859357034161E+03   1.7349831439010766E-01
    8600.0000000000000000   1.6224335538049597E+03   1.7196413106899530E-01
    8700.0000000000000000   1.6380045650511599E+03   1.7071275073918554E-01
    8800.0000000000000000   1.6537049202584963E+03   1.6924008956112796E-01
    8900.0000000000000000   1.6693819509012010E+03   1.6779822009025899E-01
    9000.0000000000000000   1.6850362008617719E+03   1.6638584170119838E-01
    9100.0000000000000000   1.7006681198772255E+03   1.6500184111949900E-01
    9200.0000000000000000   1.7162780224915550E+03   1.6364535020562487E-01
    9300.0000000000000000   1.7318661647482913E+03   1.6231561721768470E-01
    9400.0000000000000000   1.7474327973551774E+03   1.6101191810217366E-01
    9500.0000000000000000   1.7629781781840752E+03   1.5973353557457340E-01
    9600.0000000000000000   1.7785025724558791E+03   1.5847975924051289E-01
    9700.0000000000000000   1.7940062516296739E+03   1.5724988771748041E-01
    9800.0000000000000000   1.8094894898144926E+03   1.5604323371482268E-01
    9900.0000000000000000   1.8249525599137667E+03   1.5485912905353183E-01
   10000.0000000000000000   1.8403957306034679E+03   1.5369692826744269E-01
   11000.0000000000000000   1.9937871189353532E+03   1.4315503663268150E-01
   12000.0000000000000000   2.1455790265625728E+03   1.3406675846897584E-01
   13000.0000000000000000   2.2959458498908552E+03   1.2611441540461202E-01
   14000.0000000000000000   2.4450304588628674E+03   1.1906830465439464E-01
   15000.0000000000000000   2.5928220397580048E+03   1.1290394361266108E-01
   16000.0000000000000000   2.7395507065520428E+03   1.0733302170460308E-01
   17000.0000000000000000   2.8851902152310654E+03   1.0237249788288211E-01
   18000.0000000000000000   3.0298151812938886E+03   9.7931093529480040E-02
   19000.0000000000000000   3.1736212222621657E+03   9.3811677783341749E-02
   20000.0000000000000000   3.3164186904816474E+03   9.0193355516568666E-02
   20005.9989999999997963   3.3172763385882467E+03   9.0169479957661947E-02
   20006.0010000000002037   3.3172766245589896E+03   9.0169471962486911E-02
   21000.0000000000000000   3.4586242790423084E+03   8.6692886537454952E-02
   22000.0000000000000000   3.5999366500336623E+03   8.3587493865047741E-02
   23000.0000000000000000   3.7405046024186322E+03   8.0743449581236373E-02
   24000.0000000000000000   3.8804875794546319E+03   7.8032770792285697E-02
   25000.0000000000000000   4.0198208186300221E+03   7.5518700772851957E-02
   26000.0000000000000000   4.1585134894643679E+03   7.3194530421924725E-02
   27000.0000000000000000   4.2965978959911927E+03   7.1038770473538182E-02
   28000.0000000000000000   4.4342409436864209E+03   6.8936452223435904E-02
   29000.0000000000000000   4.5712183689802450E+03   6.7052303377957215E-02
   30000.0000000000000000   4.7077646160719150E+03   6.5222550787388964E-02
   31000.0000000000000000   4.8438137635278508E+03   6.3500199885441769E-02
   32000.0000000000000000   4.9792816216642723E+03   6.1944391059822544E-02
   33000.0000000000000000   5.1143980721613016E+03   6.0406709767522798E-02
   34000.0000000000000000   5.2490525635857330E+03   5.8962072495834975E-02
   35000.0000000000000000   5.3832683243556730E+03   5.7599330431173310E-02
   36000.0000000000000000   5.5171287440094784E+03   5.6269103646827384E-02
   37000.0000000000000000   5.6505934856496642E+03   5.5008750826629087E-02
   38000.0000000000000000   5.7835279635698244E+03   5.3883822782593349E-02
   39000.0000000000000000   5.9162831155394715E+03   5.2710153001071736E-02
   40000.0000000000000000   6.0485842560735400E+03   5.1638970623963797E-02
   41000.0000000000000000   6.1805719035114371E+03   5.0594111695860096E-02
   42000.0000000000000000   6.3121283695138109E+03   4.9640630557718057E-02
   43000.0000000000000000   6.4434240144396617E+03   4.8690371671254846E-02
   44000.0000000000000000   6.5744151337716567E+03   4.7779435009933431E-02
   45000.0000000000000000   6.7050347659909239E+03   4.6925086837468002E-02
   46000.0000000000000000   6.8355135605419318E+03   4.6032869588435853E-02
   47000.0000000000000000   6.9654803650234890E+03   4.5268341422594512E-02
   48000.0000000000000000   7.0952937762078636E+03   4.4477682711241646E-02
   49000.0000000000000000   7.2248298487353104E+03   4.3714049380825723E-02
   50000.0000000000000000   7.3540681308005187E+03   4.2987426160125776E-02
