       0.1000000000000000   1.0000000000000000E+30
       0.2000000000000000   1.0000000000000000E+30
       0.3000000000000000   1.0000000000000000E+30
       0.4000000000000000   1.0000000000000000E+30
       0.5000000000000000   1.0000000000000000E+30
       0.6000000000000000   1.0000000000000000E+30
       0.7000000000000000   1.0000000000000000E+30
       0.7999999999999999   1.0000000000000000E+30
       0.8999999999999999   1.0000000000000000E+30
       0.9999999999999999   1.0000000000000000E+30
       2.0000000000000000   1.0000000000000000E+30
       3.0000000000000000   1.0000000000000000E+30
       4.0000000000000000   1.0000000000000000E+30
       5.0000000000000000   1.0000000000000000E+30
       6.0000000000000000   1.0000000000000000E+30
       7.0000000000000000   1.0000000000000000E+30
       8.0000000000000000   1.0000000000000000E+30
       9.0000000000000000   1.0000000000000000E+30
      10.0000000000000000   1.0000000000000000E+30
      11.0000000000000000   1.0000000000000000E+30
      12.0000000000000000   1.0000000000000000E+30
      13.0000000000000000   1.0000000000000000E+30
      14.0000000000000000   1.0000000000000000E+30
      15.0000000000000000   1.0000000000000000E+30
      16.0000000000000000   1.0000000000000000E+30
      17.0000000000000000   1.0000000000000000E+30
      18.0000000000000000   1.0000000000000000E+30
      19.0000000000000000   1.0000000000000000E+30
      20.0000000000000000   1.0000000000000000E+30
      21.0000000000000000   1.0000000000000000E+30
      22.0000000000000000   1.0000000000000000E+30
      23.0000000000000000   1.0000000000000000E+30
      24.0000000000000000   1.0000000000000000E+30
      25.0000000000000000   1.0000000000000000E+30
      26.0000000000000000   1.0000000000000000E+30
      27.0000000000000000   1.0000000000000000E+30
      28.0000000000000000   1.0000000000000000E+30
      29.0000000000000000   1.0000000000000000E+30
      30.0000000000000000   1.0000000000000000E+30
      31.0000000000000000   1.0000000000000000E+30
      32.0000000000000000   1.0000000000000000E+30
      33.0000000000000000   1.0000000000000000E+30
      34.0000000000000000   1.0000000000000000E+30
      35.0000000000000000   1.0000000000000000E+30
      36.0000000000000000   1.0000000000000000E+30
      37.0000000000000000   1.0000000000000000E+30
      38.0000000000000000   1.0000000000000000E+30
      39.0000000000000000   1.0000000000000000E+30
      40.0000000000000000   1.0000000000000000E+30
      41.0000000000000000   1.0000000000000000E+30
      41.9990000000000023   1.0000000000000000E+30
      42.0000000000000000   1.0000000000000000E+30
      42.0009999999999977   1.0000000000000000E+30
      43.0000000000000000   1.0000000000000000E+30
      44.0000000000000000   1.0000000000000000E+30
      44.9990000000000023   1.0000000000000000E+30
      45.0000000000000000   1.0000000000000000E+30
      45.0009999999999977   1.0000000000000000E+30
      46.0000000000000000   1.0000000000000000E+30
      47.0000000000000000   1.0000000000000000E+30
      48.0000000000000000   1.0000000000000000E+30
      49.0000000000000000   1.0000000000000000E+30
      50.0000000000000000   1.0000000000000000E+30
      51.0000000000000000   1.0000000000000000E+30
      52.0000000000000000   1.0000000000000000E+30
      53.0000000000000000   1.0000000000000000E+30
      54.0000000000000000   1.0000000000000000E+30
      55.0000000000000000   1.0000000000000000E+30
      56.0000000000000000   1.0000000000000000E+30
      57.0000000000000000   1.0000000000000000E+30
      58.0000000000000000   1.0000000000000000E+30
      59.0000000000000000   1.0000000000000000E+30
      60.0000000000000000   1.0000000000000000E+30
      61.0000000000000000   1.0000000000000000E+30
      62.0000000000000000   1.0000000000000000E+30
      63.0000000000000000   1.0000000000000000E+30
      64.0000000000000000   1.0000000000000000E+30
      65.0000000000000000   1.0000000000000000E+30
      66.0000000000000000   1.0000000000000000E+30
      67.0000000000000000   1.0000000000000000E+30
      67.9989999999999952   1.0000000000000000E+30
      68.0000000000000000   1.0000000000000000E+30
      68.0010000000000048   1.0000000000000000E+30
      69.0000000000000000   1.0000000000000000E+30
      70.0000000000000000   1.0000000000000000E+30
      71.0000000000000000   1.0000000000000000E+30
      72.0000000000000000   1.0000000000000000E+30
      73.0000000000000000   1.0000000000000000E+30
      74.0000000000000000   1.0000000000000000E+30
      75.0000000000000000   1.0000000000000000E+30
      76.0000000000000000   1.0000000000000000E+30
      77.0000000000000000   1.0000000000000000E+30
      78.0000000000000000   1.0000000000000000E+30
      79.0000000000000000   1.0000000000000000E+30
      80.0000000000000000   1.0000000000000000E+30
      81.0000000000000000   1.0000000000000000E+30
      82.0000000000000000   1.0000000000000000E+30
      83.0000000000000000   1.0000000000000000E+30
      84.0000000000000000   1.0000000000000000E+30
      85.0000000000000000   1.0000000000000000E+30
      86.0000000000000000   1.0000000000000000E+30
      87.0000000000000000   1.0000000000000000E+30
      88.0000000000000000   1.0000000000000000E+30
      89.0000000000000000   1.0000000000000000E+30
      90.0000000000000000   1.0000000000000000E+30
      91.0000000000000000   1.0000000000000000E+30
      92.0000000000000000   1.0000000000000000E+30
      93.0000000000000000   1.0000000000000000E+30
      94.0000000000000000   1.0000000000000000E+30
      95.0000000000000000   1.0000000000000000E+30
      96.0000000000000000   1.0000000000000000E+30
      97.0000000000000000   1.0000000000000000E+30
      98.0000000000000000   1.0000000000000000E+30
      99.0000000000000000   1.0000000000000000E+30
     100.0000000000000000   1.0000000000000000E+30
     103.9989999999999952   1.0000000000000000E+30
     104.0010000000000048   1.0000000000000000E+30
     110.0000000000000000   1.0000000000000000E+30
     120.0000000000000000   1.0000000000000000E+30
     130.0000000000000000   1.0000000000000000E+30
     140.0000000000000000   1.0000000000000000E+30
     150.0000000000000000   1.0000000000000000E+30
     153.9989999999999952   1.0000000000000000E+30
     154.0010000000000048   1.0000000000000000E+30
     160.0000000000000000   1.0000000000000000E+30
     167.9989999999999952   1.0000000000000000E+30
     168.0010000000000048   1.0000000000000000E+30
     169.9989999999999952   1.0000000000000000E+30
     170.0000000000000000   1.0000000000000000E+30
     170.0010000000000048   1.0000000000000000E+30
     180.0000000000000000   1.0000000000000000E+30
     190.0000000000000000   1.0000000000000000E+30
     200.0000000000000000   1.0000000000000000E+30
     210.0000000000000000   1.0000000000000000E+30
     220.0000000000000000   1.0000000000000000E+30
     230.0000000000000000   1.0000000000000000E+30
     231.9989999999999952   1.0000000000000000E+30
     232.0010000000000048   1.0000000000000000E+30
     233.9989999999999952   1.0000000000000000E+30
     234.0010000000000048   1.0000000000000000E+30
     236.9989999999999952   1.0000000000000000E+30
     237.0010000000000048   1.0000000000000000E+30
     240.0000000000000000   1.0000000000000000E+30
     250.0000000000000000   1.0000000000000000E+30
     260.0000000000000000   1.0000000000000000E+30
     270.0000000000000000   1.0000000000000000E+30
     280.0000000000000000   1.0000000000000000E+30
     290.0000000000000000   1.0000000000000000E+30
     300.0000000000000000   1.0000000000000000E+30
     310.0000000000000000   1.0000000000000000E+30
     320.0000000000000000   1.0000000000000000E+30
     330.0000000000000000   1.0000000000000000E+30
     340.0000000000000000   1.0000000000000000E+30
     350.0000000000000000   1.0000000000000000E+30
     360.0000000000000000   1.0000000000000000E+30
     370.0000000000000000   1.0000000000000000E+30
     380.0000000000000000   1.0000000000000000E+30
     390.0000000000000000   1.0000000000000000E+30
     398.9990000000000236   1.0000000000000000E+30
     399.0009999999999764   1.0000000000000000E+30
     400.0000000000000000   1.0000000000000000E+30
     410.0000000000000000   1.0000000000000000E+30
     415.9990000000000236   1.0000000000000000E+30
     416.0009999999999764   1.0000000000000000E+30
     420.0000000000000000   1.0000000000000000E+30
     430.0000000000000000   1.0000000000000000E+30
     440.0000000000000000   1.0000000000000000E+30
     450.0000000000000000   1.0000000000000000E+30
     460.0000000000000000   1.0000000000000000E+30
     470.0000000000000000   1.0000000000000000E+30
     480.0000000000000000   1.0000000000000000E+30
     490.0000000000000000   1.0000000000000000E+30
     500.0000000000000000   1.0000000000000000E+30
     510.0000000000000000   1.0000000000000000E+30
     510.9989999999999668   1.0000000000000000E+30
     511.0009999999999195   1.0000000000000000E+30
     520.0000000000000000   1.0000000000000000E+30
     530.0000000000000000   1.0000000000000000E+30
     540.0000000000000000   1.0000000000000000E+30
     550.0000000000000000   1.0000000000000000E+30
     560.0000000000000000   1.0000000000000000E+30
     570.0000000000000000   1.0000000000000000E+30
     580.0000000000000000   1.0000000000000000E+30
     590.0000000000000000   1.0000000000000000E+30
     600.0000000000000000   1.0000000000000000E+30
     610.0000000000000000   1.0000000000000000E+30
     620.0000000000000000   1.0000000000000000E+30
     630.0000000000000000   1.0000000000000000E+30
     640.0000000000000000   1.0000000000000000E+30
     650.0000000000000000   1.0000000000000000E+30
     660.0000000000000000   1.0000000000000000E+30
     670.0000000000000000   1.0000000000000000E+30
     680.0000000000000000   1.0000000000000000E+30
     690.0000000000000000   1.0000000000000000E+30
     700.0000000000000000   1.0000000000000000E+30
     710.0000000000000000   1.0000000000000000E+30
     720.0000000000000000   1.0000000000000000E+30
     730.0000000000000000   1.0000000000000000E+30
     740.0000000000000000   1.0000000000000000E+30
     750.0000000000000000   1.0000000000000000E+30
     760.0000000000000000   1.0000000000000000E+30
     770.0000000000000000   1.0000000000000000E+30
     780.0000000000000000   1.0000000000000000E+30
     790.0000000000000000   1.0000000000000000E+30
     800.0000000000000000   1.0000000000000000E+30
     810.0000000000000000   1.0000000000000000E+30
     820.0000000000000000   1.0000000000000000E+30
     830.0000000000000000   1.0000000000000000E+30
     840.0000000000000000   1.0000000000000000E+30
     850.0000000000000000   1.0000000000000000E+30
     860.0000000000000000   1.0000000000000000E+30
     870.0000000000000000   1.0000000000000000E+30
     880.0000000000000000   1.0000000000000000E+30
     890.0000000000000000   1.0000000000000000E+30
     900.0000000000000000   1.0000000000000000E+30
     910.0000000000000000   1.0000000000000000E+30
     920.0000000000000000   1.0000000000000000E+30
     930.0000000000000000   1.0000000000000000E+30
     940.0000000000000000   1.0000000000000000E+30
     950.0000000000000000   1.0000000000000000E+30
     960.0000000000000000   1.0000000000000000E+30
     970.0000000000000000   1.0000000000000000E+30
     980.0000000000000000   1.0000000000000000E+30
     990.0000000000000000   1.0000000000000000E+30
    1000.0000000000000000   1.0000000000000000E+30
    1100.0000000000000000   1.0000000000000000E+30
    1200.0000000000000000   1.0000000000000000E+30
    1300.0000000000000000   1.0000000000000000E+30
    1400.0000000000000000   1.0000000000000000E+30
    1500.0000000000000000   1.0000000000000000E+30
    1600.0000000000000000   1.0000000000000000E+30
    1700.0000000000000000   1.0000000000000000E+30
    1800.0000000000000000   1.0000000000000000E+30
    1843.9990000000000236   1.0000000000000000E+30
    1844.0009999999999764   1.5902641236593863E+04
    1900.0000000000000000   1.6566948770552230E+04
    2000.0000000000000000   1.8687587653435745E+04
    2100.0000000000000000   2.1187318472294792E+04
    2200.0000000000000000   2.3827771308521169E+04
    2300.0000000000000000   2.6698145477182239E+04
    2400.0000000000000000   2.9729887573512089E+04
    2475.9989999999997963   3.2254567858278722E+04
    2476.0010000000002037   3.2254640449889270E+04
    2500.0000000000000000   3.3006750912733638E+04
    2526.9989999999997963   3.3998992716409542E+04
    2527.0010000000002037   3.3999068428298000E+04
    2600.0000000000000000   3.6591983567162133E+04
    2631.9989999999997963   3.7638889324900520E+04
    2632.0010000000002037   3.7638967493184173E+04
    2700.0000000000000000   4.0231527428142923E+04
    2800.0000000000000000   4.4038555517738459E+04
    2871.9989999999997963   4.7069104062565049E+04
    2872.0010000000002037   4.7069195233496786E+04
    2900.0000000000000000   4.8381119917104472E+04
    3000.0000000000000000   5.2720771514401815E+04
    3100.0000000000000000   5.7500915663999185E+04
    3200.0000000000000000   6.2443340035827336E+04
    3300.0000000000000000   6.7899618287487770E+04
    3400.0000000000000000   7.3474996916499280E+04
    3500.0000000000000000   7.9500185778423969E+04
    3600.0000000000000000   8.5893712835105442E+04
    3700.0000000000000000   9.2472914175504382E+04
    3800.0000000000000000   9.8781090992235739E+04
    3900.0000000000000000   1.0616609701518014E+05
    4000.0000000000000000   1.1402136350026184E+05
    4100.0000000000000000   1.2201726050583516E+05
    4200.0000000000000000   1.2981411167207336E+05
    4300.0000000000000000   1.3846920506387821E+05
    4400.0000000000000000   1.4742568033698437E+05
    4500.0000000000000000   1.5707383561791320E+05
    4600.0000000000000000   1.6720565495625648E+05
    4700.0000000000000000   1.7737974009567677E+05
    4800.0000000000000000   1.8738707460382808E+05
    4900.0000000000000000   1.9926250151074634E+05
    5000.0000000000000000   2.1075211337973899E+05
    5100.0000000000000000   2.2242728939443870E+05
    5200.0000000000000000   2.3488056752063724E+05
    5300.0000000000000000   2.4767673326522129E+05
    5400.0000000000000000   2.6106902377261664E+05
    5500.0000000000000000   2.7506215058965952E+05
    5600.0000000000000000   2.8891896039095672E+05
    5700.0000000000000000   3.0343062322404323E+05
    5800.0000000000000000   3.1870518589365890E+05
    5900.0000000000000000   3.3417186830930761E+05
    6000.0000000000000000   3.5181015221919678E+05
    6100.0000000000000000   3.6783220010575134E+05
    6200.0000000000000000   3.8497937396570574E+05
    6300.0000000000000000   4.0271157983656984E+05
    6400.0000000000000000   4.2277891772933648E+05
    6500.0000000000000000   4.4155355915969406E+05
    6600.0000000000000000   4.6000181806632719E+05
    6700.0000000000000000   4.8153558982178837E+05
    6800.0000000000000000   5.0163412918458250E+05
    6900.0000000000000000   5.2260658975269890E+05
    7000.0000000000000000   5.4646959145272430E+05
    7100.0000000000000000   5.6749288183692866E+05
    7200.0000000000000000   5.9332517382888193E+05
    7300.0000000000000000   6.1460269762756012E+05
    7400.0000000000000000   6.4191978957575490E+05
    7500.0000000000000000   6.6559417640137381E+05
    7600.0000000000000000   6.9049749091461662E+05
    7700.0000000000000000   7.1672476140109054E+05
    7800.0000000000000000   7.4585820836909593E+05
    7900.0000000000000000   7.7333419866264134E+05
    8000.0000000000000000   8.0185399118530122E+05
    8100.0000000000000000   8.3415184201188036E+05
    8200.0000000000000000   8.6220284781390266E+05
    8300.0000000000000000   8.9175111184550112E+05
    8400.0000000000000000   9.2302721894786146E+05
    8500.0000000000000000   9.5749462296391418E+05
    8600.0000000000000000   9.8908578218152141E+05
    8700.0000000000000000   1.0261874819886391E+06
    8800.0000000000000000   1.0580879553798030E+06
    8900.0000000000000000   1.0973539515431777E+06
    9000.0000000000000000   1.1307457995751463E+06
    9100.0000000000000000   1.1724252814240206E+06
    9200.0000000000000000   1.2063211148456840E+06
    9300.0000000000000000   1.2434438984940595E+06
    9400.0000000000000000   1.2858652425645110E+06
    9500.0000000000000000   1.3247321211069722E+06
    9600.0000000000000000   1.3654107080819982E+06
    9700.0000000000000000   1.4102751554733622E+06
    9800.0000000000000000   1.4581880665189710E+06
    9900.0000000000000000   1.4969171824907758E+06
   10000.0000000000000000   1.5468348112022311E+06
   11000.0000000000000000   2.0478609340468303E+06
   12000.0000000000000000   2.6487327534863297E+06
   13000.0000000000000000   3.3665037042699452E+06
   14000.0000000000000000   4.2096402667107126E+06
   15000.0000000000000000   5.1810979437684612E+06
   16000.0000000000000000   6.3075572271037223E+06
   17000.0000000000000000   7.6244928838780094E+06
   18000.0000000000000000   9.0375498584491964E+06
   19000.0000000000000000   1.0657143403415905E+07
   20000.0000000000000000   1.2500499124098962E+07
   20005.9989999999997963   1.2513207213257318E+07
   20006.0010000000002037   1.2513211454301693E+07
   21000.0000000000000000   1.4563758045071708E+07
   22000.0000000000000000   1.6743143833934877E+07
   23000.0000000000000000   1.9210910985801890E+07
   24000.0000000000000000   2.1925734914614160E+07
   25000.0000000000000000   2.4937713089701042E+07
   26000.0000000000000000   2.8117557716454905E+07
   27000.0000000000000000   3.1728440819968320E+07
   28000.0000000000000000   3.5496591529782720E+07
   29000.0000000000000000   3.9615610731749758E+07
   30000.0000000000000000   4.4025746046101518E+07
   31000.0000000000000000   4.8765097133345351E+07
   32000.0000000000000000   5.3783547624058343E+07
   33000.0000000000000000   5.9269508587413169E+07
   34000.0000000000000000   6.5146359354346119E+07
   35000.0000000000000000   7.1486686560205504E+07
   36000.0000000000000000   7.8285047030254349E+07
   37000.0000000000000000   8.5135254484196246E+07
   38000.0000000000000000   9.2590367721807674E+07
   39000.0000000000000000   1.0065736833039410E+08
   40000.0000000000000000   1.0887042343120100E+08
   41000.0000000000000000   1.1793149495707561E+08
   42000.0000000000000000   1.2694142360196473E+08
   43000.0000000000000000   1.3694980970594513E+08
   44000.0000000000000000   1.4758239956647706E+08
   45000.0000000000000000   1.5822523944323209E+08
   46000.0000000000000000   1.6958273279866931E+08
   47000.0000000000000000   1.8262405040934059E+08
   48000.0000000000000000   1.9538561636015218E+08
   49000.0000000000000000   2.0737142404893351E+08
   50000.0000000000000000   2.2128842882457334E+08
