       0.1000000000000000   1.0000000000000000E+30
       0.2000000000000000   1.0000000000000000E+30
       0.3000000000000000   1.0000000000000000E+30
       0.4000000000000000   1.0000000000000000E+30
       0.5000000000000000   1.0000000000000000E+30
       0.6000000000000000   1.0000000000000000E+30
       0.7000000000000000   1.0000000000000000E+30
       0.7999999999999999   1.0000000000000000E+30
       0.8999999999999999   1.0000000000000000E+30
       0.9999999999999999   1.0000000000000000E+30
       2.0000000000000000   1.0000000000000000E+30
       3.0000000000000000   1.0000000000000000E+30
       4.0000000000000000   1.0000000000000000E+30
       5.0000000000000000   1.0000000000000000E+30
       6.0000000000000000   1.0000000000000000E+30
       7.0000000000000000   1.0000000000000000E+30
       8.0000000000000000   1.0000000000000000E+30
       9.0000000000000000   1.0000000000000000E+30
      10.0000000000000000   1.0000000000000000E+30
      11.0000000000000000   1.0000000000000000E+30
      12.0000000000000000   1.0000000000000000E+30
      13.0000000000000000   1.0000000000000000E+30
      14.0000000000000000   1.0000000000000000E+30
      15.0000000000000000   1.0000000000000000E+30
      16.0000000000000000   1.0000000000000000E+30
      17.0000000000000000   1.0000000000000000E+30
      18.0000000000000000   1.0000000000000000E+30
      19.0000000000000000   1.0000000000000000E+30
      20.0000000000000000   1.0000000000000000E+30
      21.0000000000000000   1.0000000000000000E+30
      22.0000000000000000   1.0000000000000000E+30
      23.0000000000000000   1.0000000000000000E+30
      24.0000000000000000   1.0000000000000000E+30
      25.0000000000000000   1.0000000000000000E+30
      26.0000000000000000   1.0000000000000000E+30
      27.0000000000000000   1.0000000000000000E+30
      28.0000000000000000   1.0000000000000000E+30
      29.0000000000000000   1.0000000000000000E+30
      30.0000000000000000   1.0000000000000000E+30
      31.0000000000000000   1.0000000000000000E+30
      32.0000000000000000   1.0000000000000000E+30
      33.0000000000000000   1.0000000000000000E+30
      34.0000000000000000   1.0000000000000000E+30
      35.0000000000000000   1.0000000000000000E+30
      36.0000000000000000   1.0000000000000000E+30
      37.0000000000000000   1.0000000000000000E+30
      38.0000000000000000   1.0000000000000000E+30
      39.0000000000000000   1.0000000000000000E+30
      40.0000000000000000   1.0000000000000000E+30
      41.0000000000000000   1.0000000000000000E+30
      41.9990000000000023   1.0000000000000000E+30
      42.0000000000000000   1.0000000000000000E+30
      42.0009999999999977   1.0000000000000000E+30
      43.0000000000000000   1.0000000000000000E+30
      44.0000000000000000   1.0000000000000000E+30
      44.9990000000000023   1.0000000000000000E+30
      45.0000000000000000   1.0000000000000000E+30
      45.0009999999999977   1.0000000000000000E+30
      46.0000000000000000   1.0000000000000000E+30
      47.0000000000000000   1.0000000000000000E+30
      48.0000000000000000   1.0000000000000000E+30
      49.0000000000000000   1.0000000000000000E+30
      50.0000000000000000   1.0000000000000000E+30
      51.0000000000000000   1.0000000000000000E+30
      52.0000000000000000   1.0000000000000000E+30
      53.0000000000000000   1.0000000000000000E+30
      54.0000000000000000   1.0000000000000000E+30
      55.0000000000000000   1.0000000000000000E+30
      56.0000000000000000   1.0000000000000000E+30
      57.0000000000000000   1.0000000000000000E+30
      58.0000000000000000   1.0000000000000000E+30
      59.0000000000000000   1.0000000000000000E+30
      60.0000000000000000   1.0000000000000000E+30
      61.0000000000000000   1.0000000000000000E+30
      62.0000000000000000   1.0000000000000000E+30
      63.0000000000000000   1.0000000000000000E+30
      64.0000000000000000   1.0000000000000000E+30
      65.0000000000000000   1.0000000000000000E+30
      66.0000000000000000   1.0000000000000000E+30
      67.0000000000000000   1.0000000000000000E+30
      67.9989999999999952   1.0000000000000000E+30
      68.0000000000000000   1.0000000000000000E+30
      68.0010000000000048   1.0000000000000000E+30
      69.0000000000000000   1.0000000000000000E+30
      70.0000000000000000   1.0000000000000000E+30
      71.0000000000000000   1.0000000000000000E+30
      72.0000000000000000   1.0000000000000000E+30
      73.0000000000000000   1.0000000000000000E+30
      74.0000000000000000   1.0000000000000000E+30
      75.0000000000000000   1.0000000000000000E+30
      76.0000000000000000   1.0000000000000000E+30
      77.0000000000000000   1.0000000000000000E+30
      78.0000000000000000   1.0000000000000000E+30
      79.0000000000000000   1.0000000000000000E+30
      80.0000000000000000   1.0000000000000000E+30
      81.0000000000000000   1.0000000000000000E+30
      82.0000000000000000   1.0000000000000000E+30
      83.0000000000000000   1.0000000000000000E+30
      84.0000000000000000   1.0000000000000000E+30
      85.0000000000000000   1.0000000000000000E+30
      86.0000000000000000   1.0000000000000000E+30
      87.0000000000000000   1.0000000000000000E+30
      88.0000000000000000   1.0000000000000000E+30
      89.0000000000000000   1.0000000000000000E+30
      90.0000000000000000   1.0000000000000000E+30
      91.0000000000000000   1.0000000000000000E+30
      92.0000000000000000   1.0000000000000000E+30
      93.0000000000000000   1.0000000000000000E+30
      94.0000000000000000   1.0000000000000000E+30
      95.0000000000000000   1.0000000000000000E+30
      96.0000000000000000   1.0000000000000000E+30
      97.0000000000000000   1.0000000000000000E+30
      98.0000000000000000   1.0000000000000000E+30
      99.0000000000000000   1.0000000000000000E+30
     100.0000000000000000   1.0000000000000000E+30
     103.9989999999999952   1.0000000000000000E+30
     104.0010000000000048   1.0000000000000000E+30
     110.0000000000000000   1.0000000000000000E+30
     120.0000000000000000   1.0000000000000000E+30
     130.0000000000000000   1.0000000000000000E+30
     140.0000000000000000   1.0000000000000000E+30
     150.0000000000000000   1.0000000000000000E+30
     153.9989999999999952   1.0000000000000000E+30
     154.0010000000000048   4.5647754494437731E+03
     160.0000000000000000   4.6271366382218548E+03
     167.9989999999999952   4.7129881907510498E+03
     168.0010000000000048   4.7130100546944368E+03
     169.9989999999999952   4.7349539331392052E+03
     170.0000000000000000   4.7349649672237902E+03
     170.0010000000000048   4.7349760013598025E+03
     180.0000000000000000   4.8322107785272001E+03
     190.0000000000000000   4.9836361650824183E+03
     200.0000000000000000   5.2183245676093948E+03
     210.0000000000000000   5.5068852944645914E+03
     220.0000000000000000   5.7912553038308733E+03
     230.0000000000000000   6.0684573553256232E+03
     231.9989999999999952   6.1282791787604947E+03
     232.0010000000000048   6.1283396211143272E+03
     233.9989999999999952   6.1893229971030933E+03
     234.0010000000000048   6.1893846495933240E+03
     236.9989999999999952   6.2832035278960875E+03
     237.0010000000000048   6.2832670648879293E+03
     240.0000000000000000   6.3446188594014684E+03
     250.0000000000000000   6.6498683385839240E+03
     260.0000000000000000   6.9570073355201066E+03
     270.0000000000000000   7.3094598503294064E+03
     280.0000000000000000   7.6564660416920024E+03
     290.0000000000000000   8.0530215881490158E+03
     300.0000000000000000   8.4275493094287776E+03
     310.0000000000000000   8.8448829890760917E+03
     320.0000000000000000   9.2441201414312327E+03
     330.0000000000000000   9.7075150919604712E+03
     340.0000000000000000   1.0100098532103433E+04
     350.0000000000000000   1.0592160279634680E+04
     360.0000000000000000   1.1038740981736362E+04
     370.0000000000000000   1.1468051438279075E+04
     380.0000000000000000   1.1972042794959098E+04
     390.0000000000000000   1.2468648065743308E+04
     398.9990000000000236   1.2968843622152792E+04
     399.0009999999999764   1.2968959249704985E+04
     400.0000000000000000   1.3026974092567694E+04
     410.0000000000000000   1.3524053613490018E+04
     415.9990000000000236   1.3843327136622629E+04
     416.0009999999999764   1.3843442412540349E+04
     420.0000000000000000   1.4077841318608778E+04
     430.0000000000000000   1.4634445108004866E+04
     440.0000000000000000   1.5258362751635645E+04
     450.0000000000000000   1.5807989347586481E+04
     460.0000000000000000   1.6361885521535518E+04
     470.0000000000000000   1.6974030813216799E+04
     480.0000000000000000   1.7643937515197322E+04
     490.0000000000000000   1.8237157568754388E+04
     500.0000000000000000   1.8945034512821530E+04
     510.0000000000000000   1.9533812256186106E+04
     510.9989999999999668   1.9604349841335999E+04
     511.0009999999999195   1.9604491568686801E+04
     520.0000000000000000   2.0263639560591309E+04
     530.0000000000000000   2.0961057282031205E+04
     540.0000000000000000   2.1762106399786600E+04
     550.0000000000000000   2.2399135774006889E+04
     560.0000000000000000   2.3234347267088186E+04
     570.0000000000000000   2.3858681669859881E+04
     580.0000000000000000   2.4707749144676072E+04
     590.0000000000000000   2.5448509531321801E+04
     600.0000000000000000   2.6213130351485623E+04
     610.0000000000000000   2.7096493637784642E+04
     620.0000000000000000   2.7840543564535827E+04
     630.0000000000000000   2.8755785459656989E+04
     640.0000000000000000   2.9501055870271117E+04
     650.0000000000000000   3.0428582578647976E+04
     660.0000000000000000   3.1290445993187332E+04
     670.0000000000000000   3.2274415838664816E+04
     680.0000000000000000   3.3146948731405602E+04
     690.0000000000000000   3.4172767112176720E+04
     700.0000000000000000   3.5021930794957021E+04
     710.0000000000000000   3.6080129254314234E+04
     720.0000000000000000   3.6928952693659761E+04
     730.0000000000000000   3.7998687281089522E+04
     740.0000000000000000   3.8964063193357484E+04
     750.0000000000000000   4.0082434811124971E+04
     760.0000000000000000   4.1067650194950846E+04
     770.0000000000000000   4.2211109581695935E+04
     780.0000000000000000   4.3420068072751834E+04
     790.0000000000000000   4.4336786236546912E+04
     800.0000000000000000   4.5557047350293156E+04
     810.0000000000000000   4.6846378834691051E+04
     820.0000000000000000   4.7715093568464858E+04
     830.0000000000000000   4.8985729975829352E+04
     840.0000000000000000   5.0079111008861473E+04
     850.0000000000000000   5.1385284114760805E+04
     860.0000000000000000   5.2520013521618122E+04
     870.0000000000000000   5.3850428102315433E+04
     880.0000000000000000   5.5249997471999275E+04
     890.0000000000000000   5.6311180400850295E+04
     900.0000000000000000   5.7720667664833898E+04
     910.0000000000000000   5.9202526261423925E+04
     920.0000000000000000   6.0215187301098515E+04
     930.0000000000000000   6.1675719749880824E+04
     940.0000000000000000   6.3208864489189131E+04
     950.0000000000000000   6.4378462557939572E+04
     960.0000000000000000   6.5929408811797519E+04
     970.0000000000000000   6.7174739638142928E+04
     980.0000000000000000   6.8711481447290600E+04
     990.0000000000000000   7.0086125708045452E+04
    1000.0000000000000000   7.1645255940236995E+04
    1100.0000000000000000   8.7730654856366906E+04
    1200.0000000000000000   1.0543541117172033E+05
    1300.0000000000000000   1.2575750736830871E+05
    1400.0000000000000000   1.4828214121164172E+05
    1500.0000000000000000   1.7307263843651861E+05
    1600.0000000000000000   2.0027860488322622E+05
    1700.0000000000000000   2.2990555455487713E+05
    1800.0000000000000000   2.6253171806578652E+05
    1843.9990000000000236   2.7837110788833274E+05
    1844.0009999999999764   2.7837189007811819E+05
    1900.0000000000000000   2.9898011442325346E+05
    2000.0000000000000000   3.3625492411815317E+05
    2100.0000000000000000   3.7803020842688932E+05
    2200.0000000000000000   4.2252392368261120E+05
    2300.0000000000000000   4.7044752477582433E+05
    2400.0000000000000000   5.2174617669986165E+05
    2475.9989999999997963   5.6365408717339893E+05
    2476.0010000000002037   5.6365529897606629E+05
    2500.0000000000000000   5.7858141710672434E+05
    2526.9989999999997963   5.9229381135353062E+05
    2527.0010000000002037   5.9229503231933841E+05
    2600.0000000000000000   6.3646472837803361E+05
    2631.9989999999997963   6.5456238118382508E+05
    2632.0010000000002037   6.5456367479413864E+05
    2700.0000000000000000   6.9696068554838176E+05
    2800.0000000000000000   7.6393592778050201E+05
    2871.9989999999997963   8.1435012444544025E+05
    2872.0010000000002037   8.1435164908899844E+05
    2900.0000000000000000   8.3627043133928941E+05
    3000.0000000000000000   9.0772010851128714E+05
    3100.0000000000000000   9.8603354075570486E+05
    3200.0000000000000000   1.0720387645859704E+06
    3300.0000000000000000   1.1570387018510678E+06
    3400.0000000000000000   1.2504791053894802E+06
    3500.0000000000000000   1.3506247260768565E+06
    3600.0000000000000000   1.4457121344397308E+06
    3700.0000000000000000   1.5550930797521553E+06
    3800.0000000000000000   1.6711958869268894E+06
    3900.0000000000000000   1.7890869280334555E+06
    4000.0000000000000000   1.9037243216672714E+06
    4100.0000000000000000   2.0310772557677554E+06
    4200.0000000000000000   2.1627281995677063E+06
    4300.0000000000000000   2.3042027423057626E+06
    4400.0000000000000000   2.4451647518090438E+06
    4500.0000000000000000   2.6074552734429892E+06
    4600.0000000000000000   2.7630512021986982E+06
    4700.0000000000000000   2.9140608396130800E+06
    4800.0000000000000000   3.0812703037666897E+06
    4900.0000000000000000   3.2537068634342309E+06
    5000.0000000000000000   3.4363191744783986E+06
    5100.0000000000000000   3.6259947124667955E+06
    5200.0000000000000000   3.8231462495371033E+06
    5300.0000000000000000   4.0449904253617921E+06
    5400.0000000000000000   4.2478870177279878E+06
    5500.0000000000000000   4.4454486520435987E+06
    5600.0000000000000000   4.6823318418145683E+06
    5700.0000000000000000   4.9080852825909639E+06
    5800.0000000000000000   5.1377109014863269E+06
    5900.0000000000000000   5.3833019425891591E+06
    6000.0000000000000000   5.6366347742459765E+06
    6100.0000000000000000   5.8990350314987302E+06
    6200.0000000000000000   6.1917799046527678E+06
    6300.0000000000000000   6.4556619140921831E+06
    6400.0000000000000000   6.7323922004619250E+06
    6500.0000000000000000   7.0244969867025288E+06
    6600.0000000000000000   7.3519356605629763E+06
    6700.0000000000000000   7.6497745258211587E+06
    6800.0000000000000000   7.9527933028474208E+06
    6900.0000000000000000   8.3112032797170477E+06
    7000.0000000000000000   8.6407555906838272E+06
    7100.0000000000000000   8.9789630664638896E+06
    7200.0000000000000000   9.3316770650216527E+06
    7300.0000000000000000   9.6967395940921679E+06
    7400.0000000000000000   1.0104787349195892E+07
    7500.0000000000000000   1.0466878622563001E+07
    7600.0000000000000000   1.0847333465091327E+07
    7700.0000000000000000   1.1248218251150476E+07
    7800.0000000000000000   1.1689103468571706E+07
    7900.0000000000000000   1.2095032916678643E+07
    8000.0000000000000000   1.2510786122649312E+07
    8100.0000000000000000   1.2982086179407787E+07
    8200.0000000000000000   1.3423537658307467E+07
    8300.0000000000000000   1.3931748107883120E+07
    8400.0000000000000000   1.4384188991250793E+07
    8500.0000000000000000   1.4862515057952950E+07
    8600.0000000000000000   1.5398133674793614E+07
    8700.0000000000000000   1.5896988377739556E+07
    8800.0000000000000000   1.6473636100584984E+07
    8900.0000000000000000   1.6953814850682959E+07
    9000.0000000000000000   1.7560097922435593E+07
    9100.0000000000000000   1.8062847769595783E+07
    9200.0000000000000000   1.8614190944623534E+07
    9300.0000000000000000   1.9240299789692447E+07
    9400.0000000000000000   1.9789345787690863E+07
    9500.0000000000000000   2.0449006271997459E+07
    9600.0000000000000000   2.1004186655352052E+07
    9700.0000000000000000   2.1686881347331997E+07
    9800.0000000000000000   2.2291267474155940E+07
    9900.0000000000000000   2.3008994277015571E+07
   10000.0000000000000000   2.3630889432281006E+07
   11000.0000000000000000   3.1126873970044542E+07
   12000.0000000000000000   4.0148116109924458E+07
   13000.0000000000000000   5.0607893995000936E+07
   14000.0000000000000000   6.3110105226238355E+07
   15000.0000000000000000   7.7414988696437657E+07
   16000.0000000000000000   9.3548870993272409E+07
   17000.0000000000000000   1.1208334063913459E+08
   18000.0000000000000000   1.3323497967567191E+08
   19000.0000000000000000   1.5662588473862472E+08
   20000.0000000000000000   1.8273106008724281E+08
   20005.9989999999997963   1.8290311707256404E+08
   20006.0010000000002037   1.8290317448848194E+08
   21000.0000000000000000   2.1210738632212320E+08
   22000.0000000000000000   2.4423831412656265E+08
   23000.0000000000000000   2.7966450176718831E+08
   24000.0000000000000000   3.1886972635607624E+08
   25000.0000000000000000   3.6084339111812431E+08
   26000.0000000000000000   4.0920961117510438E+08
   27000.0000000000000000   4.5723950399613786E+08
   28000.0000000000000000   5.1435320109357232E+08
   29000.0000000000000000   5.6981830848686850E+08
   30000.0000000000000000   6.3456259720847678E+08
   31000.0000000000000000   7.0174890829509258E+08
   32000.0000000000000000   7.7581966404719234E+08
   33000.0000000000000000   8.5132447476801097E+08
   34000.0000000000000000   9.3698761270256495E+08
   35000.0000000000000000   1.0247777070532510E+09
   36000.0000000000000000   1.1156258359950924E+09
   37000.0000000000000000   1.2181059203897610E+09
   38000.0000000000000000   1.3276029781224203E+09
   39000.0000000000000000   1.4349396276096303E+09
   40000.0000000000000000   1.5525931534636307E+09
   41000.0000000000000000   1.6830043075267341E+09
   42000.0000000000000000   1.8179570921298184E+09
   43000.0000000000000000   1.9477693185672524E+09
   44000.0000000000000000   2.0961344343347266E+09
   45000.0000000000000000   2.2476597966107378E+09
   46000.0000000000000000   2.4090419149917011E+09
   47000.0000000000000000   2.5798029642218947E+09
   48000.0000000000000000   2.7551395373538399E+09
   49000.0000000000000000   2.9373323465203257E+09
   50000.0000000000000000   3.1334394447283368E+09
