       0.1000000000000000   1.0000000000000000E+30
       0.2000000000000000   1.0000000000000000E+30
       0.3000000000000000   1.0000000000000000E+30
       0.4000000000000000   1.0000000000000000E+30
       0.5000000000000000   1.0000000000000000E+30
       0.6000000000000000   1.0000000000000000E+30
       0.7000000000000000   1.0000000000000000E+30
       0.7999999999999999   1.0000000000000000E+30
       0.8999999999999999   1.0000000000000000E+30
       0.9999999999999999   1.0000000000000000E+30
       2.0000000000000000   1.0000000000000000E+30
       3.0000000000000000   1.0000000000000000E+30
       4.0000000000000000   1.0000000000000000E+30
       5.0000000000000000   1.0000000000000000E+30
       6.0000000000000000   1.0000000000000000E+30
       7.0000000000000000   1.0000000000000000E+30
       8.0000000000000000   1.0000000000000000E+30
       9.0000000000000000   1.0000000000000000E+30
      10.0000000000000000   1.0000000000000000E+30
      11.0000000000000000   1.0000000000000000E+30
      12.0000000000000000   1.0000000000000000E+30
      13.0000000000000000   1.0000000000000000E+30
      14.0000000000000000   1.0000000000000000E+30
      15.0000000000000000   1.0000000000000000E+30
      16.0000000000000000   1.0000000000000000E+30
      17.0000000000000000   1.0000000000000000E+30
      18.0000000000000000   1.0000000000000000E+30
      19.0000000000000000   1.0000000000000000E+30
      20.0000000000000000   1.0000000000000000E+30
      21.0000000000000000   1.0000000000000000E+30
      22.0000000000000000   1.0000000000000000E+30
      23.0000000000000000   1.0000000000000000E+30
      24.0000000000000000   1.0000000000000000E+30
      25.0000000000000000   1.0000000000000000E+30
      26.0000000000000000   1.0000000000000000E+30
      27.0000000000000000   1.0000000000000000E+30
      28.0000000000000000   1.0000000000000000E+30
      29.0000000000000000   1.0000000000000000E+30
      30.0000000000000000   1.0000000000000000E+30
      31.0000000000000000   1.0000000000000000E+30
      32.0000000000000000   1.0000000000000000E+30
      33.0000000000000000   1.0000000000000000E+30
      34.0000000000000000   1.0000000000000000E+30
      35.0000000000000000   1.0000000000000000E+30
      36.0000000000000000   1.0000000000000000E+30
      37.0000000000000000   1.0000000000000000E+30
      38.0000000000000000   1.0000000000000000E+30
      39.0000000000000000   1.0000000000000000E+30
      40.0000000000000000   1.0000000000000000E+30
      41.0000000000000000   1.0000000000000000E+30
      41.9990000000000023   1.0000000000000000E+30
      42.0000000000000000   1.0000000000000000E+30
      42.0009999999999977   1.0000000000000000E+30
      43.0000000000000000   1.0000000000000000E+30
      44.0000000000000000   1.0000000000000000E+30
      44.9990000000000023   1.0000000000000000E+30
      45.0000000000000000   1.0000000000000000E+30
      45.0009999999999977   1.0000000000000000E+30
      46.0000000000000000   1.0000000000000000E+30
      47.0000000000000000   1.0000000000000000E+30
      48.0000000000000000   1.0000000000000000E+30
      49.0000000000000000   1.0000000000000000E+30
      50.0000000000000000   1.0000000000000000E+30
      51.0000000000000000   1.0000000000000000E+30
      52.0000000000000000   1.0000000000000000E+30
      53.0000000000000000   1.0000000000000000E+30
      54.0000000000000000   1.0000000000000000E+30
      55.0000000000000000   1.0000000000000000E+30
      56.0000000000000000   1.0000000000000000E+30
      57.0000000000000000   1.0000000000000000E+30
      58.0000000000000000   1.0000000000000000E+30
      59.0000000000000000   1.0000000000000000E+30
      60.0000000000000000   1.0000000000000000E+30
      61.0000000000000000   1.0000000000000000E+30
      62.0000000000000000   1.0000000000000000E+30
      63.0000000000000000   1.0000000000000000E+30
      64.0000000000000000   1.0000000000000000E+30
      65.0000000000000000   1.0000000000000000E+30
      66.0000000000000000   1.0000000000000000E+30
      67.0000000000000000   1.0000000000000000E+30
      67.9989999999999952   1.0000000000000000E+30
      68.0000000000000000   1.0000000000000000E+30
      68.0010000000000048   1.0000000000000000E+30
      69.0000000000000000   1.0000000000000000E+30
      70.0000000000000000   1.0000000000000000E+30
      71.0000000000000000   1.0000000000000000E+30
      72.0000000000000000   1.0000000000000000E+30
      73.0000000000000000   1.0000000000000000E+30
      74.0000000000000000   1.0000000000000000E+30
      75.0000000000000000   1.0000000000000000E+30
      76.0000000000000000   1.0000000000000000E+30
      77.0000000000000000   1.0000000000000000E+30
      78.0000000000000000   1.0000000000000000E+30
      79.0000000000000000   1.0000000000000000E+30
      80.0000000000000000   1.0000000000000000E+30
      81.0000000000000000   1.0000000000000000E+30
      82.0000000000000000   1.0000000000000000E+30
      83.0000000000000000   1.0000000000000000E+30
      84.0000000000000000   1.0000000000000000E+30
      85.0000000000000000   1.0000000000000000E+30
      86.0000000000000000   1.0000000000000000E+30
      87.0000000000000000   1.0000000000000000E+30
      88.0000000000000000   1.0000000000000000E+30
      89.0000000000000000   1.0000000000000000E+30
      90.0000000000000000   1.0000000000000000E+30
      91.0000000000000000   1.0000000000000000E+30
      92.0000000000000000   1.0000000000000000E+30
      93.0000000000000000   1.0000000000000000E+30
      94.0000000000000000   1.0000000000000000E+30
      95.0000000000000000   1.0000000000000000E+30
      96.0000000000000000   1.0000000000000000E+30
      97.0000000000000000   1.0000000000000000E+30
      98.0000000000000000   1.0000000000000000E+30
      99.0000000000000000   1.0000000000000000E+30
     100.0000000000000000   1.0000000000000000E+30
     103.9989999999999952   1.0000000000000000E+30
     104.0010000000000048   5.8766630747972104E+03
     110.0000000000000000   9.7974190517542036E+02
     120.0000000000000000   6.4516640627124843E+02
     130.0000000000000000   6.5610870808980405E+02
     140.0000000000000000   6.8383804110296353E+02
     150.0000000000000000   7.2045317208683969E+02
     153.9989999999999952   7.3829195855550347E+02
     154.0010000000000048   7.4158182180265783E+02
     160.0000000000000000   7.8000518592164440E+02
     167.9989999999999952   8.4361316214245755E+02
     168.0010000000000048   8.4363046081097025E+02
     169.9989999999999952   8.6127360384481528E+02
     170.0000000000000000   8.6128261901442454E+02
     170.0010000000000048   8.6129163437276361E+02
     180.0000000000000000   9.5345852600546380E+02
     190.0000000000000000   1.0553214829628123E+03
     200.0000000000000000   1.1619483876262902E+03
     210.0000000000000000   1.2814987571531528E+03
     220.0000000000000000   1.4200872003148104E+03
     230.0000000000000000   1.5617558062435655E+03
     231.9989999999999952   1.5948520721475043E+03
     232.0010000000000048   1.5948858874038917E+03
     233.9989999999999952   1.6293990879249666E+03
     234.0010000000000048   1.6294343840482607E+03
     236.9989999999999952   1.6841201427735168E+03
     237.0010000000000048   1.6841578494735872E+03
     240.0000000000000000   1.7213054077707664E+03
     250.0000000000000000   1.8950702404540414E+03
     260.0000000000000000   2.0858986720962725E+03
     270.0000000000000000   2.2789925388258480E+03
     280.0000000000000000   2.4812156362272240E+03
     290.0000000000000000   2.7030836194687399E+03
     300.0000000000000000   2.9344996662563335E+03
     310.0000000000000000   3.1964058147660699E+03
     320.0000000000000000   3.4345972651961274E+03
     330.0000000000000000   3.7178678209841555E+03
     340.0000000000000000   4.0196334426400717E+03
     350.0000000000000000   4.3314514042510164E+03
     360.0000000000000000   4.6531493616312810E+03
     370.0000000000000000   4.9931155515944856E+03
     380.0000000000000000   5.3564633435181895E+03
     390.0000000000000000   5.7228554044997381E+03
     398.9990000000000236   6.0747396658407697E+03
     399.0009999999999764   6.0748229369410856E+03
     400.0000000000000000   6.1167041837933712E+03
     410.0000000000000000   6.5266374595553125E+03
     415.9990000000000236   6.8039286785652430E+03
     416.0009999999999764   6.8040250534042370E+03
     420.0000000000000000   6.9632966121959007E+03
     430.0000000000000000   7.4200995975936103E+03
     440.0000000000000000   7.9035371455985505E+03
     450.0000000000000000   8.4009577043096106E+03
     460.0000000000000000   8.8912806776276720E+03
     470.0000000000000000   9.4806540134812967E+03
     480.0000000000000000   9.9926682853625098E+03
     490.0000000000000000   1.0583319354697824E+04
     500.0000000000000000   1.1188470146905163E+04
     510.0000000000000000   1.1810657241570032E+04
     510.9989999999999668   1.1878717583891259E+04
     511.0009999999999195   1.1878854627611005E+04
     520.0000000000000000   1.2480366931013128E+04
     530.0000000000000000   1.3175660778713083E+04
     540.0000000000000000   1.3871578412429484E+04
     550.0000000000000000   1.4598788649448565E+04
     560.0000000000000000   1.5361975693186036E+04
     570.0000000000000000   1.6136952906467122E+04
     580.0000000000000000   1.6933150032754213E+04
     590.0000000000000000   1.7790594956297162E+04
     600.0000000000000000   1.8739508564033407E+04
     610.0000000000000000   1.9620551305953897E+04
     620.0000000000000000   2.0538775393091171E+04
     630.0000000000000000   2.1508239617143216E+04
     640.0000000000000000   2.2487931346551526E+04
     650.0000000000000000   2.3492502261439469E+04
     660.0000000000000000   2.4626557729418768E+04
     670.0000000000000000   2.5736518009930132E+04
     680.0000000000000000   2.6875161433127581E+04
     690.0000000000000000   2.7996794025794668E+04
     700.0000000000000000   2.9323947721393324E+04
     710.0000000000000000   3.0499081377206396E+04
     720.0000000000000000   3.1759322526832129E+04
     730.0000000000000000   3.3026147271364818E+04
     740.0000000000000000   3.4503293739100620E+04
     750.0000000000000000   3.5793608284259055E+04
     760.0000000000000000   3.7227372299553113E+04
     770.0000000000000000   3.8697925607100107E+04
     780.0000000000000000   4.0361860408778317E+04
     790.0000000000000000   4.1814086750709044E+04
     800.0000000000000000   4.3348354895548895E+04
     810.0000000000000000   4.4973299566735921E+04
     820.0000000000000000   4.6764610930131021E+04
     830.0000000000000000   4.8410493073915553E+04
     840.0000000000000000   5.0350415951155235E+04
     850.0000000000000000   5.2016642203543503E+04
     860.0000000000000000   5.3849096732409831E+04
     870.0000000000000000   5.5929995876026522E+04
     880.0000000000000000   5.7816901937144838E+04
     890.0000000000000000   5.9793549603823056E+04
     900.0000000000000000   6.2037493260877185E+04
     910.0000000000000000   6.3961433979627160E+04
     920.0000000000000000   6.6331989278135981E+04
     930.0000000000000000   6.8358929807681125E+04
     940.0000000000000000   7.0565833874086689E+04
     950.0000000000000000   7.3031307282995476E+04
     960.0000000000000000   7.5240739893731734E+04
     970.0000000000000000   7.7850640373235205E+04
     980.0000000000000000   8.0100867047191859E+04
     990.0000000000000000   8.2814442261849530E+04
    1000.0000000000000000   8.5315042650059549E+04
    1100.0000000000000000   1.1479655057687173E+05
    1200.0000000000000000   1.5080516841432158E+05
    1300.0000000000000000   1.9472571447740780E+05
    1400.0000000000000000   2.4638317769970113E+05
    1500.0000000000000000   3.0769342955807189E+05
    1600.0000000000000000   3.7953747019142733E+05
    1700.0000000000000000   4.6266000963934220E+05
    1800.0000000000000000   5.5904255684132851E+05
    1843.9990000000000236   6.0532526463907433E+05
    1844.0009999999999764   6.0532753675916768E+05
    1900.0000000000000000   6.7004062397835334E+05
    2000.0000000000000000   7.9497939833114552E+05
    2100.0000000000000000   9.3602481779496686E+05
    2200.0000000000000000   1.0940188580952056E+06
    2300.0000000000000000   1.2751123701541217E+06
    2400.0000000000000000   1.4774198062582922E+06
    2475.9989999999997963   1.6373977533140501E+06
    2476.0010000000002037   1.6374025084180338E+06
    2500.0000000000000000   1.6965216873898455E+06
    2526.9989999999997963   1.7559203874996123E+06
    2527.0010000000002037   1.7559254547806496E+06
    2600.0000000000000000   1.9355697651467829E+06
    2631.9989999999997963   2.0243459199764999E+06
    2632.0010000000002037   2.0243517231701356E+06
    2700.0000000000000000   2.2035685843790518E+06
    2800.0000000000000000   2.5016670407104492E+06
    2871.9989999999997963   2.7316428988205167E+06
    2872.0010000000002037   2.7316497986129806E+06
    2900.0000000000000000   2.8317845529560894E+06
    3000.0000000000000000   3.1831348183056153E+06
    3100.0000000000000000   3.5703909614911373E+06
    3200.0000000000000000   3.9856909030575650E+06
    3300.0000000000000000   4.4415644755867962E+06
    3400.0000000000000000   4.9308028565678122E+06
    3500.0000000000000000   5.4612554650336243E+06
    3600.0000000000000000   6.0455795599981518E+06
    3700.0000000000000000   6.6831775309390686E+06
    3800.0000000000000000   7.3256013706327258E+06
    3900.0000000000000000   8.0303849081257721E+06
    4000.0000000000000000   8.8266279209684096E+06
    4100.0000000000000000   9.6066902186711058E+06
    4200.0000000000000000   1.0459957613478903E+07
    4300.0000000000000000   1.1393575229770824E+07
    4400.0000000000000000   1.2401590112856286E+07
    4500.0000000000000000   1.3412567561490683E+07
    4600.0000000000000000   1.4546817229363339E+07
    4700.0000000000000000   1.5775827239223730E+07
    4800.0000000000000000   1.6948814092783913E+07
    4900.0000000000000000   1.8299092773871284E+07
    5000.0000000000000000   1.9722019389404047E+07
    5100.0000000000000000   2.1210079900851198E+07
    5200.0000000000000000   2.2798277123386681E+07
    5300.0000000000000000   2.4318665397443216E+07
    5400.0000000000000000   2.6071146426380761E+07
    5500.0000000000000000   2.7938644049839418E+07
    5600.0000000000000000   2.9847568074241631E+07
    5700.0000000000000000   3.1746485521712862E+07
    5800.0000000000000000   3.3839903162015162E+07
    5900.0000000000000000   3.6025592754112229E+07
    6000.0000000000000000   3.8543598036303908E+07
    6100.0000000000000000   4.0962996560938463E+07
    6200.0000000000000000   4.3466745345324047E+07
    6300.0000000000000000   4.5943853182412982E+07
    6400.0000000000000000   4.8737316884414852E+07
    6500.0000000000000000   5.1903674007723436E+07
    6600.0000000000000000   5.4863988315472990E+07
    6700.0000000000000000   5.7743949638467036E+07
    6800.0000000000000000   6.0985771242912836E+07
    6900.0000000000000000   6.4665140144690685E+07
    7000.0000000000000000   6.7950237223107904E+07
    7100.0000000000000000   7.1927587077714965E+07
    7200.0000000000000000   7.5709252281965405E+07
    7300.0000000000000000   7.9622967811030790E+07
    7400.0000000000000000   8.3753181225693613E+07
    7500.0000000000000000   8.8075917026638597E+07
    7600.0000000000000000   9.2585731564941272E+07
    7700.0000000000000000   9.7655657755516961E+07
    7800.0000000000000000   1.0228556631416547E+08
    7900.0000000000000000   1.0715345283377460E+08
    8000.0000000000000000   1.1233304898658952E+08
    8100.0000000000000000   1.1759176078815497E+08
    8200.0000000000000000   1.2364334161152947E+08
    8300.0000000000000000   1.2911797240206315E+08
    8400.0000000000000000   1.3489754957952094E+08
    8500.0000000000000000   1.4166566582515919E+08
    8600.0000000000000000   1.4772620263661215E+08
    8700.0000000000000000   1.5418850191873559E+08
    8800.0000000000000000   1.6096557595476729E+08
    8900.0000000000000000   1.6801281346468920E+08
    9000.0000000000000000   1.7575833245259562E+08
    9100.0000000000000000   1.8288987549260354E+08
    9200.0000000000000000   1.9138378757405517E+08
    9300.0000000000000000   1.9892865545472479E+08
    9400.0000000000000000   2.0706079971272203E+08
    9500.0000000000000000   2.1528573550650743E+08
    9600.0000000000000000   2.2468996555354753E+08
    9700.0000000000000000   2.3318734446860635E+08
    9800.0000000000000000   2.4252290403557715E+08
    9900.0000000000000000   2.5288542090010664E+08
   10000.0000000000000000   2.6218922009888759E+08
   11000.0000000000000000   3.7918408309314942E+08
   12000.0000000000000000   5.2911441212396920E+08
   13000.0000000000000000   7.2398525430632401E+08
   14000.0000000000000000   9.6352085935833502E+08
   15000.0000000000000000   1.2668014902027366E+09
   16000.0000000000000000   1.6292392219194336E+09
   17000.0000000000000000   2.0711014836569715E+09
   18000.0000000000000000   2.5901563156783910E+09
   19000.0000000000000000   3.2275699143371067E+09
   20000.0000000000000000   3.9410497274831691E+09
   20005.9989999999997963   3.9461865286889944E+09
   20006.0010000000002037   3.9461882434743910E+09
   21000.0000000000000000   4.7871233498609381E+09
   22000.0000000000000000   5.7529172185164175E+09
   23000.0000000000000000   6.8558076619345770E+09
   24000.0000000000000000   8.1272034768114529E+09
   25000.0000000000000000   9.5864735820864677E+09
   26000.0000000000000000   1.1172059309986631E+10
   27000.0000000000000000   1.2992865188736130E+10
   28000.0000000000000000   1.5048279529273806E+10
   29000.0000000000000000   1.7292338435933861E+10
   30000.0000000000000000   1.9810472878028969E+10
   31000.0000000000000000   2.2607528908014206E+10
   32000.0000000000000000   2.5639911494275494E+10
   33000.0000000000000000   2.9145986679503056E+10
   34000.0000000000000000   3.2763023647671112E+10
   35000.0000000000000000   3.6745538408875160E+10
   36000.0000000000000000   4.1107294759216499E+10
   37000.0000000000000000   4.5863943580561333E+10
   38000.0000000000000000   5.1033402568432747E+10
   39000.0000000000000000   5.6636410473874557E+10
   40000.0000000000000000   6.2697269225468124E+10
   41000.0000000000000000   6.9244741372218658E+10
   42000.0000000000000000   7.6313195398624863E+10
   43000.0000000000000000   8.3771574859283676E+10
   44000.0000000000000000   9.1963863806754501E+10
   45000.0000000000000000   1.0081122916905888E+11
   46000.0000000000000000   1.0978599361481580E+11
   47000.0000000000000000   1.1988473751596541E+11
   48000.0000000000000000   1.3026531039103207E+11
   49000.0000000000000000   1.4143552615143423E+11
   50000.0000000000000000   1.5373646331077591E+11
