       0.1000000000000000   1.0000000000000000E+30
       0.2000000000000000   1.0000000000000000E+30
       0.3000000000000000   1.0000000000000000E+30
       0.4000000000000000   1.0000000000000000E+30
       0.5000000000000000   1.0000000000000000E+30
       0.6000000000000000   1.0000000000000000E+30
       0.7000000000000000   1.0000000000000000E+30
       0.7999999999999999   1.0000000000000000E+30
       0.8999999999999999   1.0000000000000000E+30
       0.9999999999999999   1.0000000000000000E+30
       2.0000000000000000   1.0000000000000000E+30
       3.0000000000000000   1.0000000000000000E+30
       4.0000000000000000   1.0000000000000000E+30
       5.0000000000000000   1.0000000000000000E+30
       6.0000000000000000   1.0000000000000000E+30
       7.0000000000000000   1.0000000000000000E+30
       8.0000000000000000   1.0000000000000000E+30
       9.0000000000000000   1.0000000000000000E+30
      10.0000000000000000   1.0000000000000000E+30
      11.0000000000000000   1.0000000000000000E+30
      12.0000000000000000   1.0000000000000000E+30
      13.0000000000000000   1.0000000000000000E+30
      14.0000000000000000   1.0000000000000000E+30
      15.0000000000000000   1.0000000000000000E+30
      16.0000000000000000   1.0000000000000000E+30
      17.0000000000000000   1.0000000000000000E+30
      18.0000000000000000   1.0000000000000000E+30
      19.0000000000000000   1.0000000000000000E+30
      20.0000000000000000   1.0000000000000000E+30
      21.0000000000000000   1.0000000000000000E+30
      22.0000000000000000   1.0000000000000000E+30
      23.0000000000000000   1.0000000000000000E+30
      24.0000000000000000   1.0000000000000000E+30
      25.0000000000000000   1.0000000000000000E+30
      26.0000000000000000   1.0000000000000000E+30
      27.0000000000000000   1.0000000000000000E+30
      28.0000000000000000   1.0000000000000000E+30
      29.0000000000000000   1.0000000000000000E+30
      30.0000000000000000   1.0000000000000000E+30
      31.0000000000000000   1.0000000000000000E+30
      32.0000000000000000   1.0000000000000000E+30
      33.0000000000000000   1.0000000000000000E+30
      34.0000000000000000   1.0000000000000000E+30
      35.0000000000000000   1.0000000000000000E+30
      36.0000000000000000   1.0000000000000000E+30
      37.0000000000000000   1.0000000000000000E+30
      38.0000000000000000   1.0000000000000000E+30
      39.0000000000000000   1.0000000000000000E+30
      40.0000000000000000   1.0000000000000000E+30
      41.0000000000000000   1.0000000000000000E+30
      41.9990000000000023   1.0000000000000000E+30
      42.0000000000000000   1.0000000000000000E+30
      42.0009999999999977   1.0000000000000000E+30
      43.0000000000000000   1.0000000000000000E+30
      44.0000000000000000   1.0000000000000000E+30
      44.9990000000000023   1.0000000000000000E+30
      45.0000000000000000   1.0000000000000000E+30
      45.0009999999999977   1.0000000000000000E+30
      46.0000000000000000   1.0000000000000000E+30
      47.0000000000000000   1.0000000000000000E+30
      48.0000000000000000   1.0000000000000000E+30
      49.0000000000000000   1.0000000000000000E+30
      50.0000000000000000   1.0000000000000000E+30
      51.0000000000000000   1.0000000000000000E+30
      52.0000000000000000   1.0000000000000000E+30
      53.0000000000000000   1.0000000000000000E+30
      54.0000000000000000   1.0000000000000000E+30
      55.0000000000000000   1.0000000000000000E+30
      56.0000000000000000   1.0000000000000000E+30
      57.0000000000000000   1.0000000000000000E+30
      58.0000000000000000   1.0000000000000000E+30
      59.0000000000000000   1.0000000000000000E+30
      60.0000000000000000   1.0000000000000000E+30
      61.0000000000000000   1.0000000000000000E+30
      62.0000000000000000   1.0000000000000000E+30
      63.0000000000000000   1.0000000000000000E+30
      64.0000000000000000   1.0000000000000000E+30
      65.0000000000000000   1.0000000000000000E+30
      66.0000000000000000   1.0000000000000000E+30
      67.0000000000000000   1.0000000000000000E+30
      67.9989999999999952   1.0000000000000000E+30
      68.0000000000000000   1.0000000000000000E+30
      68.0010000000000048   1.0000000000000000E+30
      69.0000000000000000   1.0000000000000000E+30
      70.0000000000000000   1.0000000000000000E+30
      71.0000000000000000   1.0000000000000000E+30
      72.0000000000000000   1.0000000000000000E+30
      73.0000000000000000   1.0000000000000000E+30
      74.0000000000000000   1.0000000000000000E+30
      75.0000000000000000   1.0000000000000000E+30
      76.0000000000000000   1.0000000000000000E+30
      77.0000000000000000   1.0000000000000000E+30
      78.0000000000000000   1.0000000000000000E+30
      79.0000000000000000   1.0000000000000000E+30
      80.0000000000000000   1.0000000000000000E+30
      81.0000000000000000   1.0000000000000000E+30
      82.0000000000000000   1.0000000000000000E+30
      83.0000000000000000   1.0000000000000000E+30
      84.0000000000000000   1.0000000000000000E+30
      85.0000000000000000   1.0000000000000000E+30
      86.0000000000000000   1.0000000000000000E+30
      87.0000000000000000   1.0000000000000000E+30
      88.0000000000000000   1.0000000000000000E+30
      89.0000000000000000   1.0000000000000000E+30
      90.0000000000000000   1.0000000000000000E+30
      91.0000000000000000   1.0000000000000000E+30
      92.0000000000000000   1.0000000000000000E+30
      93.0000000000000000   1.0000000000000000E+30
      94.0000000000000000   1.0000000000000000E+30
      95.0000000000000000   1.0000000000000000E+30
      96.0000000000000000   1.0000000000000000E+30
      97.0000000000000000   1.0000000000000000E+30
      98.0000000000000000   1.0000000000000000E+30
      99.0000000000000000   1.0000000000000000E+30
     100.0000000000000000   1.0000000000000000E+30
     103.9989999999999952   1.0000000000000000E+30
     104.0010000000000048   1.5906559085392770E+04
     110.0000000000000000   2.2891856861712477E+03
     120.0000000000000000   1.3087422382671480E+03
     130.0000000000000000   1.2889546872942403E+03
     140.0000000000000000   1.3708137305050661E+03
     150.0000000000000000   1.4421879107135912E+03
     153.9989999999999952   1.4828273731631732E+03
     154.0010000000000048   1.4828472989864842E+03
     160.0000000000000000   1.5574269958132670E+03
     167.9989999999999952   1.6830152850227930E+03
     168.0010000000000048   1.6830493296000463E+03
     169.9989999999999952   1.7177620277522201E+03
     170.0000000000000000   1.7177797599890921E+03
     170.0010000000000048   1.7177974925920630E+03
     180.0000000000000000   1.8996856118275675E+03
     190.0000000000000000   2.1005044599367729E+03
     200.0000000000000000   2.3124819207443770E+03
     210.0000000000000000   2.5481354638302323E+03
     220.0000000000000000   2.8216116789252787E+03
     230.0000000000000000   3.1038367543202248E+03
     231.9989999999999952   3.1700943014245217E+03
     232.0010000000000048   3.1701620086692542E+03
     233.9989999999999952   3.2392776955507434E+03
     234.0010000000000048   3.2393483903298547E+03
     236.9989999999999952   3.3180022306089095E+03
     237.0010000000000048   3.3180695585608314E+03
     240.0000000000000000   3.4221982386853042E+03
     250.0000000000000000   3.7690350890206955E+03
     260.0000000000000000   4.1207554649773529E+03
     270.0000000000000000   4.5226620549879008E+03
     280.0000000000000000   4.9234133238441464E+03
     290.0000000000000000   5.3415443123938885E+03
     300.0000000000000000   5.8142308267119570E+03
     310.0000000000000000   6.3223616614680641E+03
     320.0000000000000000   6.8050512004449529E+03
     330.0000000000000000   7.3662563368278952E+03
     340.0000000000000000   7.9665670136752460E+03
     350.0000000000000000   8.5920536929687751E+03
     360.0000000000000000   9.2022160431157863E+03
     370.0000000000000000   9.9089217346093519E+03
     380.0000000000000000   1.0582430404417295E+04
     390.0000000000000000   1.1339944900164212E+04
     398.9990000000000236   1.2040728073504421E+04
     399.0009999999999764   1.2040899866676757E+04
     400.0000000000000000   1.2127327726241792E+04
     410.0000000000000000   1.2941031762045386E+04
     415.9990000000000236   1.3430665318113714E+04
     416.0009999999999764   1.3430849989415417E+04
     420.0000000000000000   1.3810544297861863E+04
     430.0000000000000000   1.4659527405260718E+04
     440.0000000000000000   1.5589628148945481E+04
     450.0000000000000000   1.6551449498394781E+04
     460.0000000000000000   1.7606841135147373E+04
     470.0000000000000000   1.8672057434541406E+04
     480.0000000000000000   1.9782664738287560E+04
     490.0000000000000000   2.0959116613082868E+04
     500.0000000000000000   2.2161264002056356E+04
     510.0000000000000000   2.3326757033857859E+04
     510.9989999999999668   2.3459772889038184E+04
     511.0009999999999195   2.3460040708611552E+04
     520.0000000000000000   2.4642589263648370E+04
     530.0000000000000000   2.5974287655142838E+04
     540.0000000000000000   2.7365425638567318E+04
     550.0000000000000000   2.8928488553233230E+04
     560.0000000000000000   3.0357354393565387E+04
     570.0000000000000000   3.1824828218199054E+04
     580.0000000000000000   3.3457229194437845E+04
     590.0000000000000000   3.5279029444731743E+04
     600.0000000000000000   3.6953237588135649E+04
     610.0000000000000000   3.8695199214937304E+04
     620.0000000000000000   4.0540834824370264E+04
     630.0000000000000000   4.2404080327760530E+04
     640.0000000000000000   4.4309251234225645E+04
     650.0000000000000000   4.6353101741192659E+04
     660.0000000000000000   4.8463076970334281E+04
     670.0000000000000000   5.0784147696980981E+04
     680.0000000000000000   5.2908399401957300E+04
     690.0000000000000000   5.5459844342963253E+04
     700.0000000000000000   5.7685361315338210E+04
     710.0000000000000000   6.0084911148470470E+04
     720.0000000000000000   6.2496612572831516E+04
     730.0000000000000000   6.5312655129457395E+04
     740.0000000000000000   6.7769968363055043E+04
     750.0000000000000000   7.0519219521374267E+04
     760.0000000000000000   7.3629654364318412E+04
     770.0000000000000000   7.6321881556783119E+04
     780.0000000000000000   7.9175118767768174E+04
     790.0000000000000000   8.2203718624769099E+04
     800.0000000000000000   8.5545253558448152E+04
     810.0000000000000000   8.8610647258964847E+04
     820.0000000000000000   9.2230797865034969E+04
     830.0000000000000000   9.5336599527545084E+04
     840.0000000000000000   9.8771433097591915E+04
     850.0000000000000000   1.0265767136992494E+05
     860.0000000000000000   1.0620959944338036E+05
     870.0000000000000000   1.0991892262835495E+05
     880.0000000000000000   1.1415123951387346E+05
     890.0000000000000000   1.1776541115855140E+05
     900.0000000000000000   1.2163858471434515E+05
     910.0000000000000000   1.2603818865184076E+05
     920.0000000000000000   1.3015333977181280E+05
     930.0000000000000000   1.3487915351784392E+05
     940.0000000000000000   1.3899226045660902E+05
     950.0000000000000000   1.4324024195121950E+05
     960.0000000000000000   1.4815496420747202E+05
     970.0000000000000000   1.5282387110361960E+05
     980.0000000000000000   1.5763927809478427E+05
     990.0000000000000000   1.6291738729296843E+05
    1000.0000000000000000   1.6793085868487114E+05
    1100.0000000000000000   2.2588476948113384E+05
    1200.0000000000000000   2.9581436832716083E+05
    1300.0000000000000000   3.8154675346497382E+05
    1400.0000000000000000   4.8290978345817502E+05
    1500.0000000000000000   6.0312418441643484E+05
    1600.0000000000000000   7.4346239728592010E+05
    1700.0000000000000000   9.0741732073850126E+05
    1800.0000000000000000   1.0943977020006957E+06
    1843.9990000000000236   1.1881771829792212E+06
    1844.0009999999999764   1.1881818380555108E+06
    1900.0000000000000000   1.3098622315485855E+06
    2000.0000000000000000   1.5578818509218232E+06
    2100.0000000000000000   1.8316506114837702E+06
    2200.0000000000000000   2.1471346532523534E+06
    2300.0000000000000000   2.4932584017304061E+06
    2400.0000000000000000   2.8754176428240943E+06
    2475.9989999999997963   3.1969809292082000E+06
    2476.0010000000002037   3.1969902386617926E+06
    2500.0000000000000000   3.3127440164995091E+06
    2526.9989999999997963   3.4276463233110681E+06
    2527.0010000000002037   3.4276561884459970E+06
    2600.0000000000000000   3.7950212377879079E+06
    2631.9989999999997963   3.9512507154483469E+06
    2632.0010000000002037   3.9512620518863099E+06
    2700.0000000000000000   4.3112209314799448E+06
    2800.0000000000000000   4.8859357405852210E+06
    2871.9989999999997963   5.3266877088322705E+06
    2872.0010000000002037   5.3267012110686572E+06
    2900.0000000000000000   5.5226808449775167E+06
    3000.0000000000000000   6.2089281847687997E+06
    3100.0000000000000000   6.9643949673122950E+06
    3200.0000000000000000   7.7795979303193642E+06
    3300.0000000000000000   8.6609763579063863E+06
    3400.0000000000000000   9.5997659065680187E+06
    3500.0000000000000000   1.0668452859153470E+07
    3600.0000000000000000   1.1763754168092344E+07
    3700.0000000000000000   1.2965467067351013E+07
    3800.0000000000000000   1.4293796211295662E+07
    3900.0000000000000000   1.5644242128363544E+07
    4000.0000000000000000   1.7072148473261181E+07
    4100.0000000000000000   1.8685511442487817E+07
    4200.0000000000000000   2.0325172867121849E+07
    4300.0000000000000000   2.2161565187459126E+07
    4400.0000000000000000   2.4019187948187038E+07
    4500.0000000000000000   2.6072527046013020E+07
    4600.0000000000000000   2.8170279869664222E+07
    4700.0000000000000000   3.0453967448939580E+07
    4800.0000000000000000   3.2884063588803560E+07
    4900.0000000000000000   3.5454367304383725E+07
    5000.0000000000000000   3.8190284882686101E+07
    5100.0000000000000000   4.0959534520792030E+07
    5200.0000000000000000   4.4030760338977866E+07
    5300.0000000000000000   4.7218885047256917E+07
    5400.0000000000000000   5.0589400173269682E+07
    5500.0000000000000000   5.4048991131363519E+07
    5600.0000000000000000   5.7625851333386421E+07
    5700.0000000000000000   6.1474865599545941E+07
    5800.0000000000000000   6.5525526725636549E+07
    5900.0000000000000000   6.9800028338657171E+07
    6000.0000000000000000   7.4309998054359481E+07
    6100.0000000000000000   7.9081036632378921E+07
    6200.0000000000000000   8.3901760733747572E+07
    6300.0000000000000000   8.8960408529607192E+07
    6400.0000000000000000   9.4363564587716386E+07
    6500.0000000000000000   9.9901949950619832E+07
    6600.0000000000000000   1.0558699398350860E+08
    6700.0000000000000000   1.1181486711742471E+08
    6800.0000000000000000   1.1804493157272561E+08
    6900.0000000000000000   1.2449086179049259E+08
    7000.0000000000000000   1.3129012759874882E+08
    7100.0000000000000000   1.3841808031842279E+08
    7200.0000000000000000   1.4587775242311618E+08
    7300.0000000000000000   1.5337583131295833E+08
    7400.0000000000000000   1.6209871889454120E+08
    7500.0000000000000000   1.6959998752097946E+08
    7600.0000000000000000   1.7875200167166972E+08
    7700.0000000000000000   1.8749090205287591E+08
    7800.0000000000000000   1.9644985999321181E+08
    7900.0000000000000000   2.0618438723366049E+08
    8000.0000000000000000   2.1717934555715168E+08
    8100.0000000000000000   2.2710650408489716E+08
    8200.0000000000000000   2.3734713540449840E+08
    8300.0000000000000000   2.4821954768926862E+08
    8400.0000000000000000   2.5960305346451128E+08
    8500.0000000000000000   2.7144051172494680E+08
    8600.0000000000000000   2.8449092073233694E+08
    8700.0000000000000000   2.9651645543503499E+08
    8800.0000000000000000   3.1093359914645845E+08
    8900.0000000000000000   3.2364506915211266E+08
    9000.0000000000000000   3.3737538058444709E+08
    9100.0000000000000000   3.5124431820441872E+08
    9200.0000000000000000   3.6741839644197738E+08
    9300.0000000000000000   3.8169129700285494E+08
    9400.0000000000000000   3.9750146792613041E+08
    9500.0000000000000000   4.1549159914919382E+08
    9600.0000000000000000   4.3116473809481496E+08
    9700.0000000000000000   4.4754946368807977E+08
    9800.0000000000000000   4.6682961395313710E+08
    9900.0000000000000000   4.8427047820125562E+08
   10000.0000000000000000   5.0273884160310632E+08
   11000.0000000000000000   7.2311599305771232E+08
   12000.0000000000000000   1.0107474936331224E+09
   13000.0000000000000000   1.3780630653272188E+09
   14000.0000000000000000   1.8403071445114720E+09
   15000.0000000000000000   2.4011765759835196E+09
   16000.0000000000000000   3.0903950546699991E+09
   17000.0000000000000000   3.9167961337585745E+09
   18000.0000000000000000   4.9121913091538191E+09
   19000.0000000000000000   6.0630328112122679E+09
   20000.0000000000000000   7.4275835460929070E+09
   20005.9989999999997963   7.4372219336908588E+09
   20006.0010000000002037   7.4372251511934452E+09
   21000.0000000000000000   8.9939003776848869E+09
   22000.0000000000000000   1.0787574213154865E+10
   23000.0000000000000000   1.2861275916760551E+10
   24000.0000000000000000   1.5239292726327909E+10
   25000.0000000000000000   1.7883624133370079E+10
   26000.0000000000000000   2.0879336774336033E+10
   27000.0000000000000000   2.4311899946028248E+10
   28000.0000000000000000   2.8118983698639835E+10
   29000.0000000000000000   3.2258816040052868E+10
   30000.0000000000000000   3.6879039912701294E+10
   31000.0000000000000000   4.1993518937387787E+10
   32000.0000000000000000   4.7637581985765053E+10
   33000.0000000000000000   5.3851197061304512E+10
   34000.0000000000000000   6.0436625251306664E+10
   35000.0000000000000000   6.7854758550968590E+10
   36000.0000000000000000   7.5981241323344879E+10
   37000.0000000000000000   8.4574946936042374E+10
   38000.0000000000000000   9.4326514053910660E+10
   39000.0000000000000000   1.0414306766337120E+11
   40000.0000000000000000   1.1545365550017180E+11
   41000.0000000000000000   1.2707184574880054E+11
   42000.0000000000000000   1.3972263256745428E+11
   43000.0000000000000000   1.5338500041469501E+11
   44000.0000000000000000   1.6869347804387244E+11
   45000.0000000000000000   1.8363292013045535E+11
   46000.0000000000000000   2.0070560841755118E+11
   47000.0000000000000000   2.1830898013172028E+11
   48000.0000000000000000   2.3816162707345654E+11
   49000.0000000000000000   2.5758563830455191E+11
   50000.0000000000000000   2.7920419846843811E+11
