       0.1000000000000000   8.4822982450565826E+02
       0.2000000000000000   4.3295612152675574E+02
       0.3000000000000000   2.9322556823803188E+02
       0.4000000000000000   2.2285654060419361E+02
       0.5000000000000000   1.8037925888388392E+02
       0.6000000000000000   1.5191061744167502E+02
       0.7000000000000000   1.3147881534141916E+02
       0.7999999999999999   1.1608819265973511E+02
       0.8999999999999999   1.0406954541433159E+02
       0.9999999999999999   9.4418599884675984E+01
       2.0000000000000000   5.0398254563883349E+01
       3.0000000000000000   3.5360535849761639E+01
       4.0000000000000000   2.7713625451251918E+01
       5.0000000000000000   2.3067120669360094E+01
       6.0000000000000000   1.9939292159162957E+01
       7.0000000000000000   1.7688501522991611E+01
       8.0000000000000000   1.5991013897586148E+01
       9.0000000000000000   1.4665513644087724E+01
      10.0000000000000000   1.3602406564170415E+01
      11.0000000000000000   1.2731476340225594E+01
      12.0000000000000000   1.2005616668192353E+01
      13.0000000000000000   1.1392023360255783E+01
      14.0000000000000000   1.0867135322329469E+01
      15.0000000000000000   1.0413584415226209E+01
      16.0000000000000000   1.0018280372070770E+01
      17.0000000000000000   9.6711662251101025E+00
      18.0000000000000000   9.3643851442749142E+00
      19.0000000000000000   9.0917081157810031E+00
      20.0000000000000000   8.8481317921787390E+00
      21.0000000000000000   8.6295901933094559E+00
      22.0000000000000000   8.4327442965908439E+00
      23.0000000000000000   8.2548259901622405E+00
      24.0000000000000000   8.0935206544512717E+00
      25.0000000000000000   7.9468776427440764E+00
      26.0000000000000000   7.8132412087363274E+00
      27.0000000000000000   7.6911966247469401E+00
      28.0000000000000000   7.5795277242112880E+00
      29.0000000000000000   7.4771831344858697E+00
      30.0000000000000000   7.3832491901482147E+00
      31.0000000000000000   7.2969280309920670E+00
      32.0000000000000000   7.2175197614214728E+00
      33.0000000000000000   7.1444078169359679E+00
      34.0000000000000000   7.0770468837600093E+00
      35.0000000000000000   7.0149528657770954E+00
      36.0000000000000000   6.9576945042757083E+00
      37.0000000000000000   6.9048863408094814E+00
      38.0000000000000000   6.8561827782045475E+00
      39.0000000000000000   6.8112730445083676E+00
      40.0000000000000000   6.7698769032518005E+00
      41.0000000000000000   6.7317409841000710E+00
      41.9990000000000023   6.6966692939528585E+00
      42.0000000000000000   6.6966356312880286E+00
      42.0009999999999977   6.6966019714497058E+00
      43.0000000000000000   6.6643521865993325E+00
      44.0000000000000000   6.6347006382424070E+00
      44.9990000000000023   6.6075335984808810E+00
      45.0000000000000000   6.6075075795051355E+00
      45.0009999999999977   6.6074815628305448E+00
      46.0000000000000000   6.5826144303250631E+00
      47.0000000000000000   6.5598758831520287E+00
      48.0000000000000000   6.5391585406666843E+00
      49.0000000000000000   6.5203397182657215E+00
      50.0000000000000000   6.5033063884765392E+00
      51.0000000000000000   6.4879542479535237E+00
      52.0000000000000000   6.4741868909019447E+00
      53.0000000000000000   6.4619150748194327E+00
      54.0000000000000000   6.4510560668556414E+00
      55.0000000000000000   6.4415330605603005E+00
      56.0000000000000000   6.4332746543609494E+00
      57.0000000000000000   6.4262143842308488E+00
      58.0000000000000000   6.4202903041439425E+00
      59.0000000000000000   6.4154446086121162E+00
      60.0000000000000000   6.4116232925284340E+00
      61.0000000000000000   6.4087758440305915E+00
      62.0000000000000000   6.4068549667355166E+00
      63.0000000000000000   6.4058163280934046E+00
      64.0000000000000000   6.4056183310228150E+00
      65.0000000000000000   6.4062219064027506E+00
      66.0000000000000000   6.4075903241481988E+00
      67.0000000000000000   6.4096890210345618E+00
      67.9989999999999952   6.4124823089295111E+00
      68.0000000000000000   6.4124854435029022E+00
      68.0010000000000048   6.4124885787452071E+00
      69.0000000000000000   6.4159489039789506E+00
      70.0000000000000000   6.4200504493305317E+00
      71.0000000000000000   6.4247627403572052E+00
      72.0000000000000000   6.4300599411489339E+00
      73.0000000000000000   6.4359176174482009E+00
      74.0000000000000000   6.4423126431528548E+00
      75.0000000000000000   6.4492231142098895E+00
      76.0000000000000000   6.4566282692231418E+00
      77.0000000000000000   6.4645084161611130E+00
      78.0000000000000000   6.4728448646653796E+00
      79.0000000000000000   6.4816198634074205E+00
      80.0000000000000000   6.4908165421019843E+00
      81.0000000000000000   6.5004188577684454E+00
      82.0000000000000000   6.5104115448715039E+00
      83.0000000000000000   6.5207800690295290E+00
      84.0000000000000000   6.5315105839741392E+00
      85.0000000000000000   6.5425898915471317E+00
      86.0000000000000000   6.5540054044239060E+00
      87.0000000000000000   6.5657451113909193E+00
      88.0000000000000000   6.5777975449641701E+00
      89.0000000000000000   6.5901517511678698E+00
      90.0000000000000000   6.6027972612914727E+00
      91.0000000000000000   6.6157240655137679E+00
      92.0000000000000000   6.6289225882058993E+00
      93.0000000000000000   6.6423836648161174E+00
      94.0000000000000000   6.6560985202194489E+00
      95.0000000000000000   6.6700587484138607E+00
      96.0000000000000000   6.6842562934743954E+00
      97.0000000000000000   6.6986834316706911E+00
      98.0000000000000000   6.7133327546738357E+00
      99.0000000000000000   6.7281971537620899E+00
     100.0000000000000000   6.7432698049710540E+00
     103.9989999999999952   6.8054997252389020E+00
     104.0010000000000048   6.8055315902946676E+00
     110.0000000000000000   6.9041267933428649E+00
     120.0000000000000000   7.0799674657233327E+00
     130.0000000000000000   7.2670628727818052E+00
     140.0000000000000000   7.4627613026638073E+00
     150.0000000000000000   7.6651299759036471E+00
     153.9989999999999952   7.7475892302895053E+00
     154.0010000000000048   7.7476306657534959E+00
     160.0000000000000000   7.8727303495597560E+00
     167.9989999999999952   8.0418146235299339E+00
     168.0010000000000048   8.0418571922463808E+00
     169.9989999999999952   8.0844510152218678E+00
     170.0000000000000000   8.0844723668053931E+00
     170.0010000000000048   8.0844937184218342E+00
     180.0000000000000000   8.2995171301342712E+00
     190.0000000000000000   8.5172102503216340E+00
     200.0000000000000000   8.7370351822936136E+00
     210.0000000000000000   8.9585799096258487E+00
     220.0000000000000000   9.1815127418785529E+00
     230.0000000000000000   9.4055644560405991E+00
     231.9989999999999952   9.4504664820801523E+00
     232.0010000000000048   9.4505114239659438E+00
     233.9989999999999952   9.4954252317636669E+00
     234.0010000000000048   9.4954702071599488E+00
     236.9989999999999952   9.5629243509793618E+00
     237.0010000000000048   9.5629693739040889E+00
     240.0000000000000000   9.6305149329362170E+00
     250.0000000000000000   9.8561830294263704E+00
     260.0000000000000000   1.0082418813734389E+01
     270.0000000000000000   1.0309097549468767E+01
     280.0000000000000000   1.0536114989254298E+01
     290.0000000000000000   1.0763383660097693E+01
     300.0000000000000000   1.0990829907381505E+01
     310.0000000000000000   1.1218391524730658E+01
     320.0000000000000000   1.1446015840235550E+01
     330.0000000000000000   1.1673658161090930E+01
     340.0000000000000000   1.1901280501813964E+01
     350.0000000000000000   1.2128850538489342E+01
     360.0000000000000000   1.2356340744256119E+01
     370.0000000000000000   1.2583727671162189E+01
     380.0000000000000000   1.2810991350759174E+01
     390.0000000000000000   1.3038114791706180E+01
     398.9990000000000236   1.3242371315003648E+01
     399.0009999999999764   1.3242416695769480E+01
     400.0000000000000000   1.3265083556889191E+01
     410.0000000000000000   1.3491885406173525E+01
     415.9990000000000236   1.3627859360666811E+01
     416.0009999999999764   1.3627904682010984E+01
     420.0000000000000000   1.3718509993452495E+01
     430.0000000000000000   1.3944948608916084E+01
     440.0000000000000000   1.4171193959052170E+01
     450.0000000000000000   1.4397239978312731E+01
     460.0000000000000000   1.4623081667423570E+01
     470.0000000000000000   1.4848714954184057E+01
     480.0000000000000000   1.5074136573356158E+01
     490.0000000000000000   1.5299343962736902E+01
     500.0000000000000000   1.5524335173080289E+01
     510.0000000000000000   1.5749108789813127E+01
     510.9989999999999668   1.5771551679368496E+01
     511.0009999999999195   1.5771596607889901E+01
     520.0000000000000000   1.5973663864909444E+01
     530.0000000000000000   1.6197999857448583E+01
     540.0000000000000000   1.6422116581714707E+01
     550.0000000000000000   1.6646014161752493E+01
     560.0000000000000000   1.6869692991560338E+01
     570.0000000000000000   1.7093153700140217E+01
     580.0000000000000000   1.7316397120804545E+01
     590.0000000000000000   1.7539424264145371E+01
     600.0000000000000000   1.7762236294256837E+01
     610.0000000000000000   1.7984834507749973E+01
     620.0000000000000000   1.8207220315251796E+01
     630.0000000000000000   1.8429395225049049E+01
     640.0000000000000000   1.8651360828660366E+01
     650.0000000000000000   1.8873118788060335E+01
     660.0000000000000000   1.9094670824376930E+01
     670.0000000000000000   1.9316018707918534E+01
     680.0000000000000000   1.9537164249304524E+01
     690.0000000000000000   1.9758109291659540E+01
     700.0000000000000000   1.9978855703668579E+01
     710.0000000000000000   2.0199405373464451E+01
     720.0000000000000000   2.0419760203185842E+01
     730.0000000000000000   2.0639922104205180E+01
     740.0000000000000000   2.0859892992874144E+01
     750.0000000000000000   2.1079674786805196E+01
     760.0000000000000000   2.1299269401560160E+01
     770.0000000000000000   2.1518678747764536E+01
     780.0000000000000000   2.1737904728545683E+01
     790.0000000000000000   2.1956949237307036E+01
     800.0000000000000000   2.2175814155764261E+01
     810.0000000000000000   2.2394501352248817E+01
     820.0000000000000000   2.2613012680210488E+01
     830.0000000000000000   2.2831349976949124E+01
     840.0000000000000000   2.3049515062492794E+01
     850.0000000000000000   2.3267509738661040E+01
     860.0000000000000000   2.3485335788258226E+01
     870.0000000000000000   2.3702994974382506E+01
     880.0000000000000000   2.3920489039880522E+01
     890.0000000000000000   2.4137819706862590E+01
     900.0000000000000000   2.4354988676345332E+01
     910.0000000000000000   2.4571997627944278E+01
     920.0000000000000000   2.4788848219664573E+01
     930.0000000000000000   2.5005542087729733E+01
     940.0000000000000000   2.5222080846498191E+01
     950.0000000000000000   2.5438466088391323E+01
     960.0000000000000000   2.5654699383911545E+01
     970.0000000000000000   2.5870782281657586E+01
     980.0000000000000000   2.6086716308408754E+01
     990.0000000000000000   2.6302502969213311E+01
    1000.0000000000000000   2.6518143747531614E+01
    1100.0000000000000000   2.8666839274523863E+01
    1200.0000000000000000   3.0802425864507438E+01
    1300.0000000000000000   3.2926066258914318E+01
    1400.0000000000000000   3.5038762209141161E+01
    1500.0000000000000000   3.7141379904820873E+01
    1600.0000000000000000   3.9234671992500303E+01
    1700.0000000000000000   4.1319295979257483E+01
    1800.0000000000000000   4.3395829395449347E+01
    1843.9990000000000236   4.4307053888481178E+01
    1844.0009999999999764   4.4307095275989504E+01
    1900.0000000000000000   4.5464782229836466E+01
    2000.0000000000000000   4.7526607131088255E+01
    2100.0000000000000000   4.9581707801390017E+01
    2200.0000000000000000   5.1630445932334766E+01
    2300.0000000000000000   5.3673146964986927E+01
    2400.0000000000000000   5.5710104898933793E+01
    2475.9989999999997963   5.7254496592178555E+01
    2476.0010000000002037   5.7254537193944856E+01
    2500.0000000000000000   5.7741586329020976E+01
    2526.9989999999997963   5.8289159087923956E+01
    2527.0010000000002037   5.8289199636356329E+01
    2600.0000000000000000   5.9767833851986659E+01
    2631.9989999999997963   6.0415144151002572E+01
    2632.0010000000002037   6.0415184593267988E+01
    2700.0000000000000000   6.1789068956328528E+01
    2800.0000000000000000   6.3805494486172350E+01
    2871.9989999999997963   6.5254427862391637E+01
    2872.0010000000002037   6.5254468078424054E+01
    2900.0000000000000000   6.5817296752142212E+01
    3000.0000000000000000   6.7824647348141397E+01
    3100.0000000000000000   6.9827704721995588E+01
    3200.0000000000000000   7.1826615538986815E+01
    3300.0000000000000000   7.3821515870375734E+01
    3400.0000000000000000   7.5812532233301425E+01
    3500.0000000000000000   7.7799782503984034E+01
    3600.0000000000000000   7.9783376722440323E+01
    3700.0000000000000000   8.1763417803927666E+01
    3800.0000000000000000   8.3740002169918156E+01
    3900.0000000000000000   8.5713220309381200E+01
    4000.0000000000000000   8.7683157279495916E+01
    4100.0000000000000000   8.9649893153575235E+01
    4200.0000000000000000   9.1613503422757134E+01
    4300.0000000000000000   9.3574059357211070E+01
    4400.0000000000000000   9.5531628331651831E+01
    4500.0000000000000000   9.7486274119407156E+01
    4600.0000000000000000   9.9438057158611471E+01
    4700.0000000000000000   1.0138703479373011E+02
    4800.0000000000000000   1.0333326149509308E+02
    4900.0000000000000000   1.0527678905887115E+02
    5000.0000000000000000   1.0721766678953847E+02
    5100.0000000000000000   1.0915594166667606E+02
    5200.0000000000000000   1.1109165849772562E+02
    5300.0000000000000000   1.1302486005808876E+02
    5400.0000000000000000   1.1495558721987128E+02
    5500.0000000000000000   1.1688387907029717E+02
    5600.0000000000000000   1.1880977302087094E+02
    5700.0000000000000000   1.2073330490809748E+02
    5800.0000000000000000   1.2265450908657706E+02
    5900.0000000000000000   1.2457341851512271E+02
    6000.0000000000000000   1.2649006483658803E+02
    6100.0000000000000000   1.2840447845189573E+02
    6200.0000000000000000   1.3031668858884095E+02
    6300.0000000000000000   1.3222672336602389E+02
    6400.0000000000000000   1.3413460985240951E+02
    6500.0000000000000000   1.3604037412283634E+02
    6600.0000000000000000   1.3794404130980254E+02
    6700.0000000000000000   1.3984563565183143E+02
    6800.0000000000000000   1.4174518053870693E+02
    6900.0000000000000000   1.4364269855378541E+02
    7000.0000000000000000   1.4553821151367111E+02
    7100.0000000000000000   1.4743174050537584E+02
    7200.0000000000000000   1.4932330592122156E+02
    7300.0000000000000000   1.5121292749161239E+02
    7400.0000000000000000   1.5310062431585092E+02
    7500.0000000000000000   1.5498641489113913E+02
    7600.0000000000000000   1.5687031713987179E+02
    7700.0000000000000000   1.5875234843535995E+02
    7800.0000000000000000   1.6063252562611882E+02
    7900.0000000000000000   1.6251086505875224E+02
    8000.0000000000000000   1.6438738259960533E+02
    8100.0000000000000000   1.6626209365518790E+02
    8200.0000000000000000   1.6813501319154130E+02
    8300.0000000000000000   1.7000615575253730E+02
    8400.0000000000000000   1.7187553547720486E+02
    8500.0000000000000000   1.7374316611617357E+02
    8600.0000000000000000   1.7560906104726936E+02
    8700.0000000000000000   1.7747323329027219E+02
    8800.0000000000000000   1.7933569552098743E+02
    8900.0000000000000000   1.8119646008456871E+02
    9000.0000000000000000   1.8305553900820149E+02
    9100.0000000000000000   1.8491294401316352E+02
    9200.0000000000000000   1.8676868652630668E+02
    9300.0000000000000000   1.8862277769097631E+02
    9400.0000000000000000   1.9047522837744845E+02
    9500.0000000000000000   1.9232604919280985E+02
    9600.0000000000000000   1.9417525049047742E+02
    9700.0000000000000000   1.9602284237916464E+02
    9800.0000000000000000   1.9786883473156306E+02
    9900.0000000000000000   1.9971323719252203E+02
   10000.0000000000000000   2.0155605918696506E+02
   11000.0000000000000000   2.1989928380891226E+02
   12000.0000000000000000   2.3809344847074564E+02
   13000.0000000000000000   2.5614527691147600E+02
   14000.0000000000000000   2.7406037454970050E+02
   15000.0000000000000000   2.9184349881894497E+02
   16000.0000000000000000   3.0949875040550472E+02
   17000.0000000000000000   3.2702971196790935E+02
   18000.0000000000000000   3.4443955096682697E+02
   19000.0000000000000000   3.6173109734766626E+02
   20000.0000000000000000   3.7890690321404884E+02
   20005.9989999999997963   3.7900959641383395E+02
   20006.0010000000002037   3.7900963064993107E+02
   21000.0000000000000000   3.9596928935125732E+02
   22000.0000000000000000   4.1292038198242017E+02
   23000.0000000000000000   4.2976214215622031E+02
   24000.0000000000000000   4.4649638949889362E+02
   25000.0000000000000000   4.6312482160106026E+02
   26000.0000000000000000   4.7964902998405466E+02
   27000.0000000000000000   4.9607051335891231E+02
   28000.0000000000000000   5.1239068872054531E+02
   29000.0000000000000000   5.2861090069640659E+02
   30000.0000000000000000   5.4473242947573135E+02
   31000.0000000000000000   5.6075649757629697E+02
   32000.0000000000000000   5.7668427565147670E+02
   33000.0000000000000000   5.9251688750034850E+02
   34000.0000000000000000   6.0825541441280893E+02
   35000.0000000000000000   6.2390089895392055E+02
   36000.0000000000000000   6.3945434827666145E+02
   37000.0000000000000000   6.5491673703194476E+02
   38000.0000000000000000   6.7028900993674074E+02
   39000.0000000000000000   6.8557208404839616E+02
   40000.0000000000000000   7.0076685078522962E+02
   41000.0000000000000000   7.1587417772959202E+02
   42000.0000000000000000   7.3089491024003382E+02
   43000.0000000000000000   7.4582987289971697E+02
   44000.0000000000000000   7.6067987081882154E+02
   45000.0000000000000000   7.7544569081121210E+02
   46000.0000000000000000   7.9012810245963010E+02
   47000.0000000000000000   8.0472785908270055E+02
   48000.0000000000000000   8.1924569861424004E+02
   49000.0000000000000000   8.3368234440619904E+02
   50000.0000000000000000   8.4803850596257587E+02
