<?xml version="1.0" encoding="UTF-8"?>
<root>
  <coefs>
    <version>2</version>
    <dim>3</dim>
    <datH> -3.4067988528992371e-02 -2.9333363153841332e-03  8.0063095954871022e-01 -2.3119851623104343e-01 -1.9591537485285811e-02  6.0733256375067923e-01  1.9597784108346133e-01  1.6261962206475980e-02 -8.8735481769252056e-01  2.2905312007573747e-01  2.0410161941266387e-02  9.3342490562938718e-01 -6.1365161864544486e-02 -6.3555745943727343e-03  3.9242860662947127e-01 -5.7939219932292264e-02 -8.2279656073321258e-03 -3.1734479979752184e-01  1.2523685337464809e-02  1.6243557555195463e-03 -1.8922413130411908e-01  9.5998965891448532e-02  9.5890385521518774e-03 -3.7658040061116983e-02  1.6500233721065538e-01  1.6970157544581581e-02 -3.1590633880405544e-01 -1.3209827897732557e-01 -1.9578462190247864e-02 -4.4063045668159889e-03  3.3697387470302775e-01  1.1483845136756435e-01  1.1061034192021960e-02  1.0483418742633555e-02 -8.7805505444771370e-01  7.8893147380935016e-02  1.4319809464419509e-02  3.4079101146883752e-03 -1.2355147472022814e+00  1.2725796222972374e-01  1.4181669072765994e-02  1.1070350305752857e-02  9.7066709909134852e-02 -1.1418202157737156e-01 -9.4096133958127149e-03 -1.2103285184022440e-02  8.2867367485559262e-01 -1.6233463142500615e-01 -1.4045511214280677e-02 -1.8018339921424341e-02  1.0130602962208617e+00 -1.5739512619927407e-01 -1.2528456716962736e-02 -1.1870138669550905e-02 -4.3714305113751514e-03 -1.2649316236463634e-02 -2.5610006387951963e-03  2.2633404480979120e-03  3.2751468924043181e-01 -6.9219657461434630e-02 -9.4601582877486060e-03  9.1114341001901876e-03 -1.9056312383540908e-01  3.4415660245196827e-01  2.4649871409324033e-02  2.4294957056635227e-02 -1.2122223801540275e+00 -2.3210050728773624e-01 -1.9049533300199886e-02 -1.5926170396228633e-02  8.7689805694225437e-02 -3.6845793981670077e-01 -3.7007277282258243e-02 -1.4156533873765817e-02 -1.2488650465555182e-01 -1.1046680812152339e+00 -2.6258415241126648e-01  1.9956890821007128e-01  3.1624711551973476e-03  4.1994170750720300e-01 -7.2589110137754126e-02  5.6049045353783522e-02  7.5477405417244722e-02 -1.1276048718731056e-01 -4.9038589067658588e-02  8.3199849386801181e-02 -1.3383283376091951e-04  6.2648279444849880e-02  1.7414479856143708e-02 -4.1796145038605223e-02  3.8598434451295634e-02</datH>
    <datS></datS>
    <sizeH>91</sizeH>
    <sizeS>0</sizeS>
    <inds>Dict{Array{Symbol,N} where N,Array{Int64,1}}([:Cr, :p, :B, :s, :Cr, :H] =&gt; [60, 62, 61, 63],[:B, :p, :Cr, :d, :B, :H] =&gt; [44, 45, 46, 47],[:B, :Cr, :B, :O] =&gt; [80, 82, 81, 83],[:B, :p, :B, :p, :Cr, :H] =&gt; [7, 8, 9],[:Cr, :s, :B, :s, :B, :H] =&gt; [28, 30, 29, 31],[:B, :p, :Cr, :s, :B, :H] =&gt; [40, 41, 42, 43],[:Cr, :p, :B, :s, :B, :H] =&gt; [36, 38, 37, 39],[:Cr, :p, :B, :p, :B, :H] =&gt; [48, 50, 49, 51],[:B, :B, :Cr, :O] =&gt; [80, 81, 82, 83],[:B, :p, :Cr, :p, :B, :H] =&gt; [48, 49, 50, 51],[:Cr, :s, :B, :p, :Cr, :H] =&gt; [64, 66, 65, 67],[:B, :s, :Cr, :s, :Cr, :H] =&gt; [52, 53, 54, 55],[:Cr, :d, :B, :p, :Cr, :H] =&gt; [68, 70, 69, 71],[:Cr, :Cr, :B, :O] =&gt; [88, 90, 89, 91],[:Cr, :d, :Cr, :p, :B, :H] =&gt; [22, 23, 24],[:B, :p, :Cr, :p, :Cr, :H] =&gt; [72, 73, 74, 75],[:B, :s, :B, :s, :Cr, :H] =&gt; [1, 2, 3],[:B, :Cr, :Cr, :O] =&gt; [76, 77, 78, 79],[:Cr, :p, :Cr, :d, :B, :H] =&gt; [22, 23, 24],[:B, :p, :Cr, :s, :Cr, :H] =&gt; [64, 65, 66, 67],[:Cr, :B, :B, :O] =&gt; [84, 85, 86, 87],[:Cr, :s, :Cr, :p, :B, :H] =&gt; [16, 17, 18],[:Cr, :B, :Cr, :O] =&gt; [88, 89, 90, 91],[:B, :s, :Cr, :p, :Cr, :H] =&gt; [60, 61, 62, 63],[:Cr, :d, :B, :p, :B, :H] =&gt; [44, 46, 45, 47],[:Cr, :s, :Cr, :s, :B, :H] =&gt; [10, 11, 12],[:B, :s, :Cr, :d, :B, :H] =&gt; [32, 33, 34, 35],[:Cr, :d, :Cr, :d, :B, :H] =&gt; [19, 20, 21],[:B, :s, :Cr, :d, :Cr, :H] =&gt; [56, 57, 58, 59],[:B, :s, :B, :p, :Cr, :H] =&gt; [4, 5, 6],[:Cr, :p, :Cr, :s, :B, :H] =&gt; [16, 17, 18],[:B, :p, :Cr, :d, :Cr, :H] =&gt; [68, 69, 70, 71],[:Cr, :s, :Cr, :d, :B, :H] =&gt; [13, 14, 15],[:Cr, :p, :Cr, :p, :B, :H] =&gt; [25, 26, 27],[:Cr, :d, :B, :s, :B, :H] =&gt; [32, 34, 33, 35],[:Cr, :d, :Cr, :s, :B, :H] =&gt; [13, 14, 15],[:Cr, :d, :B, :s, :Cr, :H] =&gt; [56, 58, 57, 59],[:Cr, :p, :B, :p, :Cr, :H] =&gt; [72, 74, 73, 75],[:Cr, :s, :B, :s, :Cr, :H] =&gt; [52, 54, 53, 55],[:Cr, :s, :B, :p, :B, :H] =&gt; [40, 42, 41, 43],[:B, :p, :B, :s, :Cr, :H] =&gt; [4, 5, 6],[:B, :s, :Cr, :s, :B, :H] =&gt; [28, 29, 30, 31],[:B, :s, :Cr, :p, :B, :H] =&gt; [36, 37, 38, 39])</inds>
    <names>B  Cr  </names>
    <cutoff>18.01</cutoff>
    <min_dist>2.7296790278995666</min_dist>
    <maxmin_val_train>[:Cr, :p, :B, :s, :Cr, :H] =&gt; (1.0e7, -1.0e7)
[:B, :p, :Cr, :d, :B, :H] =&gt; (1.0e7, -1.0e7)
[:B, :Cr, :B, :O] =&gt; (1.0e7, -1.0e7)
[:B, :p, :B, :p, :Cr, :H] =&gt; (1.0e7, -1.0e7)
[:Cr, :s, :B, :s, :B, :H] =&gt; (1.0e7, -1.0e7)
[:B, :p, :Cr, :s, :B, :H] =&gt; (1.0e7, -1.0e7)
[:Cr, :p, :B, :s, :B, :H] =&gt; (1.0e7, -1.0e7)
[:Cr, :p, :B, :p, :B, :H] =&gt; (1.0e7, -1.0e7)
[:B, :B, :Cr, :O] =&gt; (1.0e7, -1.0e7)
[:B, :p, :Cr, :p, :B, :H] =&gt; (1.0e7, -1.0e7)
[:Cr, :s, :B, :p, :Cr, :H] =&gt; (1.0e7, -1.0e7)
[:B, :s, :Cr, :s, :Cr, :H] =&gt; (1.0e7, -1.0e7)
[:Cr, :d, :B, :p, :Cr, :H] =&gt; (1.0e7, -1.0e7)
[:Cr, :Cr, :B, :O] =&gt; (1.0e7, -1.0e7)
[:Cr, :d, :Cr, :p, :B, :H] =&gt; (1.0e7, -1.0e7)
[:B, :p, :Cr, :p, :Cr, :H] =&gt; (1.0e7, -1.0e7)
[:B, :s, :B, :s, :Cr, :H] =&gt; (1.0e7, -1.0e7)
[:B, :Cr, :Cr, :O] =&gt; (1.0e7, -1.0e7)
[:Cr, :p, :Cr, :d, :B, :H] =&gt; (1.0e7, -1.0e7)
[:B, :p, :Cr, :s, :Cr, :H] =&gt; (1.0e7, -1.0e7)
[:Cr, :B, :B, :O] =&gt; (1.0e7, -1.0e7)
[:Cr, :s, :Cr, :p, :B, :H] =&gt; (1.0e7, -1.0e7)
[:Cr, :B, :Cr, :O] =&gt; (1.0e7, -1.0e7)
[:B, :s, :Cr, :p, :Cr, :H] =&gt; (1.0e7, -1.0e7)
[:Cr, :d, :B, :p, :B, :H] =&gt; (1.0e7, -1.0e7)
[:Cr, :s, :Cr, :s, :B, :H] =&gt; (1.0e7, -1.0e7)
[:B, :s, :Cr, :d, :B, :H] =&gt; (1.0e7, -1.0e7)
[:Cr, :d, :Cr, :d, :B, :H] =&gt; (1.0e7, -1.0e7)
[:B, :s, :Cr, :d, :Cr, :H] =&gt; (1.0e7, -1.0e7)
[:B, :s, :B, :p, :Cr, :H] =&gt; (1.0e7, -1.0e7)
[:Cr, :p, :Cr, :s, :B, :H] =&gt; (1.0e7, -1.0e7)
[:B, :p, :Cr, :d, :Cr, :H] =&gt; (1.0e7, -1.0e7)
[:Cr, :s, :Cr, :d, :B, :H] =&gt; (1.0e7, -1.0e7)
[:Cr, :p, :Cr, :p, :B, :H] =&gt; (1.0e7, -1.0e7)
[:Cr, :d, :B, :s, :B, :H] =&gt; (1.0e7, -1.0e7)
[:Cr, :d, :Cr, :s, :B, :H] =&gt; (1.0e7, -1.0e7)
[:Cr, :d, :B, :s, :Cr, :H] =&gt; (1.0e7, -1.0e7)
[:Cr, :p, :B, :p, :Cr, :H] =&gt; (1.0e7, -1.0e7)
[:Cr, :s, :B, :s, :Cr, :H] =&gt; (1.0e7, -1.0e7)
[:Cr, :s, :B, :p, :B, :H] =&gt; (1.0e7, -1.0e7)
[:B, :p, :B, :s, :Cr, :H] =&gt; (1.0e7, -1.0e7)
[:B, :s, :Cr, :s, :B, :H] =&gt; (1.0e7, -1.0e7)
[:B, :s, :Cr, :p, :B, :H] =&gt; (1.0e7, -1.0e7)
</maxmin_val_train>
    <dist_frontier>(:B, :B, :Cr) =&gt; [[2.718825999999999, 2.7936056341570925, 2.7936056341570925], [2.718826, 2.7286051232, 3.8519216939898047]]
(:B, :B, :B) =&gt; [[3.4624525509310424, 3.7641586052755267, 3.7641586052755267], [3.7641586052755267, 3.4624525509310424, 3.7641586052755267], [3.8554223052780774, 3.233240418083188, 3.233240418083188], [3.233240418083188, 3.233240418083188, 3.8554223052780774], [4.228460811764192, 2.7215349966882685, 2.9934887879925784], [2.9934887879925784, 2.7215349966882685, 4.228460811764192], [2.7215349966882685, 2.9934887879925784, 4.228460811764192], [5.882183344084406, 2.9166104360567022, 2.9785831582329307], [2.9166104360567022, 2.9785831582329307, 5.882183344084406], [2.9785831582329307, 2.9166104360567022, 5.882183344084406], [5.4572102464, 2.718825999999999, 6.096979456393891], [6.797065, 2.718825999999999, 4.078239000000001], [6.096979456393891, 2.718825999999999, 5.4572102464], [2.718825999999999, 5.4572102464, 6.096979456393891], [2.718825999999999, 4.078239000000001, 6.797065], [4.078239000000001, 2.718825999999999, 6.797065]]
(:B, :Cr, :B) =&gt; [[2.7936056341570925, 2.718825999999999, 2.7936056341570925], [2.7286051232, 2.718826, 3.8519216939898047], [3.8519216939898047, 2.718826, 2.7286051232]]
(:Cr, :Cr, :B) =&gt; [[2.6398349999999993, 2.7746010418493503, 2.7746010418493503], [2.639835, 2.7286051232, 3.796579347989225]]
(:Cr, :Cr, :Cr) =&gt; [[6.159987355128531, 3.7720352170935594, 3.7722941009397988], [3.7722941009397988, 3.7720352170935594, 6.159987355128531], [3.7720352170935594, 3.7722942697152937, 6.159987311168713], [5.3533800168, 3.7854113121478337, 3.7854113121478337], [3.7854113121478337, 3.7854113121478337, 5.3533800168], [3.7854113121478337, 4.302101468514276, 4.302101468514276], [4.302101468514276, 3.7854113121478337, 4.302101468514276], [3.9365836528188094, 3.9365836527, 3.936583653082207], [6.390674327537325, 3.6896575429139506, 3.689657542964367], [3.689657542964367, 3.6896575429139506, 6.390674327537325], [5.4572102464, 2.6398349999999993, 6.062167310511823], [6.5995875, 2.6398349999999993, 3.959752500000001], [6.062167310511823, 2.6398349999999993, 5.4572102464], [2.6398349999999993, 5.4572102464, 6.062167310511823], [2.6398349999999993, 3.959752500000001, 6.5995875], [3.959752500000001, 2.6398349999999993, 6.5995875]]
(:B, :Cr, :Cr) =&gt; [[2.7746010418493503, 2.7746010418493503, 2.6398349999999993], [2.7286051232, 3.796579347989225, 2.639835], [3.796579347989225, 2.7286051232, 2.639835]]
(:Cr, :B, :B) =&gt; [[2.7936056341570925, 2.7936056341570925, 2.718825999999999], [2.7286051232, 3.8519216939898047, 2.718826], [3.8519216939898047, 2.7286051232, 2.718826]]
(:Cr, :B, :Cr) =&gt; [[2.7746010418493503, 2.6398349999999993, 2.7746010418493503], [2.7286051232, 2.639835, 3.796579347989225], [3.796579347989225, 2.639835, 2.7286051232]]
</dist_frontier>
  </coefs>
</root>
