P6_3/mmc     24        0.00000   0.00000   0.00000
   1.000000000000000   0.000000000000000   0.000000000000000
   0.000000000000000   1.000000000000000   0.000000000000000
   0.000000000000000   0.000000000000000   1.000000000000000
   0.500000000000000  -0.866025403784439   0.000000000000000
   0.866025403784439   0.500000000000000   0.000000000000000
   0.000000000000000   0.000000000000000   1.000000000000000
  -0.500000000000000  -0.866025403784439   0.000000000000000
   0.866025403784439  -0.500000000000000   0.000000000000000
   0.000000000000000   0.000000000000000   1.000000000000000
  -1.000000000000000   0.000000000000000   0.000000000000000
   0.000000000000000  -1.000000000000000   0.000000000000000
   0.000000000000000   0.000000000000000   1.000000000000000
  -0.500000000000000   0.866025403784439   0.000000000000000
  -0.866025403784439  -0.500000000000000   0.000000000000000
   0.000000000000000   0.000000000000000   1.000000000000000
   0.500000000000000   0.866025403784439   0.000000000000000
  -0.866025403784439   0.500000000000000   0.000000000000000
   0.000000000000000   0.000000000000000   1.000000000000000
  -0.500000000000000  -0.866025403784439   0.000000000000000
  -0.866025403784439   0.500000000000000   0.000000000000000
   0.000000000000000   0.000000000000000  -1.000000000000000
   0.500000000000000  -0.866025403784439   0.000000000000000
  -0.866025403784439  -0.500000000000000   0.000000000000000
   0.000000000000000   0.000000000000000  -1.000000000000000
   1.000000000000000   0.000000000000000   0.000000000000000
   0.000000000000000  -1.000000000000000   0.000000000000000
   0.000000000000000   0.000000000000000  -1.000000000000000
   0.500000000000000   0.866025403784438   0.000000000000000
   0.866025403784438  -0.500000000000000   0.000000000000000
   0.000000000000000   0.000000000000000  -1.000000000000000
  -0.500000000000000   0.866025403784438   0.000000000000000
   0.866025403784438   0.500000000000000   0.000000000000000
   0.000000000000000   0.000000000000000  -1.000000000000000
  -1.000000000000000   0.000000000000000   0.000000000000000
   0.000000000000000   1.000000000000000   0.000000000000000
   0.000000000000000   0.000000000000000  -1.000000000000000
  -1.000000000000000   0.000000000000000   0.000000000000000
   0.000000000000000  -1.000000000000000   0.000000000000000
   0.000000000000000   0.000000000000000  -1.000000000000000
  -0.500000000000000   0.866025403784439   0.000000000000000
  -0.866025403784439  -0.500000000000000   0.000000000000000
   0.000000000000000   0.000000000000000  -1.000000000000000
   0.500000000000000   0.866025403784439   0.000000000000000
  -0.866025403784439   0.500000000000000   0.000000000000000
   0.000000000000000   0.000000000000000  -1.000000000000000
   1.000000000000000   0.000000000000000   0.000000000000000
   0.000000000000000   1.000000000000000   0.000000000000000
   0.000000000000000   0.000000000000000  -1.000000000000000
   0.500000000000000  -0.866025403784439   0.000000000000000
   0.866025403784439   0.500000000000000   0.000000000000000
   0.000000000000000   0.000000000000000  -1.000000000000000
  -0.500000000000000  -0.866025403784439   0.000000000000000
   0.866025403784439  -0.500000000000000   0.000000000000000
   0.000000000000000   0.000000000000000  -1.000000000000000
   0.500000000000000   0.866025403784439   0.000000000000000
   0.866025403784439  -0.500000000000000   0.000000000000000
   0.000000000000000   0.000000000000000   1.000000000000000
  -0.500000000000000   0.866025403784439   0.000000000000000
   0.866025403784439   0.500000000000000   0.000000000000000
   0.000000000000000   0.000000000000000   1.000000000000000
  -1.000000000000000   0.000000000000000   0.000000000000000
   0.000000000000000   1.000000000000000   0.000000000000000
   0.000000000000000   0.000000000000000   1.000000000000000
  -0.500000000000000  -0.866025403784438   0.000000000000000
  -0.866025403784438   0.500000000000000   0.000000000000000
   0.000000000000000   0.000000000000000   1.000000000000000
   0.500000000000000  -0.866025403784438   0.000000000000000
  -0.866025403784438  -0.500000000000000   0.000000000000000
   0.000000000000000   0.000000000000000   1.000000000000000
   1.000000000000000   0.000000000000000   0.000000000000000
   0.000000000000000  -1.000000000000000   0.000000000000000
   0.000000000000000   0.000000000000000   1.000000000000000
 0.00000 0.00000 0.00000 0.00000 0.00000 0.50000 0.00000 0.00000 0.00000
 0.00000 0.00000 0.50000 0.00000 0.00000 0.00000 0.00000 0.00000 0.50000
 0.00000 0.00000 0.00000 0.00000 0.00000 0.50000 0.00000 0.00000 0.00000
 0.00000 0.00000 0.50000 0.00000 0.00000 0.00000 0.00000 0.00000 0.50000
 0.00000 0.00000 0.00000 0.00000 0.00000 0.50000 0.00000 0.00000 0.00000
 0.00000 0.00000 0.50000 0.00000 0.00000 0.00000 0.00000 0.00000 0.50000
 0.00000 0.00000 0.00000 0.00000 0.00000 0.50000 0.00000 0.00000 0.00000
 0.00000 0.00000 0.50000 0.00000 0.00000 0.00000 0.00000 0.00000 0.50000
